374073
375518
375721
374973
375075
374819
375232
375128
374908
375968
374799
375094
375023
374885
375522
375210
375701
374968
375378
374388
374850
376011
375177
374556
376035
375234
375172
375159
374860
374679
375490
374711
374726
375860
374550
375576
375677
374838
374718
375871
374520
374634
375180
374433
374721
375203
375113
374443
375048
376411
375080
374591
375791
374126
374806
375340
374633
375116
373777
374851
375137
374478
374832
373476
375321
374609
374300
374923
374737
375760
374683
375326
374592
375091
374744
376187
374707
374835
375632
375370
375295
374831
375149
374583
375166
374803
375376
375127
374926
374626
375218
374756
375139
374946
374329
374913
374367
374969
375379
375201
374926
374321
375587
375062
374846
374513
375327
375273
374877
374932
374267
374574
375223
376087
375956
375598
374538
375361
375269
374907
375361
374728
375553
375418
374377
375833
374600
375209
375472
375008
375249
374366
374339
375046
375124
376066
374696
374871
374518
375288
375062
375572
375140
374633
374360
375265
375292
374662
374935
374955
375543
375074
375145
375184
375266
375568
374833
374359
374574
374476
374675
375131
374819
375148
375569
375316
374821
375714
374368
374071
374616
374172
375561
374177
375403
374585
374389
374347
375943
375846
375102
375275
374607
375101
374811
375428
375319
375782
375352
375308
374304
374087
375549
374999
374529
374899
375268
375583
375012
375646
374975
374765
375285
374658
375251
374510
375240
374825
375463
376045
375235
375384
374823
374774
374876
374177
374785
374606
375655
373807
374859
374434
373999
375113
375003
374096
374302
375016
375683
375217
375216
374662
375395
375584
373648
375069
374345
374447
375268
374301
375174
375034
375340
374750
375760
375269
374552
375889
374209
375449
375893
374190
374467
375076
375196
374358
374193
374503
374527
374180
375435
374585
374647
375098
375566
374772
375464
374966
374835
375391
374824
374902
375184
375410
374254
375070
374518
374138
374911
375316
374883
374583
375841
375210
374875
374735
374232
374856
374522
374893
375067
374692
375449
375196
374810
374800
374743
374456
375262
374329
375320
374898
376322
374992
373616
375256
374611
375541
374854
375670
374778
375188
375170
375287
376068
375373
375359
374076
374520
374620
375510
374573
375082
375512
374996
374419
375891
375326
374766
375297
374898
375035
375779
374423
375451
374839
374526
374464
375030
375292
374898
374525
374454
374879
374973
374589
375117
374910
374271
375293
375202
375815
374657
375506
374538
375457
375537
374696
375097
375361
374982
374154
375993
375455
374863
375042
375161
375623
374485
375283
374767
375632
375452
375706
374537
375497
374649
373568
374672
375135
375439
375533
375307
374569
375753
374926
375352
374787
375462
375328
375025
374295
375673
374252
375845
375335
373927
374141
375499
375265
375213
375523
375322
374601
375173
374856
375321
374505
375007
375341
374247
375577
375403
375122
375479
374775
374428
375256
374254
375126
375003
373997
374899
373946
375039
374686
374231
374834
374540
375326
374705
375210
375063
375364
375231
374475
375111
375112
374945
375762
375348
374983
375324
374581
374519
375005
374729
376388
375243
375337
375343
375295
375716
374938
375305
374348
374809
374896
375312
375350
375634
374565
375537
375431
375197
374470
374864
374115
374269
374599
375833
375407
375049
374432
375400
374748
375002
375158
374909
375511
375128
374621
375741
374726
375070
375079
375075
375292
374608
375206
374819
375050
374832
375208
374977
374877
375249
375309
375304
375186
374990
374461
375827
376080
375469
375659
374770
374968
374769
374988
374465
374646
373700
374903
375143
375810
375031
375153
374815
375200
374753
374476
375872
374336
375087
374852
375447
374567
373750
374392
375086
375207
374914
374343
374635
374155
374986
374655
374280
374710
375064
375566
374375
374847
375244
374827
374460
375252
375273
374121
374926
375535
375365
374486
375096
374825
374170
375141
375605
374228
374843
375807
375171
375417
375452
375199
374943
374937
375249
375141
374434
375285
375605
373798
375989
374969
375197
374688
375570
375107
375408
375355
374570
374996
375029
374464
375147
374663
374638
375707
374486
375145
375002
375747
374543
375408
374702
374581
375669
375272
376527
374487
375698
374531
375047
374177
375682
375756
374673
375859
374032
375037
375788
375140
374719
375043
374065
374809
375245
375221
375087
375423
374437
375001
374790
375901
375218
375309
374485
375344
375504
374909
374127
375546
374961
374084
374712
375596
374862
374816
374822
374894
375504
375714
375144
375746
375015
374560
374232
374454
374465
375682
374601
375272
374264
374960
375137
375058
374762
374682
374565
374796
374036
375030
375386
373970
375044
373860
375161
374265
374983
375667
375255
374675
375858
375101
374981
374956
374527
375190
375800
375189
374752
374565
374562
374913
374860
374266
374902
374931
374507
374884
375314
373943
374819
374624
375353
375612
375321
374972
375641
375380
376142
375621
374281
374785
374979
375241
375673
374580
375101
375912
374649
374450
375533
375128
375683
376082
375357
375220
375326
374724
374889
375251
375618
374086
374105
374762
374686
375038
375136
375912
375548
374729
373941
374393
375326
374903
375400
374454
375524
374972
374352
374810
375500
375525
375695
375546
375654
375203
375227
375106
375629
375722
374789
375318
373700
374039
375110
374224
374872
375583
375297
374916
375408
374706
374901
375117
374377
374673
374870
374482
375580
375122
374872
375298
375264
374298
374175
375070
375211
374490
374762
375143
375837
375093
374584
375436
374907
374519
375496
374682
375329
374796
374576
374392
374888
375434
375503
374929
375672
374923
376083
374231
375126
375460
374752
375342
374534
374609
374485
374930
374428
375370
374889
375123
375026
375158
375323
374835
374476
375194
375355
375034
375320
374605
374963
374917
375453
376419
375685
375057
375766
375066
374791
375703
374421
375693
374572
375102
375430
375343
375432
374298
374840
375477
374986
375107
374868
374346
374116
374246
374350
374432
374316
375710
374965
375583
374943
374692
374742
374993
375905
375269
374688
375291
374664
374914
375427
374472
375304
375033
376058
374484
375158
374674
374247
375782
374552
373942
376280
375628
374725
375613
374539
374377
375591
374786
375416
375123
374910
375061
375697
373885
374849
375079
374483
375174
374090
375252
375076
375536
374640
374693
374923
375667
374970
374612
375958
374270
374902
375327
374503
375873
375404
374476
374782
374719
374316
375358
374782
374675
375479
375394
374903
373988
374769
374855
375256
375448
375011
375151
376078
374651
374091
375063
374343
374636
374879
374916
374888
374804
374698
375632
375085
374839
375125
375076
374785
374866
375138
374731
374956
374336
375624
375995
375065
374325
374125
374491
374946
374304
375493
375508
374817
374749
374850
374538
375036
374803
374962
375939
376010
373657
374747
375082
374558
374507
375530
374552
375390
375146
375722
374666
376059
374707
374446
374864
374576
374545
375178
375121
374574
375186
374968
374546
374746
374784
374948
375185
