749924
749481
749110
748993
749938
749142
750409
749817
749981
749935
749917
750115
749956
750323
749859
750184
750431
750769
749844
749898
750797
750100
749816
750101
749682
750406
750321
750195
749675
749451
750165
749920
750216
750438
750638
749972
750078
749885
749639
750102
750139
750698
749803
750092
750107
750036
750129
749063
749486
749537
749763
749314
749740
749658
750554
749612
750353
750492
749559
750505
750037
750054
749665
749797
750715
750187
749847
750418
750578
749629
750029
749781
750156
750450
749952
750133
750271
750169
749893
749703
749567
749398
749609
750136
750155
749271
750185
749357
748959
750572
750054
750462
749746
749692
749921
749462
749934
749608
750113
750278
749549
750376
750263
750276
750622
750096
749958
751115
750519
749937
750400
750031
750702
750214
750122
749449
749864
750366
750505
750249
750760
749542
749348
750499
749404
749508
750060
749924
750179
750145
750039
750633
750127
750111
749644
750456
749868
750347
749606
749561
749866
750319
749024
749490
750093
749456
749397
749676
749574
749600
749480
751186
749282
749345
750159
749597
750447
749703
749200
749248
750087
750201
749886
750098
749612
749867
749889
749862
748790
749869
750455
750333
750177
749655
750031
748931
750679
749830
749885
749286
749651
750489
749360
749984
749730
750977
749866
749753
750280
749775
750129
749526
749560
749913
750094
749970
750180
750718
749630
750143
750145
749884
750063
750126
750255
749641
750005
750662
750305
749927
750233
749277
749948
750011
750239
749814
750400
749455
749624
749734
750562
749438
750335
749461
749759
750765
750765
749673
749507
750002
749651
749239
749765
751052
750055
750320
750482
749344
750331
749955
750197
750340
749722
750000
749455
749551
750204
749465
750143
749689
749369
750255
750908
749316
750153
749623
749863
749699
749749
749998
749838
749231
749858
749643
749397
750135
750721
750096
749793
750736
750416
750713
750741
749212
749507
750108
750377
750690
750646
749846
749872
750526
750128
750079
749033
749756
750230
749867
750166
749909
749317
749829
750059
749529
749931
749492
750242
750571
750364
749471
750221
749633
749746
750494
749780
750069
749877
749733
750758
750089
750411
750142
749865
749230
750098
749921
749304
750454
749470
749683
749413
750561
749196
750389
750290
750212
749657
750309
750752
749594
750260
749900
750311
750353
749933
749731
749891
749465
749544
749734
750824
750079
750799
749219
750194
749974
750303
750003
749755
750118
749950
750322
749577
749744
749307
749846
749861
750292
750510
749804
750686
750860
749910
749847
750897
749802
750145
749940
749707
749722
749698
749536
750201
750480
750352
750535
749697
750167
750586
750381
749863
750345
750323
750450
749949
750500
749995
749681
749523
750184
750010
750494
750191
750215
750184
749460
750432
750364
750723
749237
750098
750051
749986
749978
749759
750413
750122
750751
749856
749457
750430
749766
750203
750698
750602
749089
750037
750209
750036
749433
749346
749368
750146
749924
749897
750730
750078
749668
750268
749395
748846
749862
749860
750439
750937
749851
749955
749520
750093
750164
750157
749772
749692
750078
750677
749674
749655
750027
750363
750131
750737
750482
750098
750424
750224
749965
750089
749687
749957
749033
749469
750651
750152
749350
749645
749755
749909
750336
749684
749958
750096
750843
750480
748965
749791
749063
750523
750291
750032
750580
749580
749678
749834
749854
749082
749874
749661
750298
750037
750561
749599
749899
750825
749640
749948
750777
749721
749529
749701
749949
749680
750336
750492
750098
750220
749973
750003
750479
749907
749991
749115
749266
749098
749540
749203
749968
749916
749877
750569
749279
750038
749272
750598
750159
749294
750222
749808
750284
750438
750149
749695
749873
750296
751106
749642
749947
750736
749570
749638
750356
750010
749873
750275
749451
749084
749906
749900
749932
750467
749536
749476
749843
750173
750355
749731
749989
750751
750042
749588
750328
750127
749641
750581
749827
749624
749301
749377
750617
750264
750968
750023
750059
749795
750380
750230
750598
750507
750374
750069
749643
749743
750307
749376
751147
749776
749949
749951
749575
750522
749790
749856
749951
749983
750158
751143
749941
750292
750725
749935
750061
749242
749818
749757
749923
750431
750151
750107
750146
749687
749186
749768
749766
750003
749948
750063
749883
749815
749924
750132
750138
749397
749904
749883
749303
749344
749911
750358
749594
750199
749958
750027
750057
750002
750285
750029
750159
750063
750477
750301
750264
749313
750148
749567
750259
749573
749997
749290
749428
749048
750120
749644
750052
749714
750356
749312
749296
749829
750167
749597
750704
749545
750353
750160
750868
750366
750274
748903
749778
750048
749723
749948
750202
750311
750116
749467
750474
750187
750000
749884
750821
750356
749684
749568
749534
749758
750063
750708
749474
750684
749771
749983
749507
750285
750689
749641
750182
750399
749909
748913
750163
750473
750492
750112
750555
749920
749267
750837
749783
749970
749826
749903
749471
749916
750594
750241
750104
750057
750112
749553
749990
749766
749646
750176
750141
750471
750220
750448
749343
750326
749960
750259
750081
750016
750767
750037
750696
749766
749379
750113
749842
750153
750399
749912
750402
750037
750862
749868
750331
749770
750104
750293
749459
750554
750291
749979
750774
750498
749705
749853
751017
749714
750079
750199
750705
749718
749689
750071
750591
749620
749710
750417
750594
750476
749930
750153
749812
749611
750478
750307
750402
749596
750093
750759
750411
750838
750722
749797
749548
749541
749818
750956
749347
749960
750140
750088
750256
748885
749929
749819
749436
749548
750191
749721
750251
749594
749837
749664
749769
750770
749519
749803
749650
750445
750095
749686
749526
750390
750244
749870
750414
750611
750603
749764
749900
750319
749902
750023
750524
749290
749269
749571
750238
749675
751066
749624
750554
750427
749656
749869
750170
749948
749062
751057
750044
749643
749914
750175
749374
749972
751094
749634
749172
749693
749118
749548
749457
749569
749129
749151
749843
750010
749567
749890
749876
749926
749634
749996
750624
749549
749304
750463
750116
749872
750817
749956
750017
750756
749223
750119
750084
749839
749995
750228
750718
749673
750288
750591
749860
750311
750090
750889
749275
749683
750017
750159
749284
749947
750397
750032
750031
750158
750150
749792
750085
748756
750246
749814
750008
750382
749443
749470
749639
749575
750144
750122
750738
749866
749712
750177
749309
749753
750828
750449
749840
749432
750388
750374
750373
750275
750103
749805
750270
749984
749786
749505
749783
750212
750036
749499
750621
749311
750516
749981
750359
749960
749897
750455
750189
750226
749514
750666
749862
749578
749955
749649
750212
750929
750503
750285
750759
750084
750585
750215
750087
749559
749839
749556
750118
749864
749622
749607
749928
749583
749884
750205
750397
749074
750378
751171
749705
749822
749815
750198
750567
750506
749864
749886
749577
749806
749874
750664
750035
750201
750594
749993
750210
750255
750442
749908
750305
