624503
624885
625540
625216
626055
624918
625271
624724
625105
624672
625173
625477
625494
624970
624713
624131
624057
624821
625152
625635
624688
625704
624915
625273
624174
625052
625402
625975
625780
626140
624845
624969
624792
625227
625027
625276
625485
624630
625237
624935
625647
625012
625148
625879
626002
625046
625615
625006
624545
625129
625306
624613
624222
625077
624915
625294
624663
625369
624953
626037
625117
624719
624910
625214
625220
624393
624690
624330
625252
625361
625165
626000
624937
625409
624909
625167
625167
624213
624391
624251
624331
625163
625366
625196
625113
625886
624915
624206
625653
624534
624480
623973
624990
624870
625121
625145
625025
625037
624861
623976
624146
625402
624725
624416
624336
624901
624791
625252
625268
624866
625783
624568
624796
624972
625830
624448
625036
624392
625312
625507
625370
625293
624410
624172
624899
625663
625213
625511
625118
624508
625156
624760
624684
624095
625625
624574
624151
625225
625214
625463
625284
625048
623677
625282
623804
626314
625381
625517
625352
624663
625767
624604
625819
625710
625388
625238
625130
624884
625262
624790
624658
624505
624168
624792
624981
624324
625330
624811
624831
624633
625819
624938
625476
625458
625136
625776
625294
625416
624994
624563
625431
624837
624178
624937
625466
623910
625920
624899
624494
625391
624897
624980
626095
624767
624880
625145
625371
625170
624746
624603
624529
625180
625442
624276
625508
624599
624907
624785
624964
624417
624387
624928
625184
624377
625283
625455
624998
624578
624427
625568
624510
625354
625022
624143
624379
625172
625829
625396
625010
625307
624650
625433
625321
625467
624907
625809
624450
625013
624922
624950
623843
625313
624719
624119
625369
624507
624718
624465
625260
626783
625576
624852
625482
624828
625139
624259
624847
624864
625288
624877
625589
624822
625031
624635
625275
624987
625164
624856
625238
625042
624854
624256
624810
625723
624884
625918
624824
624481
625178
624961
624984
624935
624833
625259
625248
625502
625271
625405
625154
624387
624618
625505
625151
625541
625517
624932
624871
624741
624539
624579
624952
625347
624602
624399
624010
624420
625389
624900
624856
624518
625313
625330
625165
624764
625807
624317
624572
624651
624288
624285
624477
624689
624836
624242
624881
625161
624198
625935
625315
624982
624250
624213
625048
624545
624294
623908
625828
624977
625298
625495
624813
625483
624640
624010
625156
624963
626025
625011
625130
625957
625293
625235
624823
624865
624710
627047
625515
624458
625025
624737
624781
624664
625183
625198
625174
625196
625676
624888
624438
624937
625092
626012
624884
625377
625160
624553
626097
624884
625269
624626
625728
625544
625236
624604
625806
624994
624634
624807
625237
625776
625153
624472
624618
625426
624966
624794
625127
624156
625113
625969
625368
625096
625486
625109
625092
625072
624827
624364
625335
625001
624767
624086
624838
624424
625142
625110
625025
624515
625369
624940
624986
625092
625170
625266
624498
625495
625639
624311
625259
624772
623621
624850
624638
624957
624874
625220
625282
624689
625983
624170
624432
625323
623844
625756
625400
625504
625283
625294
625234
625520
624462
624379
625724
624400
625006
625384
625188
625243
625225
625497
624418
624921
625075
624757
626054
625323
625793
624646
625751
625500
625140
625420
625627
624577
624664
624983
624875
624760
624899
624802
624388
625336
625100
624950
625648
625390
624843
625254
625250
625257
626246
624709
624974
624912
625774
625352
624810
624830
624461
624933
624935
625428
624496
624737
625284
624713
625322
624738
624392
625241
624887
625526
624246
626021
625404
624881
625294
624913
625528
625598
625233
625054
624917
624103
623079
625615
624716
625906
625080
624217
625663
624188
625018
625004
625110
626055
625261
624960
625140
624643
625260
625279
624983
625467
624596
624743
625760
625309
624150
625659
625211
624759
625317
624169
624853
625314
624475
625150
624797
623821
624535
625576
624770
624430
624745
625404
625109
624493
624866
625232
625360
624800
625304
624253
624730
623790
624737
624572
624392
625021
624988
624931
624601
624942
624166
625243
624985
624943
625081
624622
625544
625751
625040
625799
625247
624765
625108
625121
624772
625668
625688
626131
626064
624521
624840
624227
624730
625088
624459
625344
625304
625178
624079
624609
623554
624924
625102
624612
625984
625137
624350
624692
624541
624679
624764
625615
625398
625335
626011
625633
624302
624965
624940
625819
625438
624821
625119
625331
625424
625790
624746
625573
624885
624823
624636
624553
626176
625420
625277
625342
624595
624448
624680
625056
623691
625132
625619
626035
625428
624804
624508
625054
625375
624366
625481
624323
624967
624512
624329
625039
625163
625933
625226
625425
624602
625635
624465
625154
624956
624446
625765
625718
625115
625347
625075
625064
624464
625663
624239
624380
624150
625057
625067
625413
625098
624276
625068
624340
625144
624727
626053
624675
625480
625708
624535
624871
625886
625008
625183
624867
624782
624839
624819
625740
625611
624630
624997
624201
624722
624712
624388
625755
625265
625005
624985
625105
624338
624945
624872
625776
624667
625225
624932
625255
624834
624718
624925
624928
624767
625255
624921
624634
624624
624840
625619
624977
624922
625580
624747
624741
625244
625270
624410
624811
624508
625245
624591
624235
624145
625769
624601
624209
625167
624537
624651
624722
625267
624650
624385
625755
625262
625263
625169
624254
625357
625243
624908
625916
625642
625050
625573
625203
625313
624422
625111
624678
624469
625352
624147
624965
624562
624671
624846
624965
625080
625437
625904
625344
625171
625523
624409
625410
625827
625520
625042
623952
625361
625530
624467
625420
625695
624145
625111
624831
624681
625241
624702
625025
624977
624848
624509
624892
624376
624674
624698
624974
625630
624692
624938
624824
625226
624688
624893
624941
625593
625187
625222
624643
624790
624946
625277
625471
624556
624995
623758
624959
624848
624850
624538
625518
625002
625327
624816
624948
626348
624335
625291
624309
625168
625680
624986
624674
625108
624933
625304
624874
624779
625006
624927
625625
625298
625186
624192
624131
625105
624706
624163
624194
625108
625337
625011
624829
625347
624635
625373
625531
625169
624804
625705
625083
625521
626258
625315
624036
625132
625414
625947
624900
624345
624956
625247
625215
625667
624558
624433
625326
625039
624990
625058
624349
625455
626104
624526
624861
625214
625572
624324
625107
625424
624969
624053
625370
624365
624901
625550
625555
624488
625069
624994
625649
625039
625085
624216
625075
623959
625087
625531
625284
625548
625493
625053
624482
625267
625832
624580
624241
624330
624768
625480
624580
624746
624089
625412
626024
625052
625932
625620
624777
624875
623997
624655
624935
625321
626101
625172
624841
624631
624347
624985
625220
625191
625019
625278
624490
625404
624305
624310
624303
624012
624912
625927
624568
624451
625294
624821
624397
624865
624341
625221
625317
625147
624617
624825
625293
624834
626059
624514
625242
624784
625498
