300514
299908
300324
299993
300057
300445
300357
299339
300147
300681
299365
300058
299709
299723
300093
299793
300102
299845
300635
299430
300833
300832
300270
299240
299512
299327
300476
300114
300608
300267
299658
299777
299247
299405
300159
300038
300109
299226
299864
299646
300750
300467
299884
299250
299991
299425
299674
299778
299786
300277
299943
300256
299666
300197
300184
300117
300402
299534
299840
299886
300632
299752
299950
299817
299237
300051
299430
299928
300452
299703
300902
299913
300525
300110
299459
299576
300391
299882
301002
300815
299798
299569
299746
300198
299885
299418
299772
299714
300246
300091
300380
300192
300266
299681
299839
300170
300528
299504
300166
299857
300317
300707
300461
300345
300589
299216
300210
300305
299907
299277
300155
299568
299458
299851
299497
299484
299951
299161
301216
299453
299344
300564
300352
299808
300473
300852
299491
299358
300394
299397
300467
299838
299637
300075
299366
299642
300528
299618
299224
300490
299295
299925
299666
300163
300284
299461
299952
300315
299824
300239
299999
299776
300108
300836
299879
299114
299715
299420
300277
299395
299290
299609
300038
299216
300150
300288
300116
299745
299534
300024
299241
300444
300250
300732
299574
299938
299778
300599
300849
300040
299308
299461
300010
299549
299731
300806
299611
299445
300162
300734
299468
300208
300025
299792
299672
300112
299441
300611
300325
300208
300409
300343
299786
300231
300216
300278
299435
299785
299262
300715
300106
300785
300221
299187
299851
299957
300124
300161
300983
300135
300287
300269
299873
300191
299761
300210
300394
299197
300679
300159
300179
299896
299621
299936
300109
301059
300157
300620
300566
300293
300297
300386
299572
299268
299715
300773
299849
300084
299334
299892
299767
300300
299932
300822
300480
300007
300569
299982
300119
300047
299444
300435
299900
299920
300366
299715
299423
299641
299979
299414
300216
300696
300156
298979
300494
299605
300128
300459
299749
299958
299564
298887
299850
299911
300239
299158
299752
299677
299738
300098
299859
299437
299744
299964
299860
300174
299208
300250
298829
300627
299923
299975
300286
299534
299988
299440
299831
299692
299595
300547
299762
299074
300373
300067
300442
299065
299949
299902
299736
299623
300263
300036
299673
299527
300171
300171
300301
300541
300100
300306
299876
301085
299964
300267
299872
300425
300215
300117
299594
300120
299969
300032
300627
300585
299916
299695
299802
300152
299909
299811
300246
299524
300782
300290
299376
300325
299775
300026
300061
299248
299365
299658
299932
299902
300582
299779
300029
300032
299527
299537
299228
299910
300381
299935
299926
300117
299099
300029
300299
300322
300130
299777
299936
299044
299699
299749
300676
301345
298405
299316
299574
299533
300144
300146
299924
299674
299767
300309
299234
299899
300001
299954
300441
300057
300312
299650
299860
300088
299678
300346
299224
299238
300426
299952
300344
299766
299057
300615
299953
299925
300626
300793
299201
300819
300745
299725
299863
299853
300587
300077
299701
300011
300069
299805
299470
299976
299637
300331
299659
299590
300691
299895
299575
298366
299982
300660
300325
300267
300005
300060
300610
300249
300306
299169
299994
300745
300073
300226
300378
300341
300246
300598
299861
299705
300166
300788
300070
300584
299185
299887
299306
299627
299819
299478
299792
300013
299513
300291
299408
299964
299540
301237
299247
299479
300843
300249
300253
300447
299989
300349
300917
299674
299414
300131
300623
300756
299067
299855
300448
298749
299464
299491
299850
299726
299938
300324
300643
299852
299596
299824
299916
299568
299763
300529
299628
299396
299874
300330
300155
299913
300357
299948
299474
300730
299757
299696
299842
299961
300020
300003
300156
300121
300045
300427
299468
300816
300065
300029
300335
299946
300035
300644
300207
299876
300339
299961
299877
300146
300030
300176
299876
299536
299799
300798
300538
299935
299672
298947
299737
300435
300211
300637
300028
300445
299516
298966
300210
300743
299798
300103
299720
299921
300541
300226
299723
299961
299812
300175
299603
299714
300016
299837
300439
300687
299855
300676
300227
300592
300101
299832
300422
300109
300971
299646
299511
300103
299945
299964
299964
299467
300455
299342
300279
299786
299344
300808
300114
299489
299573
300430
299974
300112
300287
299716
299810
300239
300742
300768
299605
299923
299530
299479
300147
299774
299564
299602
300228
299169
300004
300414
300054
300502
299801
299625
300790
299175
300296
300383
299847
300281
299503
300501
299717
299712
300180
300812
300878
299806
299554
300387
300459
299313
299651
300612
300065
300223
300686
299556
299494
299820
299745
300070
300242
300880
299748
300122
299438
299947
300526
300360
300100
299641
300147
300129
300262
300513
300237
300460
300275
299511
300182
300834
299218
299669
300005
299936
300357
299745
299603
300084
299535
300258
300687
300334
300251
300302
299785
299535
300696
300091
299353
300137
299887
299562
299999
300359
299329
300269
299761
300011
299563
299768
300551
300148
300331
299722
299871
299761
300292
301003
299677
300161
300616
300786
299952
299910
299491
299983
299665
299642
300248
299286
299887
299383
300085
300130
299261
300195
298882
299609
300344
299798
299899
300337
299867
300338
300303
300502
299325
300145
300677
299704
300934
299204
300037
299538
299278
300675
299991
299700
299883
299796
299987
299776
300264
300658
299715
299825
300072
299437
299649
299373
299802
299746
300628
299410
299892
299498
300449
300169
299761
299408
300790
300241
299737
299585
299840
300132
300799
300615
300267
300156
299686
300588
300765
299885
300641
300590
299572
300595
300204
300237
300193
299433
300168
300743
299029
299434
300365
300593
299862
299899
300277
300500
300489
300645
300384
299606
300308
300597
300058
299318
300039
299453
300096
300212
300040
299842
299506
300095
299719
299605
300149
300699
300041
299521
299436
300598
300438
299561
299379
300093
300619
300146
300243
300274
300163
299684
299320
300494
300319
299742
300332
299975
299842
300088
299537
299923
300166
300423
300218
298954
300083
299602
300104
299787
300395
300075
299708
299738
300623
299810
300412
299571
300219
299533
299512
300215
300657
300055
299971
300345
299820
300420
299583
300084
299814
299706
299467
300494
300365
299910
299775
299788
300228
299384
300354
301068
300170
299921
300362
299985
299700
299775
300181
300319
300019
300137
299108
300983
300668
299431
299495
300567
300114
300593
300276
300047
300786
300222
299647
300503
300677
299081
299509
299401
300082
299679
300253
299809
300303
299491
300590
299433
299714
299925
299951
300213
300288
300399
299571
299805
299963
299562
300230
299496
300752
299807
299792
299858
300462
300333
300930
299594
299723
300939
298637
300371
300213
300061
300124
299891
299803
299781
299923
300063
300045
300105
299746
300588
299612
300218
300008
299350
299666
300536
299875
299631
299127
300258
299793
300056
299864
299573
299430
299842
298841
299362
300633
300572
299443
299590
300575
299341
299302
299842
300504
300305
300066
299904
