399976
399817
400367
400138
399695
399215
399711
399558
400358
399978
399252
400116
401024
399519
400482
399879
400786
400183
398949
399878
400369
399106
399735
400383
400220
399909
400110
399555
400555
399341
400317
400598
399548
399756
400188
399694
399719
399949
400408
399232
399931
400811
399155
399741
399681
399016
400383
399359
399928
399469
400050
399733
400053
399557
399465
399991
399631
400252
400366
399910
400395
400298
400393
398962
399977
399795
399853
399533
400143
400536
399682
400199
400205
399834
399680
400218
399882
399770
400921
400137
399232
399884
399699
400024
400252
400067
399505
398911
400117
399998
399765
400236
399721
400279
400518
399475
399743
399397
399610
400446
399397
400189
400845
400593
400068
399894
401218
398883
399843
400428
400233
399871
399487
400873
399674
400369
400849
399048
400140
399131
400028
399104
400213
400093
399967
400560
400108
399481
399691
400647
399479
399427
398923
399827
399737
400057
400136
398427
400258
399268
399622
399188
400727
399767
399516
399642
399155
400691
399896
399873
399599
400219
399866
399817
400384
399134
400105
398832
399460
400279
399312
399988
400019
399373
399390
399445
399972
400102
400324
400321
400328
400292
400455
400894
399856
400186
400909
399643
399863
399956
399218
400275
400720
400036
400957
399982
400180
399847
400586
401650
399926
399402
399715
399484
400140
400354
399031
399297
399633
399832
400725
400227
400370
400291
399901
400607
400424
399576
399546
399693
399120
399863
400447
400249
400587
400325
400041
400006
399523
399959
399604
400137
400036
400607
399738
399718
399918
399909
400199
399700
400330
400503
400069
399980
398996
400203
399861
399094
400341
400726
399752
399922
399960
399632
399442
399597
400396
398722
400304
400069
400198
399545
399810
400764
400015
399326
399982
400356
399266
400957
399571
400474
398557
400337
400722
399898
399996
400420
399548
400723
399100
399495
400446
399507
400521
399743
399691
399620
400092
400250
400358
400048
400245
399079
399901
400015
400295
400919
399391
400634
400336
400279
399430
400050
399323
399848
400473
400632
399139
400580
400309
400140
400123
400094
399952
400104
399546
399702
399846
400242
400124
399653
400099
399781
400183
400552
400304
399952
399436
399310
399831
399746
399801
400603
399522
400522
399475
400099
399331
399527
399725
399848
400313
400020
400256
400051
399994
400093
399767
398889
399519
400544
399988
399972
400086
399682
399500
399946
399693
400543
399644
400188
400268
400064
400648
399727
400673
399349
399387
400034
399786
399631
400015
399402
400953
400071
400610
399866
400565
399332
400086
399843
400117
399885
400548
400191
400212
401044
400981
399870
399690
400060
400043
399955
399919
400522
399782
399846
399859
399424
400440
400099
400267
400670
399095
399916
400004
399892
400217
400253
400229
399630
399690
400287
400345
399406
400380
399971
400706
399379
399683
400356
400643
399823
399796
400298
400553
399580
400234
400153
399895
399649
400356
400109
400250
400318
399822
399870
400786
400040
400230
400155
400337
400034
399381
399331
400102
400138
400136
399962
399980
399033
399863
399938
399172
399609
400243
400246
400188
399815
399615
400433
400493
400045
400304
400389
399606
399265
400127
399178
400674
399359
400544
400006
399774
400324
400169
399370
400256
399639
399889
399698
400580
399732
399745
400063
399327
399062
400067
400676
399633
400895
399906
400164
399552
400293
400513
399022
400628
400132
399935
400692
399393
398876
400393
399622
399469
399623
400142
399775
400248
399454
398636
399776
399571
400227
400062
400351
400552
400853
399737
400517
399888
399857
400994
399420
400517
400447
399847
399938
399947
400345
400421
400195
400326
399866
398909
399565
399297
399761
400166
399892
400119
399466
399510
401660
398969
400462
400357
399363
399724
399794
399753
399241
399952
399356
400211
399390
399407
399498
399943
399528
400376
400097
400619
400374
400680
399985
400556
400278
398913
400405
400374
400679
399232
400197
399489
399933
399547
400371
399123
400483
400531
400401
399919
400513
400015
400213
399575
399651
399844
399560
399236
399700
400201
399775
400517
400217
400221
400147
400526
400202
400618
400091
399934
399782
400393
400316
400634
400057
399468
400531
400879
399824
400168
399934
399633
400440
400503
399423
399676
400830
399611
400238
400541
400405
400117
399551
400562
400078
399953
400142
400603
400737
400794
400146
400461
400305
399229
399926
400180
400030
399290
400048
399870
399170
399824
401008
400323
399837
399626
400044
400295
399866
399802
399825
399916
399509
399541
399452
399862
399374
399050
399829
399354
399935
399354
400272
399544
400005
399566
400506
399777
400060
399876
399276
398789
399489
400320
400242
399705
399817
399869
399831
399923
400153
400397
400411
399958
400032
399744
400614
399887
400182
399891
400180
400215
401448
400284
400458
399418
399951
399163
401257
399402
399755
400340
400958
400616
399786
399903
400036
399844
400942
400394
399990
399997
401277
399408
400041
399863
400987
399589
399510
400331
399879
400756
400095
400063
400228
399998
399946
399144
399922
400263
399777
399613
400205
399914
400859
400151
399198
399923
399722
400101
400285
400103
400625
400227
399696
400311
400396
400854
399332
399948
400265
400299
398808
399914
400390
400225
400359
400444
400017
399830
400217
399575
400086
399951
399958
399294
399569
399684
399579
399775
400862
400203
399700
400441
399540
400697
398812
400056
399683
399759
400610
399968
400500
400013
399517
399245
399363
399334
399537
399799
399650
401191
400674
401061
399775
399993
400139
400315
399651
400789
400479
400516
399815
399648
400094
400562
400024
399618
399948
399048
399584
399248
400064
400168
399153
400841
400043
400371
400315
399775
400330
400437
400525
399524
399845
399492
400949
400139
399541
400057
399129
400164
400217
400220
399744
400131
399766
399606
400300
400163
400252
400596
400687
400320
399870
400471
400876
400985
399885
400845
399447
401232
399806
400031
400564
400187
400619
400547
399227
400071
400320
399921
399611
401046
400224
399569
400280
399898
399840
400695
399973
399985
399497
399658
400132
399952
400138
399333
399946
400125
399790
400324
399439
400102
400724
400285
400072
400071
400334
400010
400533
401268
400239
399759
398899
400645
399743
398916
400395
399184
400162
399698
400255
399844
400218
400216
399848
399780
399447
400609
399890
399958
399861
400336
399137
399947
400888
400064
400435
399867
399793
399256
400123
399501
400124
400045
400346
400377
399541
400147
400175
399964
400307
399271
400315
399907
400073
400553
400233
400636
399907
399020
399642
399117
400249
400262
399454
400467
399221
400006
399190
399568
399784
400122
401307
400285
400064
400560
400235
400188
400113
399575
399682
400107
400706
400851
399182
400329
399957
399019
400584
399768
399249
399857
399376
399767
400367
400298
399181
399598
398907
400810
400268
399539
399141
399805
400390
399675
400259
400103
400587
399864
400112
398915
399698
400433
400097
399072
400516
400210
399430
400332
399141
399465
400705
