699333
700222
700260
699951
699805
699665
700596
699761
700234
698886
700003
699884
700573
699880
700769
699820
700025
699088
700613
700687
700032
700113
699264
700364
699455
700361
699446
699962
699934
699927
699726
699170
700144
700540
699956
700301
701043
699966
699565
700240
699244
700451
699884
700858
700192
699563
699621
700208
699922
699981
700318
700476
700323
699671
700405
700632
700757
699746
699855
700733
700348
700300
699790
700314
699471
699600
700735
700078
699601
700078
700146
700369
700024
700022
699523
699631
699819
700155
699710
700255
699473
700616
700124
699827
700787
700290
699537
699405
699675
699474
699853
699545
700337
699846
700440
700792
700080
700321
700775
699815
699348
700865
700712
700727
700324
700071
699535
700585
698878
699855
699710
699403
700648
699875
700328
700431
699855
700208
700459
699588
700928
700571
700261
700119
699667
699789
700124
700412
699832
699459
699676
700990
698376
699554
700136
699947
699859
700691
700378
700922
699704
700960
700171
700234
700188
699249
700274
699964
700411
700166
700037
700068
699865
699933
700361
699424
700372
699949
700216
700164
700035
700332
699937
700591
700545
700835
699966
700313
699790
699803
700167
700114
700032
699207
699477
700342
700263
700804
700382
699408
699814
700998
699669
699914
700525
700072
699231
699217
699643
699766
700079
699611
699886
700456
700341
700285
699291
699722
700047
700294
699725
699787
700124
700388
699886
699460
699835
700866
699679
699851
699396
700896
700945
698592
699286
700048
699971
699075
700237
700068
699549
700272
700414
700229
699799
700565
699724
699343
700177
700274
700529
699745
700671
700188
699996
700098
700252
700197
699561
699029
699280
700299
699588
701059
699904
699591
699656
699805
699329
700097
700494
699925
699916
699746
699606
700124
698871
700163
700324
700076
700945
700836
699968
699408
700046
700130
700251
700677
699780
700329
700690
699279
699868
700262
699856
700397
699662
698775
699538
699422
699966
700223
699675
699938
700310
699847
700353
700505
700011
700046
700029
699950
700363
699741
699967
699076
699941
699979
699572
700574
700502
699963
699515
699679
700041
700582
699275
699960
699794
700123
699651
700686
699211
699510
700161
700107
699292
699500
699833
698945
699383
700808
700156
700145
699760
699942
699988
699999
700238
699730
699875
699920
700287
699779
699292
700514
700662
699819
699733
700125
699946
699151
701119
700132
700290
700586
699566
700342
700512
700069
700530
699774
700002
700503
700285
699937
700192
700001
699722
700003
699947
699899
699632
699438
700095
700163
700257
700362
700213
699532
700950
699787
699543
700242
700775
699287
700528
700214
700297
699631
699985
699888
700330
699671
700384
699933
700010
700016
700088
700119
700244
700099
700546
699556
699736
700056
700146
699744
699925
700036
699762
700243
700648
700029
700916
700576
699412
699494
699878
699617
699304
699008
699819
699045
699601
700329
699940
699150
699934
700122
700215
700581
699713
699170
700598
700230
699569
701095
700566
699437
699504
700263
699398
700335
699814
699864
699837
700129
699850
699142
700266
699882
700638
699650
699762
699897
699940
699566
700090
699906
700107
700007
699849
699327
700851
700478
700243
700429
700058
700295
699306
700105
700428
700199
700334
700129
700111
699663
700168
699485
700421
699627
699611
699698
699405
700266
700898
700508
700069
699935
699296
700674
699746
699337
699858
700250
699514
700197
700122
699737
699291
700011
699966
699982
700080
699309
700026
699736
699055
699806
700914
699750
700219
700321
699611
699554
700276
700790
700222
701039
700219
699813
700014
700245
700384
699727
699440
699631
699606
699920
699638
700279
699848
700281
700186
699961
699654
700032
700229
700305
699527
700109
700088
700028
699906
699355
699561
699465
700793
699898
699955
698872
700088
698973
700657
699762
699685
700517
699894
699573
699535
700361
699371
699520
699860
700576
700617
700183
699625
699967
699471
700639
700050
700423
699392
699997
699603
700331
699742
699618
699396
699084
699806
700424
700799
700358
699530
699757
700283
699715
699923
699560
699122
700403
700437
700381
700592
699650
700100
700239
700643
700171
699791
700114
699998
700219
700736
699085
699588
700329
699767
700240
699407
700062
700365
699887
699886
699437
699924
699831
699564
700440
700141
699992
700260
700361
699568
699324
699510
699409
700290
699785
699990
699647
699907
700785
699506
699541
699901
699889
699537
699658
700350
699089
700692
700368
699453
699423
700461
699646
700210
700179
700150
701207
699804
699421
700505
700270
700280
699700
699565
700290
699969
699062
699949
700413
700589
698723
700286
699817
699833
700319
700178
700665
699531
700653
699880
700032
699821
699702
700188
699577
699998
699884
700019
699828
699442
699959
699867
699647
699641
700136
699744
699198
699531
700026
700412
700419
699803
698811
700164
700098
700249
699470
699753
699965
699946
700029
700380
699690
700016
699859
699642
699401
699830
700008
700037
701013
700380
700405
700785
700067
698982
699252
700576
700023
700972
700598
699455
700052
700728
700603
699900
700630
699922
699792
699829
700529
699932
699714
700220
699856
700537
699980
699900
700437
700704
700235
700261
700545
700060
699477
700054
700099
700310
698770
700037
700975
699926
700113
701145
699681
699673
700717
699145
700000
698797
700882
700970
699886
700315
699601
699545
700330
700022
699279
699113
700366
700142
699690
699734
699701
700045
699460
699956
700038
700981
700046
700197
700091
700102
699884
699340
699940
699434
700276
700264
700018
700041
700401
699549
700673
700393
701453
700555
699807
700310
699805
699535
699975
699671
699907
700351
700051
700747
699485
700278
700472
701170
699966
700537
700038
700043
699833
700237
699856
699667
699840
700081
700227
700231
699799
699888
699462
699944
700174
699807
700133
700647
699753
700853
699535
700217
700296
700685
699739
700170
700676
700259
700119
699703
700097
699216
699825
699912
700252
700818
700746
700350
699720
700388
700152
700138
699506
698793
699777
699898
700272
699814
699930
699398
700255
699387
700762
699679
700709
699858
700378
699692
700147
699876
700261
699816
699806
700353
699978
699226
700078
699789
699952
699873
700122
699470
699644
699031
699779
700053
699648
699880
700459
700208
700287
699927
700703
699805
699337
699772
700779
699757
701284
699672
699509
700728
699935
701060
701191
699930
699908
699761
699578
700400
699616
700717
699302
700150
699836
700179
699882
699330
700252
699238
700703
699653
700072
700653
699668
699532
700150
699462
700274
700325
700211
700206
699667
699737
700193
700299
700624
699981
699536
700246
699080
699366
699993
700056
699988
699758
700045
700729
699421
700352
699880
700196
699889
700816
699790
700236
700927
700305
699704
699580
700662
699784
699337
699859
700203
699452
700372
699277
700484
699266
700303
700071
700219
700343
700188
698969
700245
699999
700393
700673
699698
699887
699600
698444
699391
699855
699346
699952
700861
699124
699640
700972
700268
699916
700778
699831
699914
700891
700494
