599191
599996
600281
599301
600634
599701
599930
600261
600325
600550
600838
599338
600031
600128
599539
599528
599601
600213
600546
599616
599706
600151
600066
600203
599197
599694
599717
600651
600469
599369
599878
600362
600355
599849
600402
600334
599664
599945
599337
600448
600680
600727
599947
600264
599656
600204
600375
599971
600101
599592
599417
600778
599658
600050
599771
600073
599928
599444
600231
600394
600510
600398
599470
600042
601649
600513
599746
601023
600256
600264
599619
600234
599532
600585
600694
599980
599935
600049
600385
600404
600155
599620
598833
600147
600431
599105
600375
600019
599920
599534
599227
599903
599679
599947
599740
599972
599502
599538
600265
600064
599330
599888
599780
600173
600298
599558
601022
600398
599832
599754
600054
600702
599188
600491
599947
600928
600602
600552
600589
600064
599161
600013
599988
600718
600279
600231
600006
600074
600129
600982
600135
599561
599988
600085
600277
599382
600869
599236
600878
600833
600049
600341
599520
600458
600976
599731
599166
599707
599928
600124
598948
599455
598936
599194
600248
599681
600582
599719
601193
600330
600333
599148
599389
599805
599476
600659
600077
599607
600557
599922
600983
599385
599769
599604
600394
599993
599986
600294
599720
599740
600362
600614
600039
600316
599652
601350
600129
599522
600106
599874
599667
600150
600035
599878
600209
599814
599686
599805
601095
599224
600052
601088
599700
599614
600073
599865
600517
600641
599973
600643
600735
600163
599828
600673
599418
601019
599912
600274
599736
600559
600283
599972
599720
600966
600254
600375
599315
599200
600053
600231
600692
599311
599786
600180
600263
599896
600116
600000
599780
600257
600099
600144
599917
600380
600252
600224
600439
599430
599850
599544
599678
599538
599460
599759
599758
600545
600598
600590
600841
599751
600499
600778
600307
599483
599751
600046
600281
600460
599630
599712
599390
600241
600864
598751
600628
599800
599915
600576
599946
600367
599606
599879
599446
599948
599952
600295
599671
599940
600464
599732
600303
600142
600342
600053
599832
599842
599947
600306
600287
599525
600716
600159
600512
599953
599989
600609
599343
599657
600656
600190
600224
600764
600113
599910
599819
600586
600159
599320
599158
599903
599558
598639
600872
600620
600336
599697
599540
599360
599940
600066
600386
599536
599747
600793
599364
598857
600371
599363
600258
599658
599526
600075
599949
600394
600590
600635
599288
599499
599486
599199
599773
600492
598931
600328
600365
600398
600231
599890
599888
599802
599758
599653
599827
600410
599410
599507
599964
599424
600655
599554
600689
599406
599891
599957
600458
598911
600308
600366
601412
600214
600275
599199
600111
600265
600325
599322
600536
600261
599389
599933
600514
600679
600524
599215
599322
600573
600046
599418
599383
600112
600147
599187
600253
599158
600737
599796
600774
600073
600069
599552
600152
599500
599771
599885
599940
599823
599466
600001
599670
599771
600039
600081
600481
600525
599984
600309
600476
600149
599450
600587
600553
600280
600588
600725
600239
599727
599856
600305
600049
600652
599582
599854
599522
600743
599278
600124
600044
600221
599943
599842
599261
599772
600015
600812
599514
599458
600047
599136
601098
600398
600049
599824
599599
600041
599418
600144
599753
600229
599715
599307
599710
600214
600170
599361
599269
600650
600534
601016
599916
599958
599696
599100
599866
600298
601054
599663
600605
600137
599535
599995
600226
599730
600845
599829
599640
600119
599623
599866
598873
599717
599992
600344
599532
600104
600264
600034
600347
599702
599329
599809
599261
599833
600374
599715
600186
601411
599340
600607
600377
600255
599778
599342
599993
599854
600000
599908
599573
599694
599730
599631
600293
600053
600468
600175
600694
599611
600025
599566
600816
599892
599419
600668
599180
600464
600526
600137
600332
599777
599773
599936
599441
599776
600063
600453
600056
600741
599236
599281
599360
599554
599938
600667
600903
599707
599945
601025
599052
599418
600713
600027
600439
600672
600638
600136
600026
599822
599840
599479
599662
599103
599187
600096
600134
600374
599617
600984
599809
599556
600674
600528
599977
600504
600496
599814
600266
598807
600318
600422
599858
600292
599927
599872
600248
600383
599440
600742
599627
599617
600214
599729
600006
600384
599899
599839
600156
599546
599957
599648
598789
600764
600310
601036
599166
599758
599862
599546
600389
599896
599414
599287
599374
600246
599849
599800
600061
600231
600392
599663
601255
600115
599417
600246
599257
599332
600464
599481
599274
600009
600123
600044
600718
600259
600206
599872
600142
599095
599433
599193
599648
599378
600307
599369
599805
600999
600075
599368
601001
600774
599786
599973
599693
599399
600602
600189
599618
600308
600120
600029
600140
599894
599699
599969
598831
600028
599943
599028
600893
599347
599330
599089
599075
599828
600871
599636
599473
599817
600248
600384
600464
599673
599813
598879
600397
600683
599131
599671
600604
600434
599749
600517
600220
600241
600376
599862
600449
600251
601254
601235
599693
600733
599453
600672
599697
600116
600113
600634
599904
599775
599637
599993
600119
599536
600636
600163
599703
599787
600135
601038
599157
599728
600557
600843
600312
599979
599581
599983
599730
599916
600503
599437
600004
599126
599773
600051
600683
600305
600329
600040
600946
599557
600071
600019
599684
599863
598756
599339
599105
600752
600478
600597
599538
599149
599366
599733
599339
599433
599913
600720
599339
599876
600015
600293
599647
600412
599614
599845
600060
600238
600459
600004
600496
599714
599593
599697
599560
600153
599782
599557
600773
599658
599732
600516
600110
600526
599969
600013
599155
600340
599957
599642
598884
599661
599043
599802
599815
600105
599475
600328
600025
599551
599939
599973
600219
599383
598903
599055
601180
599664
600429
599612
600179
599631
600099
600432
600303
599272
599179
600121
600767
599588
600383
599812
599618
600204
599459
599174
599890
599515
600063
600162
600317
599794
599536
600541
599975
600196
600529
600365
599721
601139
599962
600539
600661
599549
600321
599569
599567
600014
599989
600224
600957
599950
599393
599939
600115
600773
600109
600500
600459
600194
599481
599656
599973
600414
599736
600754
599589
599568
600091
600158
598914
599859
599419
600276
599711
599528
599734
599775
600062
600044
600013
600064
599864
599324
599444
600479
600220
600015
600373
600195
600016
600045
600077
600165
600240
600855
599830
599799
600094
600406
600575
600960
599682
600308
599826
598992
599990
599551
599839
598943
599848
598815
599124
598958
599838
599530
599352
599842
600064
601201
600241
600012
599576
600291
600177
600121
599714
600494
601166
600371
600052
599273
599623
599465
599823
600177
600809
599990
600164
600678
600337
599817
599721
600691
600450
599790
600084
600603
600270
600170
598960
600024
599870
600307
599497
599558
600182
599899
599769
600405
599621
600278
600520
599722
599851
599964
600851
600150
599759
599792
600121
600394
599632
600238
600238
599639
600227
600612
600090
600168
