46543
46128
46547
46350
46312
46314
46460
46542
46288
46776
46389
46635
46190
46370
46506
46270
46247
46437
46346
46118
46369
46626
46621
46657
46342
46448
46199
46663
46434
46517
46503
46369
46410
46332
46591
46651
46737
46575
46046
46547
46422
46429
46640
46507
46643
46337
46428
46303
46394
46226
46213
46490
46169
46212
46565
46101
46038
46593
46322
46500
46461
46353
46292
46600
46500
46618
46569
46626
46628
46501
46391
46307
46421
46267
46277
46325
46697
46348
46362
46693
46617
46522
46333
46555
46405
46511
46660
46506
46638
46559
46196
46629
46391
46309
46551
46151
46374
46618
46531
46297
46140
46329
46414
46222
46489
46330
46406
46256
46309
46551
46491
46389
46408
46739
46346
46679
46342
46845
46452
46506
46215
46501
46389
46417
46452
46478
46696
46262
46581
46611
46418
46213
46380
46463
46462
46345
46378
46683
46042
46674
46565
46388
46769
46650
46194
46458
46667
46237
46603
46613
46388
46582
46481
46405
46249
46672
46305
46475
46607
46642
46373
46510
46418
46407
46174
46593
46710
46411
46367
46411
46531
46570
46617
46434
46672
46477
46838
46555
46391
46387
46407
46318
46615
46491
46787
46710
46353
46462
46475
46658
46428
46375
46037
46450
46394
46431
46101
46481
46440
46423
46552
46531
46227
46612
46682
46550
46614
46370
46705
46490
46470
46230
46326
46408
46706
46282
46669
46159
46371
46232
46465
46238
46554
46885
46317
46693
46483
46550
46405
46459
46686
46134
46290
46428
46286
46667
46269
46346
46539
46504
46503
46268
46432
46382
46449
46481
46848
46332
46241
46557
46311
46549
46510
46383
46623
46303
46327
46625
46390
46566
46738
46416
46346
46642
46319
46229
46544
46270
46587
46392
46533
46403
46479
46276
46549
46218
46295
46631
46738
46343
46325
46459
46677
46452
46450
46364
46244
46430
46365
46514
46311
46658
46654
46557
46385
46608
46537
46527
46384
46322
46177
46319
46563
46206
46371
46302
46578
46206
46494
46431
46642
46298
46411
46634
46470
46324
46587
46582
46547
46340
46238
46403
46556
46546
46369
46347
46569
46287
46403
46498
46627
46354
46902
46287
46176
46556
46624
46433
46574
46615
46359
46503
46494
46425
46512
46482
46535
46342
46399
46306
46423
46453
46592
46408
46626
46374
46515
46437
46219
46453
46832
46595
46448
46404
46341
46410
46393
46144
46378
46179
46408
46342
46563
46300
46492
46528
46187
46519
46411
46477
46261
46511
46243
46652
46263
46307
46723
46571
46650
46263
46528
46296
46454
46474
46271
46472
46338
46410
46547
46536
46336
46635
46449
46287
46447
46715
46348
46639
46375
46527
46444
46509
46455
46480
46425
46568
46383
46536
46486
46149
46343
46487
46740
46297
46542
46591
46523
46276
46304
46128
46322
46410
46748
46449
46568
46643
46304
46193
46586
46695
46295
46310
46351
46334
46556
46477
46429
46301
46482
46554
46332
46614
46564
46399
46721
46311
46450
46369
46383
46413
46487
46355
46584
46265
46400
46480
46135
46462
46669
46215
46467
46611
46310
46504
46302
46553
46573
46084
46633
46485
46629
46550
46308
46592
46347
46424
46521
46374
46617
46667
46658
46394
46396
46600
46381
46488
46434
46828
46551
46489
46497
46421
46563
46513
46344
46766
46356
46537
46645
46331
46435
46193
46190
46478
46696
46437
46401
46164
46609
46664
46519
46406
46579
46648
46703
46655
46345
46462
46598
46535
46743
46558
46616
46312
46666
46526
46120
46446
46548
46143
46292
46200
46833
46545
46392
46302
46400
46134
46476
46459
46558
46551
46610
46408
46264
46494
46702
46311
46273
46339
46352
46592
46460
46624
46299
46142
46247
46618
46296
46268
46693
46249
46353
46449
46183
46565
46633
46562
46227
46436
46554
46265
46387
46665
46696
46596
46586
46411
46239
46484
46545
46464
46913
46327
46357
46468
46267
46657
46559
46353
46317
46505
46389
46318
46363
46701
46268
46543
46503
46255
46145
46505
46315
46545
46219
46617
46713
46568
46497
46457
46327
46632
46412
46535
46680
46335
46481
46335
46198
46602
46259
46697
46288
46579
46518
46693
46604
46447
46727
46495
46413
46468
46554
46346
46525
46453
46392
46594
46653
46640
46395
46507
46371
46646
46539
46363
46687
46365
46185
46458
46649
46318
46127
46469
46439
46725
46389
46510
46567
46695
46237
46438
46417
46318
46353
46422
46468
46769
46567
46709
46568
46592
46467
46695
46394
46480
46419
46508
46526
46232
46369
46631
46350
46423
46346
46458
46394
46629
46694
46501
46686
46575
46339
46565
46549
46637
46085
46347
46378
46834
46480
46308
46425
46639
46237
46503
46340
46475
46610
46118
46257
46598
46707
46480
46277
46439
46271
46399
46578
46520
46443
46572
46350
46543
46793
46636
46680
46512
46445
46544
46289
46264
46661
46517
46425
46508
46514
46519
46563
46630
46443
46385
46392
46286
46390
46153
46747
46647
46473
46610
46500
46544
46501
46359
46304
46520
46549
46352
46629
46494
46402
46525
46470
46724
46493
46510
46593
46439
46436
46401
46233
46522
46083
46427
46429
46259
46660
46538
46347
46073
46482
46355
46711
46654
46771
46489
46528
46724
46358
46213
46349
46594
46774
46404
46530
46864
46600
46322
46307
46263
46672
46280
46406
46296
46696
46507
46433
46524
46534
46287
46531
46625
46601
46554
46473
46707
46193
46516
46675
46569
46374
46477
46471
46664
46727
46090
46574
46385
46443
46413
46344
46270
46513
46461
46570
46504
46378
46424
46499
46655
46617
46473
46513
46683
46452
46642
46502
46476
46539
46359
46348
46523
46340
46679
46540
46460
46263
46512
46373
46296
46588
46536
46438
46508
46211
46435
46569
46361
46141
46461
46727
46558
46583
46265
46539
46651
46425
46409
46347
46471
46302
46512
46548
46414
46310
46544
46003
46411
46453
46489
46373
46374
46540
46621
46325
46794
46469
46167
46274
46523
46782
46333
46364
46415
46522
46279
46379
46346
46216
46595
46409
46551
46108
46359
46206
46387
46556
46690
46505
46473
46549
46511
46700
46387
46523
46239
46460
46570
46306
46602
46567
46477
46584
46636
46485
46160
46480
46556
46387
46276
46477
46634
46682
46372
46268
46712
46777
46525
46487
46195
46783
46501
46133
46527
46389
46424
46159
46303
46328
46651
46333
46616
46852
46613
46270
46268
46557
46482
46352
46350
46316
46588
46592
46349
46651
46519
46461
46385
46344
46617
46552
46297
46533
46443
46788
46520
46584
46543
46765
46415
