53959
54252
54352
54183
54005
53889
54014
54266
54139
54119
53762
53961
54131
54030
53881
54215
54247
53994
54310
54259
54271
54263
54105
53814
54073
54123
54097
54010
54022
54304
54081
53696
54099
54286
53942
54098
53885
54458
54174
54040
54067
54394
54011
54063
54098
53900
54337
53977
53973
54102
54097
53929
54166
54216
54113
54202
54172
54323
54089
53990
53977
54110
53885
53940
54448
54087
54074
54217
54282
54161
53813
54162
54281
54081
54218
54119
53912
54116
53948
54227
54284
54209
54264
54218
54046
54121
54212
54251
54157
54052
54055
54109
54062
54153
54264
53642
54108
54098
54166
54071
54322
54180
54339
53958
54032
54086
54117
54164
53750
54065
53961
54179
54080
54116
54184
54295
54172
54019
53846
54206
54291
53820
53969
54226
53992
54017
53955
54303
54552
54214
54422
53970
54307
54262
53987
54300
53918
54126
53835
54116
53879
54109
54183
54328
54035
54061
54053
53995
54460
54246
54077
53912
53916
54160
54030
54191
54138
54114
54116
53940
54003
54417
54123
54102
54333
53823
53972
54114
54022
54468
53892
53974
53993
54119
53978
54264
53994
54135
54092
54089
54164
53957
54187
54063
53654
54116
53960
54381
53831
54149
54294
53754
54193
54110
54275
54065
54175
54193
54009
54068
54463
54119
54090
54039
53919
53988
54274
53969
54262
54210
54202
54021
54204
53994
54036
54281
54443
54098
53947
54085
54320
54174
54107
54177
54258
53894
54127
54199
53958
54164
54041
54264
54216
54126
54307
54127
54206
54082
54158
54184
54088
54161
54294
54276
54081
53964
54092
54465
54164
54082
54168
54069
53922
54061
53946
53908
53986
54245
54123
54186
54316
54055
54314
53956
54242
54180
54008
53939
54393
54270
54350
54268
54087
54311
54137
54190
54345
54394
54116
54283
54157
53810
54315
54171
53974
54177
54221
54251
54117
53963
54166
54133
54083
54026
54048
54359
54186
53825
54060
54092
53984
54006
54201
53982
54112
54146
54013
54382
54017
54269
53869
54138
54135
54286
54112
53831
53932
53997
54160
54085
54081
54337
54292
54149
54101
54161
54208
54402
54071
54193
54076
53981
54146
54009
54046
54045
54004
53976
54088
54110
53955
54275
53990
54158
54194
54151
53841
54267
54122
54179
54062
54078
54152
53893
53818
54212
53891
54163
54106
54162
54064
54287
54362
53993
54000
54149
54076
54056
53914
54335
54192
54117
53986
53990
54331
54048
54049
54104
54421
53890
54038
54088
54096
53992
53929
54361
54081
54104
53942
54413
54049
54221
54030
54272
53954
54081
54130
54057
54047
53909
53818
53964
54327
54203
54341
54268
54158
54240
54108
53957
54228
53955
54571
54070
54205
54358
54030
54021
53821
54015
54134
54383
54027
54219
54252
54453
53771
53955
54022
53867
53849
54167
54281
54284
53908
54204
54060
54077
54278
54471
53751
54198
54281
54028
53853
54041
54220
54371
54212
54117
54239
53995
54204
54042
53906
54126
54182
53940
54173
53808
54178
54482
54058
54124
53855
54180
54155
54150
54004
54309
54102
54011
53789
53890
54255
54228
54276
53797
54139
53956
54238
54266
54177
54237
54008
54172
53999
54001
54152
53924
54147
53898
54194
54208
54063
54190
53894
54273
54106
54003
54031
54191
54008
54217
54097
54374
53926
54175
54194
54184
54376
54130
54129
54193
53817
54184
54509
53895
53886
54181
54157
53734
53865
54173
54301
54209
53884
53870
54414
54021
54144
54117
54281
54237
54039
53751
54403
54379
53770
54259
53764
54128
53882
54176
54183
54032
54104
54259
54174
54220
54168
54172
54185
54124
54218
54139
53809
54172
53974
54489
54524
54100
54055
54059
54060
54203
54372
54055
54165
53913
54091
54177
54162
53974
54116
54044
54114
54078
54214
54280
54429
53870
54253
54100
54113
53917
53886
54187
54026
53959
54047
54370
54194
54181
54361
53962
54010
54259
53988
54062
54032
53711
54048
54310
54092
54195
54181
54053
54147
53973
54150
54339
54177
54071
54042
54388
54315
54098
54291
54149
53923
53984
54198
54193
54174
54063
54062
53959
54186
54198
53863
54206
54062
53907
54281
53998
54359
54040
53954
54027
54382
54128
53705
54062
54110
53895
54121
53995
54180
53801
54351
54121
54126
53986
54186
54001
54008
54015
53910
54160
54007
54190
54015
54025
54020
54103
53934
53972
54105
54266
54056
53874
54134
54026
53943
54049
53974
54285
54181
53841
53948
54053
54027
54001
54019
54285
53963
53879
54356
54220
53896
54073
54153
53814
53982
54241
54028
54106
53980
54027
54227
54331
54227
54375
54147
54145
54000
54149
53990
53984
54503
54198
54072
54129
54068
54144
54328
53987
54159
54057
53944
54029
54220
53607
54011
54105
54032
54263
54387
53755
54196
53896
54194
53906
54308
54079
54181
53892
54091
54246
54273
53879
54114
53985
54154
53991
54059
54264
54325
53984
54273
54088
54428
53931
54186
54321
54339
53994
54016
54275
54213
54007
54272
54243
54360
54106
54264
54195
54210
54218
54069
54104
54294
54386
53877
54113
54248
53892
54019
53709
54285
53975
54359
53877
54313
54221
54015
53834
54076
53922
54081
54098
54180
54120
53990
54296
54546
54126
54160
54182
53962
53989
54073
54015
53926
53791
53894
53912
54198
54116
54096
53830
54061
54304
53944
54066
54128
54257
54117
53947
54264
54220
54094
54456
54066
54137
54004
53914
54529
54283
54029
54182
54132
53945
54058
54090
54093
54106
53941
54329
54113
54101
54421
54043
54164
54417
53894
53940
54174
54202
54037
54111
54127
54349
54098
54158
54124
54062
54223
54389
54084
53997
54286
54317
54102
54195
54107
53996
54013
53892
54203
54169
54334
54174
53938
53812
54123
53848
54107
54110
53991
53733
54149
54071
53796
54133
54082
54476
54177
54286
54283
54265
54041
53941
54110
53965
54365
53922
54002
54090
54265
53885
54154
54044
54373
54167
54224
54581
54471
53993
54082
53797
54239
54027
53951
54087
53909
53844
54122
54363
54205
54070
54126
54120
53923
53933
54245
54011
54225
54092
54386
54385
54298
54089
53905
53985
54619
54114
54106
53874
54222
54062
54122
54156
54030
54011
53998
54070
54235
54089
54291
54105
54113
54076
54055
54228
53729
53964
53944
54221
53942
54149
54159
54358
54039
54257
54006
54256
54336
54416
54161
54053
54141
54363
54194
54168
53961
53834
54118
53733
54124
54091
54028
54244
53753
54338
54215
53797
54171
53855
53608
54155
53971
54254
53958
54132
54272
54214
54279
53873
