71289
71072
71276
71056
71324
71044
71233
71245
71058
71400
71156
71509
71088
70846
71208
71167
71270
71287
70939
71138
70977
70822
71441
71069
71090
71022
71081
70963
71040
70995
71150
71147
71245
71058
71068
71006
71164
71143
71450
71196
71253
71113
71089
71537
71071
71081
71273
71054
71371
71300
71117
70999
71449
71139
71216
71102
70965
71236
71100
71041
71277
71106
71099
71151
71461
71082
70811
71156
71158
71039
71083
71136
71194
71199
70963
71297
71083
71333
71096
70951
71094
71009
71316
71368
71072
71019
71209
71258
71186
71101
71184
71299
71070
71144
71280
71062
71099
71366
71429
71058
70994
71013
71463
70951
71229
71058
71276
71026
70958
71428
71552
71104
71118
71214
71193
71193
71129
71185
71325
70878
71064
71246
71283
71048
70986
71224
71087
71142
71017
71041
71223
71267
70969
71462
71065
70999
71382
70925
71432
71073
71101
71380
71250
70941
71108
70972
71225
71386
71180
70980
71013
71065
71016
71109
70994
71107
71222
71271
71018
71113
71188
70979
71187
71298
71192
71246
71029
71272
71048
71052
71211
71296
71176
71402
71182
71282
71035
71108
71065
71104
71022
71127
71001
71115
71061
71377
71136
71084
71159
71322
71314
70706
71166
71063
70980
71291
71384
70878
71265
70940
70994
71079
71009
71130
71311
71208
70970
71236
70994
71054
71428
71133
71220
71097
70919
71186
71037
70925
70888
70924
71316
71032
70970
71073
71121
71550
71154
70989
71035
70993
70881
71255
71009
70979
71033
71225
71265
70935
71113
71251
71197
71140
70688
70907
71077
71311
71278
70962
71235
71139
71077
71016
71171
71163
70947
71096
71002
71379
71294
70895
71086
71035
71160
71252
71236
70991
71001
71260
70948
70972
71369
71214
71159
70923
70951
71089
71179
71338
70964
70879
71020
71103
71145
71071
71188
70998
71088
71161
71275
71159
71218
71070
70816
70797
71150
71376
70940
71245
71266
71036
71156
71067
71029
71070
71241
70910
71135
70952
70963
71155
70959
71317
71292
71111
71084
71302
71284
71174
71173
71345
70926
71017
71031
71301
71115
71276
71090
71258
70963
71322
71392
70983
71242
70939
70977
71080
71191
71105
71085
71124
71028
71170
71152
71216
71232
71188
71167
71077
71102
71314
71120
71259
71132
71108
71105
71216
71150
71052
71317
70988
71257
71429
71049
71252
71088
71048
71094
71128
71114
71208
71426
71049
71088
71065
71126
71061
70859
70964
71095
71305
71132
71210
71141
71164
70914
70724
71160
71443
71239
71155
70954
71176
71173
70882
71242
71069
71257
71208
71098
71199
71224
71261
70901
71181
71015
71076
70802
71211
71306
71385
71110
71013
71197
71048
71056
71309
71175
71155
71110
71023
71134
71058
71067
71467
71246
70954
71052
71084
71228
71008
71136
70990
71082
70997
71166
71087
70941
71326
71132
70731
71269
71131
71447
71143
71106
71132
71060
71078
71156
71067
70986
71153
71259
71010
70953
71241
70898
71185
71226
71158
71185
71221
71261
71082
71021
71149
71143
71113
71224
70840
71331
71170
71275
70923
70953
71084
71238
71322
71083
71043
71077
71004
71111
71152
71106
71335
71021
70965
71121
71059
71214
70847
71125
71231
71166
71180
71354
70791
71188
71157
71271
71224
71168
71145
71045
71411
71178
71091
71336
71209
71063
71231
71049
70987
71060
71088
71471
71293
71200
71072
71205
71343
71293
71230
71028
71152
71099
70826
71410
71338
71208
71068
71279
71173
71136
70939
71025
71315
70955
70948
71336
71018
71314
70986
71078
71018
70929
71145
71275
71226
70897
71203
71017
71012
71204
70997
71208
71392
71098
71404
71049
70954
71157
70899
71128
70938
71138
71013
71379
71191
71267
71150
71065
71211
71119
70896
70847
71204
70810
71313
71143
71322
71132
71059
70944
71158
71193
71155
71059
70993
70993
71175
70988
71169
71190
71041
71286
71158
71255
70949
71008
71238
71073
70717
71156
70894
71135
71137
71315
71053
71033
71193
71112
71142
70891
70883
70900
70979
70791
71087
71169
71002
70831
70947
71079
71323
71066
71137
71298
71197
71109
71181
71023
71261
71347
70941
71275
71439
71022
70988
71142
70949
71174
71217
71194
71155
71070
71165
71274
71290
71076
70736
71170
71186
71163
71039
71348
70801
71271
71179
71119
71071
70960
71217
70933
71353
71294
71274
71144
71106
71235
71019
71416
71305
70965
71349
71002
71168
71061
71110
71110
71129
71122
71311
71187
71283
71324
71333
70973
71125
70990
70923
71287
71169
71386
71338
71053
71299
71236
70965
71238
71177
70966
71230
70950
71215
71114
70975
70956
71205
71019
70951
71146
71059
71285
71275
71311
71088
71109
70958
71156
71364
70994
71027
71082
70895
70798
70932
71351
71209
71144
71170
71221
71384
71296
71239
71242
71091
71138
71020
71065
71216
71089
71123
71376
71203
71101
71139
70968
71114
71086
71247
70983
71293
70940
71237
70934
71379
71005
71009
70974
71002
71052
71235
70988
71472
71309
71197
71135
71007
71115
71240
71005
71103
70960
70999
71120
70951
71346
71188
71295
71245
71135
70963
70913
71207
71066
71224
71125
71283
71272
71068
71075
71061
71212
71085
71136
71076
71028
71317
70992
70996
71023
71047
70997
71198
71114
71228
71014
71232
71277
71345
71273
71142
71022
70984
71183
70937
71077
71333
71019
70926
71333
70886
71154
71236
71130
71156
71229
71166
71340
71121
71276
71208
71004
70913
71112
71263
71121
71341
71008
71207
71021
71266
71226
71120
70993
71183
70883
71237
71007
71172
71324
71162
71145
71176
71165
71156
71139
71337
71243
71132
71272
71151
71266
71436
70927
71268
71270
71218
71298
71249
71114
71169
71206
70976
71180
70935
71158
71029
71164
71017
71050
71118
71002
71064
71034
71259
70860
71025
71280
71163
71157
71256
71183
70941
71085
71125
71072
71170
71102
71234
71106
71311
70812
70933
71272
71019
71027
71160
70980
71092
71160
71363
71196
71285
71174
71001
71110
71205
70744
70867
71175
71143
71125
71120
71116
71310
71087
70879
71022
71309
71150
71033
70923
70936
71196
70948
71232
71376
71102
70980
70830
71054
71176
71105
71135
71237
71436
71077
71195
71198
71135
71081
71154
71012
71078
71030
71242
70973
70606
71052
71319
71129
71109
71236
71109
70826
71117
71268
71271
71128
71161
71416
71075
70996
71155
71250
71133
71226
71076
71404
71058
71330
71279
71226
71059
71053
71064
71132
71306
71165
70883
70922
70890
71377
70842
71072
71067
71021
