24395
24284
24375
24484
24415
24317
24337
24383
24540
24420
24586
24425
24669
24235
24641
24343
24521
24673
24601
24505
24541
24459
24506
24217
24573
24202
24505
24531
24550
24551
24623
24637
24287
24473
24487
24632
24656
24487
24605
24591
24322
24243
24393
24491
24536
24160
24644
24474
24535
24425
24577
24335
24414
24535
24554
24516
24320
24333
24461
24617
24436
24414
24663
24334
24570
24416
24323
24509
24656
24358
24451
24438
24553
24484
24661
24617
24444
24227
24611
24579
24294
24528
24394
24282
24627
24519
24461
24420
24192
24534
24492
24742
24574
24430
24551
24529
24584
24339
24472
24417
24459
24509
24485
24646
24499
24346
24418
24627
24577
24399
24511
24519
24773
24302
24409
24376
24504
24537
24429
24426
24493
24710
24434
24366
24365
24506
24517
24264
24561
24317
24442
24340
24253
24699
24385
24444
24428
24166
24502
24171
24560
24628
24307
24312
24384
24511
24663
24533
24318
24514
24440
24813
24632
24473
24436
24396
24404
24246
24292
24562
24321
24459
24342
24330
24593
24312
24406
24449
24575
24384
24547
24699
24652
24651
24303
24392
24496
24640
24259
24663
24459
24532
24720
24406
24291
24418
24531
24377
24676
24345
24426
24435
24482
24599
24210
24596
24476
24316
24506
24429
24479
24694
24694
24440
24277
24884
24459
24269
24228
24654
24380
24621
24591
24507
24807
24478
24492
24454
24433
24197
24408
24478
24291
24528
24485
24522
24610
24601
24636
24304
24479
24442
24633
24657
24240
24320
24563
24236
24395
24540
24269
24631
24700
24652
24309
24425
24413
24591
24286
24436
24446
24178
24605
24301
24432
24426
24494
24479
24801
24385
24319
24234
24633
24565
24389
24457
24380
24555
24230
24405
24564
24623
24349
24363
24482
24603
24696
24305
24167
24381
24379
24366
24493
24364
24472
24177
24526
24457
24699
24257
24557
24468
24340
24447
24500
24418
24778
24335
24497
24509
24509
24623
24291
24280
24185
24573
24574
24179
24327
24403
24517
24420
24493
24440
24433
24527
24465
24492
24609
24393
24596
24312
24199
24404
24329
24458
24451
24204
24539
24440
24608
24436
24648
24456
24607
24550
24612
24620
24557
24385
24347
24357
24503
24756
24445
24531
24413
24398
24602
24609
24648
24396
24449
24524
24704
24409
24874
24426
24634
24505
24388
24233
24328
24272
24442
24273
24459
24732
24353
24529
24297
24321
24315
24525
24474
24495
24541
24406
24320
24337
24525
24493
24418
24690
24373
24451
24433
24504
24618
24417
24233
24385
24368
24337
24217
24216
24377
24503
24543
24317
24497
24512
24199
24497
24181
24310
24477
24407
24391
24339
24500
24703
24475
24360
24443
24751
24325
24783
24525
24305
24432
24764
24472
24398
24350
24452
24574
24428
24435
24204
24245
24456
24411
24462
24523
24355
24289
24429
24547
24336
24241
24313
24454
24459
24602
24559
24331
24319
24412
24597
24569
24714
24421
24401
24455
24383
24147
24519
24468
24613
24322
24312
24596
24390
24498
24440
24556
24387
24683
24431
24589
24533
24279
24428
24471
24241
24611
24495
24506
24609
24483
24379
24195
24449
24515
24424
24682
24656
24300
24548
24515
24444
24626
24341
24384
24534
24672
24354
24518
24581
24313
24491
24705
24408
24789
24414
24290
24675
24593
24791
24463
24320
24426
24503
24310
24782
24329
24535
24251
24382
24311
24694
24494
24408
24321
24412
24577
24219
24296
24792
24498
24428
24607
24462
24299
24363
24503
24533
24556
24511
24407
24275
24366
24322
24590
24355
24420
24522
24641
24456
24314
24540
24401
24393
24271
24430
24532
24434
24484
24316
24667
24455
24275
24491
24381
24527
24444
24580
24376
24354
24252
24542
24284
24419
24613
24564
24685
24518
24593
24352
24528
24394
24404
24330
24412
24428
24417
24178
24556
24275
24556
24423
24423
24428
24284
24383
24644
24477
24466
24662
24628
24308
24355
24532
24648
24515
24534
24493
24849
24291
24523
24385
24250
24355
24341
24579
24473
24374
24231
24547
24377
24374
24708
24425
24707
24722
24319
24443
24511
24268
24498
24561
24284
24464
24574
24486
24587
24361
24290
24501
24201
24554
24413
24447
24460
24678
24361
24480
24493
24154
24403
24606
24547
24505
24351
24254
24793
24220
24479
24476
24423
24421
24683
24385
24665
24125
24333
24238
24414
24300
24458
24714
24546
24631
24469
24715
24498
24425
24365
24638
24427
24378
24464
24351
24362
24395
24537
24392
24591
24582
24411
24485
24447
24463
24187
24572
24232
24585
24404
24390
24365
24432
24690
24666
24284
24359
24546
24515
24392
24461
24420
24409
24476
24619
24397
24660
24492
24188
24244
24298
24395
24543
24510
24461
24500
24430
24365
24528
24506
24385
24364
24528
24560
24418
24327
24630
24249
24418
24447
24703
24555
24537
24417
24454
24599
24444
24474
24447
24393
24718
24370
24322
24330
24432
24533
24436
24295
24332
24448
24324
24400
24482
24496
24533
24367
24365
24655
24439
24103
24334
24361
24436
24534
24810
24383
24497
24549
24436
24679
24438
24391
24493
24364
24196
24740
24609
24646
24511
24513
24338
24400
24564
24470
24503
24322
24738
24567
24604
24822
24429
24280
24440
24478
24545
24386
24341
24499
24637
24436
24335
24486
24349
24543
24867
24425
24596
24423
24575
24366
24767
24461
24344
24479
24480
24409
24627
24436
24397
24428
24476
24239
24443
24441
24263
24332
24394
24500
24429
24435
24373
24370
24780
24771
24506
24621
24579
24497
24490
24614
24330
24520
24412
24482
24416
24494
24300
24303
24515
24634
24477
24557
24297
24397
24525
24122
24503
24327
24346
24295
24611
24308
24543
24552
24356
24686
24524
24283
24515
24468
24288
24329
24664
24335
24629
24234
24466
24634
24571
24682
24410
24533
24376
24447
24543
24582
24465
24643
24420
24317
24576
24624
24584
24414
24385
24532
24542
24309
24182
24490
24725
24733
24425
24271
24494
24490
24523
24327
24385
24602
24575
24381
24480
24700
24446
24299
24542
24407
24356
24411
24468
24633
24445
24483
24301
24489
24537
24451
24399
24342
24393
24758
24588
24262
24388
24404
24338
24107
24541
24437
24457
24687
24509
24165
24580
24474
24698
24555
24334
24475
24692
24573
24386
24486
24491
24580
24406
24394
24402
24587
24640
24464
24484
24380
24423
24450
24651
24407
24514
24632
24392
24206
24506
24536
24399
24511
24471
24712
24532
24428
24206
24434
24307
24668
24405
24544
24478
24439
24779
24392
24470
