33688
33822
33809
33825
33579
33848
33829
33372
33806
33629
33644
33979
33715
33854
33801
33774
33761
33962
33776
34006
34041
33929
33791
33924
33895
33900
33897
33675
33957
33514
34047
33779
33671
33853
33855
33755
33860
33886
33752
33517
33459
33836
33617
33891
33787
33691
33916
33740
33604
33900
33827
33816
33764
33833
33987
33852
33968
33556
33841
33639
33481
33548
33768
33742
33444
33558
33917
33768
33870
33646
34105
33480
33739
33546
33927
33814
33789
33576
33807
33662
33744
33857
33807
33541
33802
34053
33672
33488
33722
33633
34074
33630
33881
34079
33836
34080
33739
33866
33907
33786
33972
34016
33591
34092
33555
33972
33976
33809
33795
33928
33801
33863
33950
34055
33910
33767
34050
33829
33904
33919
33749
33873
33744
33820
33797
33796
34060
33832
33985
33903
33694
33738
34097
33769
33874
33766
33805
33668
33724
33712
33936
33647
34086
33724
33980
33741
33972
33952
33810
33873
33627
33845
33796
33803
33772
33914
33863
33863
33667
34135
33837
33691
33841
33793
33919
33763
33728
33702
33777
33950
33748
33686
33807
33405
33787
33985
34055
33767
33845
33651
33769
33975
33697
33925
33850
33727
34127
33957
34044
33873
33577
33742
33911
33633
33815
33685
33803
33835
34098
33711
33574
33651
33532
34102
33866
33849
33750
33982
33747
33545
33934
33887
33792
33801
34068
33689
33792
34020
33574
33440
33887
33831
33624
33701
34044
33623
33825
33643
33758
33804
33567
33905
33861
33765
34020
33893
33909
34023
33691
34038
33816
33852
33803
33501
33412
33758
33955
33614
33999
34011
33738
33974
33821
33888
33923
33925
33823
33757
33898
33778
33875
34177
33764
33711
33788
33804
33694
33819
34068
33966
33923
33791
33760
33698
33739
33713
33810
33987
33938
33841
33818
33830
33823
34068
33849
33642
33921
33753
33696
33687
33667
34026
34129
33614
33851
33649
33920
33787
33905
34086
33786
33784
33788
33917
33736
33962
34161
34119
33867
33679
33703
34095
33594
33550
34113
34094
33874
33663
33959
33870
33999
33874
33630
33684
33828
33953
33736
33689
33884
33735
33827
33540
33732
33916
33532
33755
33615
33896
33993
33499
33855
33822
33622
33755
33533
33873
33977
33892
34155
33932
33890
33916
33864
33689
33917
33959
33821
33990
33978
33886
33857
33808
33592
33724
33544
33714
34080
33700
33919
33784
34026
33793
33664
33972
33849
33534
33898
33916
33552
33722
33927
33995
33917
33782
33983
33883
33846
33594
33906
33707
33775
33831
33943
33771
33664
33891
33674
33518
33727
33946
33751
33592
33743
33713
33953
33717
33709
33853
33821
33812
33627
33822
33771
33912
33928
33941
33795
33914
33858
33733
33723
33903
33929
33649
33908
33723
33974
33436
33960
34018
33869
33822
33726
33921
33747
33874
34109
33765
33860
33817
33772
33638
33893
33765
33491
34124
33691
33684
33815
34017
33953
33743
33590
33666
33750
33405
34049
33386
33970
33587
33749
33889
34083
33742
33929
33956
33660
33807
33435
33913
33963
33819
33665
33877
33704
33873
33738
33833
33830
33590
33944
33623
33738
33622
33776
33954
33605
33815
33730
34003
33533
33884
33767
33960
33654
33785
33659
33768
33732
33847
33430
33682
33806
33516
33795
33938
33804
33574
33768
33700
33851
33867
33703
33778
33748
33925
33776
33713
33778
33909
33678
33692
33692
33625
33722
33844
33734
33898
34005
33699
33852
33846
33873
33707
33882
33912
33516
33902
33808
33592
33858
34015
33688
33712
33772
33611
33810
33664
33694
33827
34117
33724
33730
33595
33843
33887
33709
33757
33659
34110
33740
33505
33857
33688
33878
33994
33747
33991
33774
33812
33716
34002
33873
33711
34030
33721
33647
33782
33869
33729
33716
33682
33787
33589
33667
33832
33637
33872
33763
33652
33775
33633
33661
33620
33858
34020
33810
33628
33798
33935
33583
33840
33713
33777
34127
33705
33759
33728
33883
34107
33831
33699
33815
33786
33781
33720
33887
33831
33857
33763
33840
33752
34033
33763
33782
33839
33773
33645
33840
33711
33816
34034
33889
34026
33807
33874
33865
33848
33913
33748
34030
33649
33663
33797
33789
34041
33784
33628
33735
33597
33567
34018
33610
33611
34056
33991
33783
33699
33567
33821
33865
33956
33564
33664
33756
33744
33763
33876
33935
33781
33829
33517
33851
33346
33667
33830
33821
33873
33747
33950
33722
33550
33694
34078
34002
33565
33739
33700
33804
33794
33936
33834
33792
33759
33862
33918
33952
33940
33806
33878
33902
33786
33872
33826
33647
33443
33997
33936
33788
34081
33836
33965
33563
33675
33998
33791
33628
33747
33968
33976
33474
33796
33783
33566
33610
33713
33869
33655
33698
33757
33611
33754
34099
33885
33978
33728
33926
33954
33832
33816
33892
33715
33550
33797
33616
33586
33572
33800
34091
33800
33695
34012
33387
33667
33837
33964
33806
33674
33745
33755
33934
33905
33628
33686
33852
34000
33814
34129
33824
33807
33677
33905
34317
33837
33822
33919
33954
33889
33846
33923
34042
34036
34024
33974
34132
34159
33832
33925
33667
33551
33667
33567
33666
33874
34025
33725
33749
33902
33905
33689
33768
33806
34004
33803
33717
33921
33817
33513
33532
33841
33826
33826
33838
33933
33764
33647
33571
33737
33790
33670
34204
34175
33706
33672
33843
33881
33752
33943
33723
33523
33778
33834
33807
33651
33631
33662
33667
33913
33868
33981
33851
33910
33751
33937
34062
33844
33591
33788
33684
33854
34134
33669
33586
33741
33880
34022
34056
34019
33653
33697
33656
33545
33734
34057
33988
33606
33738
33576
33635
33613
34056
33635
33756
33828
33765
33880
33815
33848
33998
33951
33778
33754
33812
33865
33832
33851
33832
33575
33793
33880
33822
33558
33531
33752
33511
33893
33843
33972
33833
33799
33612
33906
33590
33529
33620
33669
33482
34012
33616
33974
34232
33902
33658
33782
33834
33897
33910
33721
33828
33808
34203
33862
33582
33866
34089
33972
33762
33912
34039
33663
33633
33782
33595
33755
33882
33635
33597
33901
33639
33776
33876
33721
33641
33831
33680
33957
33874
33990
34026
33883
34055
33758
33953
33842
33758
33690
33882
33784
33985
33878
34033
33753
33806
34023
33856
33632
34014
33647
33878
33940
33819
33873
33756
33779
33707
33770
33665
33679
34047
33953
33733
33797
33920
34006
33933
33949
33923
33675
33981
33799
33807
33802
33759
33878
33851
33840
33751
33897
33844
33950
