60856
60582
60824
60684
60689
60807
61069
60617
60855
60840
60904
60691
61063
60757
60808
60609
60885
60718
60729
60869
61004
60911
60888
60782
60670
60778
60869
61056
60790
60796
60878
60774
60904
60799
60893
60822
60761
60926
60668
60854
60986
60721
60681
60620
60728
60812
61045
60853
60977
60840
60809
60895
60908
60590
60462
60960
60612
60737
60737
60921
60850
60823
60856
60602
60687
60385
60830
60881
60474
61003
60741
61049
60858
61005
60793
60882
60572
60616
60516
60581
60905
60779
60814
60823
60850
60838
60794
61141
60689
60966
60984
60479
60902
60529
60973
60933
60879
61059
60846
60759
60844
60862
60882
60785
60787
60817
60919
60786
60848
60699
60774
61198
60834
60612
60718
60881
61047
60810
61050
60831
60981
61006
60626
60880
60591
60698
60928
60695
60769
60629
60687
60407
60578
60835
60829
60796
60617
60520
60969
60835
60952
60769
60914
60823
60793
60882
60899
60782
61105
60773
60755
60913
60964
60618
60877
60845
60828
60522
60805
60824
60655
60696
60844
60701
60825
60740
60952
60748
60833
60540
60764
60786
60912
60835
60627
60675
60786
61001
60649
60574
60866
60764
60691
60992
60864
60746
60619
60745
60776
60918
61008
60794
60778
60571
61152
60821
60970
60708
61011
60828
60694
60681
60550
60906
60812
60903
60789
60822
60505
60604
60729
60784
60980
60734
60659
60928
60982
60942
60758
61110
60793
60967
60737
60827
60842
60609
61077
60668
60915
60882
60645
60964
60750
60849
60847
60862
60970
60919
60556
60900
60985
60881
61041
60966
60878
60721
60761
60846
60764
60506
60743
60688
60555
60586
60696
60843
60833
60806
60525
60557
61049
60735
60605
60599
60955
60872
60973
61124
60638
60597
60969
60743
60679
60979
60985
60897
60955
60960
60783
60846
60759
60851
60720
60534
60534
60580
60574
60759
61013
61025
60839
60827
60859
60628
60885
60640
60813
61040
60766
60942
60737
60866
60908
60623
60790
61056
60700
60766
61015
60570
60731
60881
60950
60685
60466
60773
60818
60680
61076
60567
60632
60425
60762
60919
60855
60830
60893
60759
60672
60995
60662
60664
60691
61049
61047
60762
60755
60786
60885
60732
60734
61011
60992
60937
60645
60969
61023
61039
60536
60994
60849
60856
60682
60989
60920
61177
60980
60595
60767
60935
60727
61009
60863
60796
60889
60605
60830
61109
61060
60590
61155
60796
60729
60716
60556
60750
60939
60486
60843
60764
61069
60836
60775
60894
60754
60637
60735
60812
60740
60933
60791
60797
60755
60827
60719
60539
61048
60630
60773
60573
61007
60825
60833
60675
60883
61067
60791
60853
60830
60662
60809
60588
60782
60644
61052
60752
60802
60557
60793
60677
60720
60588
60809
60575
61080
60687
60894
60718
60890
60852
60940
60696
61037
60834
61075
60918
60756
60758
60708
60920
60618
60882
60618
60682
60819
60675
60668
60899
60662
60909
60554
60470
60883
60790
60611
60804
60832
60846
60515
60761
60827
60713
60784
61017
60943
60870
60696
60675
60730
60568
60533
60826
61017
60841
60890
60731
60634
60641
60820
60979
60677
60808
60640
60746
60624
60829
61199
60744
60547
60839
60776
60886
60731
60658
60800
60664
60789
60747
60788
60705
60761
61019
60856
60900
60752
60967
60833
60999
60766
60797
60939
60680
61172
60747
60818
60559
60484
61017
60503
60651
60867
60491
61062
60572
61014
60572
60916
60949
60853
60816
60697
60869
60838
60827
60948
60716
60931
60890
60713
60691
60807
60544
60692
61029
60859
60812
60762
60722
60440
60786
60602
60796
60814
61022
60816
60747
60731
60691
61226
60662
60600
60743
60770
60732
60674
60685
60688
60753
60832
60784
60732
60856
60908
60988
60874
60822
60748
60857
60691
60919
60974
60882
60958
60980
60603
60958
60759
60644
60760
61054
60872
60670
60585
60805
60623
60813
60687
60769
60559
60795
60430
60721
60737
60887
60914
60586
60712
60692
60740
61051
60795
60767
60889
60814
60811
60655
60922
60852
60709
60749
60756
60716
60931
60787
60503
61031
60630
60695
61016
60895
60630
60949
61016
60580
60676
60955
60645
60716
60982
60845
60682
60948
60693
60877
60734
60455
60599
60893
60784
60993
60663
60791
60773
61010
60744
60993
60866
60973
60781
60575
60968
60540
60408
60904
60344
61117
60831
60842
60758
60731
60794
60935
61102
60625
60561
60855
61103
60752
61091
60515
60869
60708
60537
61048
61041
60813
61016
60591
60833
60795
60857
60640
61010
61059
60856
61090
60799
61047
60954
60858
60712
60629
60521
60616
60703
60853
60976
60854
61058
60666
60657
60697
60803
60768
60742
60895
60974
60699
60867
60791
60585
61063
60929
60834
60816
60922
60835
60810
60507
61107
60757
60823
60741
61040
60816
60721
60818
60701
60830
60909
60907
61090
60761
60929
60993
60560
61016
60687
60604
60822
60686
60785
60768
60782
60910
60931
60598
60905
60389
60714
61064
60725
60715
60959
60730
60841
60799
60830
60949
60767
61049
60883
60917
60561
60636
60964
60731
60693
60880
60780
60674
60929
60707
60906
60916
60725
60517
60707
60711
60734
60897
60960
60639
60676
61292
60878
60730
60911
60885
60733
60801
60566
60903
60721
60818
61077
60553
60672
60877
61052
60771
60728
60958
60888
60775
60599
60728
60924
60909
60620
60586
60484
60477
60906
60864
60747
60746
60719
60880
60934
60682
60774
60775
61023
60993
61130
60711
61010
60717
60899
60662
60864
60867
60967
60347
61021
60367
60828
60692
60527
60712
60720
60903
60514
60784
61237
60866
60863
60796
60659
60867
60764
60858
61003
60641
61042
60808
61005
60833
60690
60870
60875
60999
60861
60922
60628
60592
60691
60770
60933
60644
60798
60692
60849
60678
60826
61066
60665
60904
60600
60957
60786
60923
60930
60736
60625
60763
60582
60929
61073
60676
61060
60606
60894
60764
60729
61087
60651
60818
61003
60761
60743
60920
60658
60775
60694
60615
60497
61016
61040
60895
60758
60888
60972
61001
60832
60727
60759
60912
60755
60808
60581
60793
60902
60832
60390
60612
60787
60943
60844
60962
60648
60709
60589
60794
60895
60510
60549
60791
60721
60708
60656
60994
60747
60942
60893
61092
60994
60838
60879
60813
60734
60693
60782
61007
60999
60794
61102
60790
60827
60668
60737
60805
60788
60815
60747
60822
60831
61010
60672
60903
60875
60581
60656
60896
60910
60601
60802
60830
60687
60995
60877
60712
60533
60734
60969
60603
60946
60492
61015
