51952
51683
51799
51821
51357
51564
51624
51762
51477
51543
51773
51941
51638
51825
51709
51296
51534
51854
51796
51531
51879
51612
51697
51625
51764
51552
51602
51504
51593
51752
51730
51625
51636
51532
51705
51807
51581
51693
51735
51651
51702
51758
51853
51499
51822
51912
51569
51646
51586
51607
51487
51818
51925
51612
51540
51459
51729
51581
51533
51528
51628
51594
51702
51769
51629
51784
51642
51591
51848
51368
51779
51666
51725
51513
51840
51665
51524
51849
51821
51753
51605
51718
51732
51728
51743
51806
51534
51378
51487
51615
51830
51764
51978
51888
51968
51737
51652
51663
51666
51732
51687
51568
51921
51382
51906
51714
51774
51709
51720
51763
51445
51735
51577
51699
51691
51978
51959
51666
51495
51879
51783
51587
51649
51584
51604
51418
51837
51823
51588
51699
51674
52000
51641
51603
51968
51853
51454
51874
51734
51606
51521
51892
51646
51769
51543
51652
51719
51529
51814
51499
51698
51832
51564
51814
51752
51803
51866
51677
51950
51584
51805
51681
51667
51581
51687
51890
51699
51617
51814
51851
51725
51825
52070
51984
51451
51861
51632
51891
51677
51871
51910
51578
51724
51425
51465
51607
51617
51560
51893
51516
51926
51739
51728
51767
51908
51754
51710
51725
51511
51611
51614
51572
51526
51573
51489
51855
51713
51798
51750
51625
51633
51380
51575
51905
52010
51671
51784
51478
51768
51432
51513
51693
51706
51353
51466
51729
51742
51553
51408
51821
51865
51601
51518
51547
51856
51734
51812
51605
51487
51639
51807
51772
51834
51721
51583
51529
52032
51568
51395
51662
51517
51741
51507
51523
51745
51513
51347
51678
51514
51565
51702
51652
51738
51747
51755
51655
51757
51675
51837
51686
51563
51776
51834
51875
51463
51555
51701
51762
51446
51708
51567
51840
51917
51554
51726
51814
51780
51896
51485
51766
51722
51746
51315
51651
51940
51734
51740
51438
51787
51493
51902
51647
51814
51590
51465
51678
51650
51596
51841
51781
51873
51950
51443
51691
51568
51744
51776
51675
51814
51560
51633
51902
51497
51789
51797
51729
51596
51427
51554
51554
51645
51796
51872
51375
51637
51327
51721
51932
51784
51918
51548
51340
52024
51355
51803
51776
51785
51717
51603
51471
51784
51710
51918
51503
51705
51525
52265
51980
51839
51522
51284
51955
51694
51987
51753
51862
51861
51790
51876
51620
51698
51728
51634
51611
51657
51645
51665
51767
51548
51598
51753
51737
51868
51250
51636
51458
51723
51628
51645
51853
51485
51625
51641
51921
51916
51853
51420
51545
51400
51484
51542
51876
52044
51753
51413
51618
51971
51370
51562
51701
51648
51523
51686
51438
51751
51714
51488
51791
51649
52006
51328
51723
51979
51912
51724
51849
51778
51540
51665
51717
51617
51681
51598
51573
51604
51778
51769
51553
51690
51793
51759
51707
51799
51588
51625
51723
51494
51938
51395
51875
51622
51713
51725
51867
51541
51727
51516
51655
51833
51724
51362
51497
51479
51674
51941
51550
51468
51859
51722
51581
51758
51798
51790
51733
51941
51553
51745
51715
51480
51448
51436
51866
51791
51821
51917
51802
51680
51583
51463
51617
51256
51489
51393
51586
51603
52006
51636
51445
51674
51741
51730
51818
51647
51917
51660
51595
51754
51599
51615
51758
51911
51499
51560
51694
52042
51471
51817
51453
51946
51513
51481
51515
51413
51675
51596
51699
51644
51473
51848
51672
51621
51764
51767
51493
51679
51775
51645
51753
51601
51745
51758
51542
51810
51933
51556
51661
51624
51388
51726
51668
51507
51624
51753
51547
51754
51442
51734
51474
51452
51521
51716
51750
51815
51617
51464
51470
51566
51774
51652
51622
51582
51366
51708
51521
51926
51618
51674
51250
51419
51689
51923
51648
51840
51697
51885
51866
51383
51796
51567
51727
51669
51475
51643
51630
51702
51567
51395
51827
51609
51713
51524
51482
51468
51711
51575
51526
51554
51511
51954
51870
51604
51510
51809
51927
51736
51613
51462
51571
51650
51882
51686
51462
51524
51717
51457
51736
51903
51482
51698
51499
51606
51860
51765
51749
51727
51597
51627
51643
51661
51721
51701
51553
51622
51749
51373
51634
51547
51645
51722
51391
51695
51776
51678
51547
51845
51855
51541
51739
51623
51629
51895
51282
51551
51517
51862
51625
51465
51739
51555
51578
52007
51745
51590
51903
51698
51676
51706
51350
51647
51737
51905
51637
51682
51902
51966
51384
51766
51657
51444
51675
51624
51661
52060
51634
51377
51992
51831
51780
51555
51633
51545
51549
51430
51519
51535
51613
51790
51518
51870
51555
51539
51645
51710
51937
51928
51579
51981
51772
51251
51610
51766
51808
51533
51273
51257
51327
51494
51744
51690
51517
51602
51491
51559
51836
51888
51918
51487
51748
51609
51916
51556
51803
51766
51583
51630
51880
51750
51701
51605
51935
51703
51738
51777
51598
51579
51514
51538
51587
52003
51596
51603
51697
51612
51575
51751
51722
51482
51892
51645
51538
51618
51942
51611
51593
51552
51623
51776
51866
51902
51549
51865
51745
51752
51513
51586
51826
51767
51683
51904
51675
51699
51964
51617
51829
51677
51733
51497
51656
51945
51497
51736
51425
51730
52013
51618
51365
51707
51416
51900
51423
51534
51459
51875
51710
51506
51827
51942
51609
51592
51586
51781
51798
51883
51868
51546
51831
51547
51726
51582
51754
51744
51627
51861
51514
51770
51545
51775
51613
51694
51530
51691
51484
51535
51850
51711
51799
51564
51465
51706
51547
51623
51860
51526
51671
51515
51623
51859
51593
51592
51930
51727
51427
51529
51795
51666
51742
51797
51757
51732
51749
51779
51405
51649
51876
51467
51455
51932
51835
51875
51975
51605
51725
51687
51392
51647
51681
51366
51785
51604
51864
51490
51664
51640
51501
51673
51493
51831
51680
51732
51434
51767
51853
51335
51686
51686
51733
51954
51539
51663
51749
51434
51526
51753
51628
51669
51639
51818
51518
51788
51694
51424
51553
51858
51619
51701
51647
51947
51695
51697
51698
51619
51814
51718
51411
51499
51607
51450
51596
51883
51691
51542
51734
51570
51931
51666
51748
51517
51605
51528
51896
51534
51473
51604
51629
51722
51771
51691
51752
51481
51408
51746
51773
52009
51509
51838
51673
51650
51594
51658
51549
51350
51596
51646
51624
51947
51626
51523
51591
51357
51542
51634
51675
51475
51588
51729
51542
51983
51820
51594
51757
51563
51728
51626
51686
51618
51899
52091
51562
51740
51688
