557462
555349
555966
557002
556049
556107
556591
556449
556726
556065
556047
557511
556951
557123
556149
556377
556709
556699
556913
556323
556472
557115
556265
556838
556179
555962
556221
556544
557257
556754
556544
556351
556059
557749
556989
557198
556981
556800
557391
557052
556457
557041
557047
556254
556063
556968
556925
556179
555972
557346
557890
556309
556430
556200
557318
556116
556679
556670
556422
556631
556251
556887
556633
556425
556671
556480
555727
555633
555626
556550
558221
556203
557043
556587
556091
556662
555915
556336
557103
555833
556424
556759
556676
557063
557061
556148
556259
556411
557073
557266
556695
556730
556154
556321
556889
555946
556310
557114
557182
556505
557253
556590
556831
555819
557488
557220
556366
556804
556834
556079
555826
555987
556670
556224
556764
556843
555723
557222
556621
557081
556477
556276
556126
556790
556607
555943
555856
555978
556721
557113
556020
556978
556890
557092
557217
556605
555986
556861
556101
556138
557750
557962
556623
556660
556662
556972
556543
556437
556277
556588
556032
556496
556443
557209
556673
556537
555667
556442
556255
556809
556787
556193
556459
556980
556293
555766
556745
556733
556802
556623
557480
556812
556870
557025
555368
556767
556968
556813
556458
556967
557195
555720
557192
556479
556685
556994
555973
556191
556353
556008
556767
556236
556126
557175
556843
557396
556895
556963
555998
557461
556397
557050
557209
557458
556243
556570
556176
556630
556021
556759
556469
556879
557479
556941
556656
556131
556479
556653
556634
555633
556349
556556
555903
556895
555905
557195
556324
556653
556640
556765
556799
555928
556269
556753
556245
555835
556659
556630
556649
556078
557255
557009
556364
556714
556829
556932
556716
556394
557374
556203
557201
555844
557180
556742
555919
556188
556986
556257
556226
557223
556021
556480
557302
557787
556743
556900
557209
556688
556790
556339
557764
557210
556407
556407
556526
556287
556644
556656
556469
556426
555526
556078
557176
557153
556452
556229
556912
557560
556029
556678
555509
556082
556367
556147
556454
556492
556466
555865
556354
555905
555952
556298
556515
556482
556517
557168
556831
557895
556144
556947
556951
557632
556267
557128
556569
556080
556379
556732
557164
556673
556484
557072
556905
556908
555926
556530
556037
556130
556543
556157
555801
555815
556398
556848
557189
557001
556335
556425
557084
557240
557059
556810
556271
556291
555939
556516
556009
557278
556796
556877
556376
555955
555696
556625
556119
556845
556853
556860
556089
556012
556975
556574
556610
556218
557005
556711
556407
556580
557049
556417
556849
556668
557041
556679
556358
556762
556451
555880
556859
556473
556146
557356
555741
557692
556537
556473
556671
556495
556684
557706
557482
556635
556859
556881
556942
556938
556245
556915
556427
556711
556011
556341
556600
556429
556228
555288
556549
556306
556162
556528
556543
556258
556597
557024
556494
556633
557176
556689
556860
556297
556330
557180
556466
555603
557029
556594
556385
556704
556706
556038
557030
556252
556543
557081
556619
556921
556818
556291
557038
556378
556716
555743
556417
556621
555948
556672
556294
557069
555738
555797
557033
556462
556189
557110
556665
556401
556231
557707
557219
556518
556592
556119
556191
556950
556311
556190
556628
557971
556970
557389
556605
556577
556033
557678
556617
557477
556509
556533
556912
556347
556213
556162
557335
557043
557524
555924
555805
555906
556845
556411
556288
556595
556350
557901
557194
556658
556576
556277
557184
556892
556388
556404
556919
557257
556930
556626
556133
556699
555807
556436
556598
556033
556243
556706
556756
557229
557152
556752
556966
556373
556587
556941
556353
556090
556395
556416
555944
557402
556322
557730
556928
557008
556667
556943
555650
556676
555917
557112
556098
557092
555992
556577
556458
556816
557204
556849
556286
556750
557019
557103
556912
556660
556072
556588
556066
556180
557015
557294
556023
556805
556768
555681
556701
556135
556222
557015
556221
556240
556300
556156
556762
556861
555733
556096
555513
556448
556579
556013
555789
555271
556019
556085
555893
556858
555498
556785
557092
556722
556659
556727
556393
557335
556125
556982
556615
556615
556998
557011
557018
557671
556654
557391
557138
556902
555953
557151
556442
556263
555701
555970
556443
556890
556818
555760
557184
555942
557183
556146
557242
556854
556177
556477
556444
556285
556638
556466
556021
556238
557046
556996
555820
557280
556878
557057
556052
555700
556798
556417
556402
555943
556302
556442
557267
555854
556678
556215
556805
556107
556791
556844
556521
555474
556811
555933
556295
557537
556522
556487
557085
557317
556353
555858
556105
557195
557180
556924
557171
556655
556939
557274
556644
556722
556135
556427
556350
556170
556812
557079
556905
555549
556474
556285
556942
557183
557405
557208
555865
556733
556552
556303
557234
555532
557222
556636
557052
556438
555471
557065
556340
556028
556076
557250
556534
555627
556139
556316
556924
556396
556280
556578
556573
556048
556890
556359
556742
556704
556971
557002
556512
557285
556990
557108
556490
556231
556657
556027
556044
557157
556267
556666
557632
557273
557378
557001
556516
556957
556497
556108
556344
555773
556200
555507
557058
556502
557711
557446
556111
556507
556648
557139
556439
556309
557413
557482
556527
556902
557322
555718
556073
557147
556246
556610
556786
556399
556709
556808
556186
556735
556702
555759
556433
556327
556809
556715
556613
556971
556550
556293
556052
555658
556447
557268
557833
556743
555631
557447
556585
557241
556882
556870
556138
557024
556648
556120
555975
556445
557283
556798
556943
557512
555974
557044
556895
555841
556963
556928
556524
556808
556869
557589
556483
556096
555883
556406
556597
556910
556881
557292
556165
557163
556294
556473
556549
556742
556055
557151
556576
557382
556182
557070
557055
557301
557645
556991
557101
556559
555877
556132
556459
556891
556696
556595
555550
556005
556501
555496
556134
557987
556926
555809
556940
556844
556439
556134
556630
556727
556930
556782
557082
556845
557562
555874
556417
556091
556709
556484
556533
556642
557046
556595
557054
556005
556330
556787
557355
555935
556772
556976
556739
556353
555888
556370
556723
556675
555568
556947
557037
557002
556162
556262
555556
556431
556720
556326
556815
557641
556291
557021
556689
557014
555724
556679
556564
556746
556156
556821
556177
556461
556579
555545
555625
555863
556908
556586
556492
556324
556349
555152
556626
556725
556690
556235
556517
556084
556580
556838
556600
556940
556284
556278
557263
556643
556821
556141
556863
556943
557846
555998
555806
556376
555384
556875
555996
557131
556640
557141
555750
556576
557535
557528
556346
556596
555884
556334
556520
556628
556861
556233
556753
556586
555630
556905
556904
556536
555991
556935
556901
556134
557147
555822
556675
556135
556516
555955
555395
556578
556526
555992
555442
557030
556561
556004
556015
556030
556428
556502
555810
555946
556691
557068
557562
555978
556060
557087
556488
556977
556814
556075
556644
556634
