813122
813300
813632
813829
813432
813649
813546
813368
812912
813851
812941
813110
812784
813055
812761
813288
813578
814040
812880
813218
813755
813127
813173
813195
813268
813687
812793
813005
812960
812870
812994
813679
813528
812662
812866
812462
812652
812831
813155
813383
812762
813806
813609
813186
813974
814215
812594
813023
813549
813201
813379
812267
813470
813460
813103
812767
812997
813766
813111
813563
813610
813341
813324
814241
812553
813127
813324
813507
812955
812754
813798
813517
813469
813487
812834
812869
813243
813346
813626
813621
813559
813471
813134
812782
813050
813023
813198
812826
813498
813566
813170
813567
812910
813718
812744
813438
813531
813058
813128
813443
813270
813484
813300
812670
813450
813240
813657
813386
813252
813397
813715
813268
813209
814037
813054
813365
812922
813554
813064
812677
813610
814142
813008
813363
813303
813157
813131
813099
813610
813257
813093
813344
812879
813186
813405
813321
813666
813369
812908
813107
813044
813784
813111
813515
813048
812615
813598
813142
813101
813774
813096
812778
813512
813638
813140
813594
813005
813398
813070
813273
812756
813524
813626
813667
812825
813551
813116
813382
813555
813477
812934
813304
813211
813511
813008
813979
813200
813081
813482
812868
812738
812535
812837
813348
812726
813504
813407
814308
813368
812964
813095
812860
813468
813579
813238
813366
812630
812949
813230
813492
813557
813351
813084
814074
813530
812520
813564
813777
813448
812751
813601
813622
812961
813770
812725
813201
813323
813448
813124
813223
813799
813476
813057
813815
814113
813212
813185
813607
812722
813204
813128
812835
813093
813240
813002
813385
812764
812835
813463
813367
813326
813748
814092
813678
813985
813132
813675
812559
813035
813064
812690
812732
813332
813862
813125
813616
813607
813178
813031
813403
813432
813627
813908
813836
812907
812746
813235
813209
813643
812595
813013
813756
812915
813466
813457
813414
813431
813542
813003
813251
813301
812850
813720
813188
813016
813387
812788
813075
813879
813632
812694
813108
812727
812929
812894
812966
812887
813522
813457
813641
813487
812915
813333
812460
813070
813704
813201
813234
812801
813213
813255
813796
813314
813418
813280
813001
814029
813624
813317
812959
813796
813213
813384
813420
813171
813028
813737
812866
813343
813484
813370
813027
813853
813337
813469
812885
813226
812148
813639
812830
812963
813705
813143
813096
813293
813245
813686
813677
814042
812925
813480
812989
813704
813508
813101
813324
813627
813046
813231
812573
813340
813969
813569
813940
812989
813244
813061
813020
812817
812997
812878
813100
813098
813659
813468
812427
812835
813153
813521
813669
813430
812953
813052
813067
813765
813066
813533
813309
813036
813351
813079
813667
813443
812908
813204
813044
813563
813850
813860
813293
813486
813098
813296
813561
813670
812662
813488
813106
812972
813471
813205
813167
813245
813394
812301
812764
813323
813199
813500
812726
813152
813277
813934
812978
813448
813224
812753
813144
812514
813129
813335
813360
813570
813528
812811
812984
813378
813189
812812
813046
813577
813002
813443
813189
812855
813644
814221
813291
813476
812661
813447
813328
813676
813354
813480
813029
813279
813748
813142
812916
813270
813847
813449
813234
813044
813105
812820
813765
813451
814059
813827
812707
813731
813302
813278
812662
812838
812966
812804
812979
813668
813130
813305
813556
813496
812547
813572
812801
813748
813878
813067
814498
812834
813455
813120
813141
813028
813319
813119
813699
812753
813300
813238
813898
812839
813410
813681
814051
814168
813444
813623
813614
813841
813702
813636
813009
813423
813236
813157
812733
812886
812854
813598
813457
812630
813294
813243
812934
813417
813543
813008
813417
813067
813920
813104
812843
813728
813408
813470
813432
813550
813005
812896
813353
812964
813252
813183
813405
813282
812973
813422
813006
813079
813543
813807
813003
813461
812568
813366
814071
812840
813511
812555
813385
813409
814021
813242
813080
813749
813601
812616
813105
813079
813174
813837
813340
813236
812937
813325
813331
813351
813405
813366
813360
812400
813327
812583
812656
813654
813176
813641
813549
813254
813305
812753
813753
813203
813351
812884
813463
813508
813433
813130
813354
813277
813445
813111
813244
813646
813352
813504
813044
813596
813192
814270
812602
813522
812783
813757
813558
812427
813193
812929
813562
813358
813185
813018
811983
813191
813450
812693
813031
813204
812605
812346
813817
813047
813661
813270
813384
812928
812528
813016
813194
813731
813304
812640
813483
813358
812797
813453
813245
814372
813288
813403
813250
813533
813811
813392
813297
813241
813333
813661
813612
813567
813654
813522
813777
813263
813323
813596
812806
813155
813125
813825
812700
813433
813143
813462
813353
813052
812840
813067
813068
813193
813665
813906
812795
813314
813654
812666
813200
813431
812752
813263
813098
812703
812685
813519
813389
813164
813712
813128
813297
813690
813050
813032
813384
813341
813235
812846
813327
813093
813041
812898
813242
813292
812941
812886
813003
813457
813914
812634
813169
812983
813209
813301
813145
812493
813342
813444
813169
813577
813232
813636
812978
812940
813378
812896
813152
813745
812713
813107
813133
813301
813349
813416
812988
812929
813185
813605
813550
813641
813561
813590
813235
813934
813491
812776
814092
813457
813204
813293
813176
813936
812655
812867
813277
813764
812822
812857
813427
812772
813733
813606
813452
813495
813256
813293
813108
813300
813605
813208
813560
813707
813392
813351
813848
812934
813059
813530
814000
813511
812822
813196
813692
813250
813405
812613
813803
813261
812530
813221
812872
813933
812685
812410
813101
813045
813402
813044
813705
812794
813786
812500
814070
813184
813961
812798
813358
813607
812643
813374
813154
813832
813198
813565
812753
813395
812847
813138
812986
813372
813324
813692
812970
813759
812756
813100
812846
814000
813209
813045
813743
813759
813433
812756
813129
813016
813157
812911
812762
813556
813533
812769
813254
814116
813607
813624
813591
813625
813912
813663
812792
813705
812602
813665
813353
813075
814023
813389
813341
813444
813522
812732
813126
813540
812561
812994
813270
813624
812755
813571
813182
813976
813353
813469
813407
813624
813555
813105
813140
813061
813335
813158
813021
813094
813202
812969
813630
813780
813277
812777
813371
813591
813039
812757
814092
813493
812962
812756
814083
813690
813401
813042
813123
813175
813243
813048
813614
813376
814157
812630
813267
814071
813470
812759
812650
813477
813952
812428
813493
813392
813182
813409
812927
813595
813588
813060
813033
813022
813465
813160
813431
813084
813116
812857
813599
813614
812782
813162
813372
813137
812947
813615
813309
812598
813641
813372
813069
812741
812790
813552
812972
813155
813223
813391
813102
814025
812829
812767
812834
812912
812592
813067
813691
813505
813420
813248
812733
812954
813592
813392
813748
813407
813304
812936
813313
813628
812611
813567
812888
813141
813741
813192
813134
813267
813171
813234
813185
