723482
724392
724530
724250
724889
723597
724076
723452
724385
724166
724700
724236
723311
724303
723669
723297
724664
724269
724079
724410
723766
723955
723895
724062
723781
724541
724333
724311
723922
723870
724483
723533
723995
724175
725026
724193
723823
724414
723484
724152
724485
724068
723983
723068
724255
723424
724129
723288
724182
723712
723437
723778
723787
723428
723759
723877
722882
724226
723656
723533
724117
724013
723685
724470
723299
723947
723782
725850
722828
723775
723591
724415
723478
723966
722838
723599
723667
724972
723872
723274
723551
724615
724209
723335
723550
723423
723800
724313
723625
723599
722752
724133
724432
724632
723346
723478
723684
722830
724235
723947
723615
723681
724010
723810
724176
724420
723679
723409
724122
724776
723632
724266
723639
724800
723839
724568
723824
724330
724219
724042
724264
723996
722730
723245
724683
723978
724900
724201
723060
723461
724091
723839
724273
723524
724349
724053
724249
724065
724251
723292
723550
724163
723620
723577
724094
723459
723811
723111
723670
724059
723462
723970
723973
724798
724314
724108
724223
724883
723241
723993
723658
725039
724171
723833
723900
724781
724298
724242
723817
724227
723842
723992
723795
723991
724113
724050
724712
723689
723477
724516
723842
723364
724448
723588
723787
723562
723671
723395
723472
724099
723832
723791
722764
723118
724528
723462
724138
723552
724465
724641
724346
724135
723899
724188
723686
723604
724086
723911
723713
723376
723486
723888
724043
723826
723455
723900
724281
723678
723361
723714
723804
724257
724093
723257
723913
723722
723157
723995
724011
724373
724290
723712
724861
723960
723916
724170
723614
723901
722835
723155
724203
723529
723981
723661
723553
723680
722981
724519
723854
723764
723860
723623
724344
723451
723248
723471
724150
724370
724508
723271
723708
723830
723917
723589
724163
723509
723276
724678
723890
723498
723743
724246
723871
724099
723512
723814
723710
724055
723952
723292
723478
723958
724414
723540
723186
723675
723563
724718
724213
724441
723888
724407
724098
724431
723850
723672
724233
723481
724886
723786
723702
723822
724255
723950
723061
724406
723605
723616
723207
723464
723616
723474
724183
724469
723921
724125
723161
724659
724697
724388
723384
723895
723602
724513
724512
723451
724480
722778
723781
724067
724228
723538
724280
724170
722488
724520
723120
723914
723846
724115
723668
723344
723958
724195
723955
724556
724191
723854
724142
723950
724110
724474
724519
723412
722732
724389
723823
723899
724279
724103
723957
724062
724482
724380
724038
723843
723536
723921
723449
723830
724556
724438
723648
723425
724240
724161
724555
724230
723784
724040
724227
724149
724456
724238
724261
723682
723582
723745
723774
724580
724406
723754
723868
723996
724612
725032
724365
724456
724669
723935
724797
723496
724173
723496
723996
723809
723094
724242
724606
724328
724091
724229
724158
723085
723509
723959
723506
723700
723564
724385
723560
723902
724101
724197
723573
723444
723585
723704
724163
723594
723462
723031
724004
723874
723129
723934
723751
724418
723816
724533
724027
724363
723069
724112
723167
723541
724016
723536
724410
723845
723966
723863
723610
723718
723701
723358
723212
723419
723598
723610
724284
724160
724088
724531
724788
723959
723848
723497
723515
723705
725005
724822
724151
723455
724972
724663
724064
723351
724241
724100
723273
724357
723710
724052
723264
724101
722890
724395
723700
724063
723148
724304
722971
724324
723515
723654
723990
723815
725046
724250
724548
724461
723403
722947
725110
724398
723944
724523
724374
723535
723868
723927
723684
723581
723883
723932
724106
724144
723816
724962
723572
724129
723340
723666
723933
724007
723706
724319
723450
723997
723876
723464
724136
723562
723909
723579
723573
723735
723804
723991
723519
724164
723590
724585
724642
724153
723466
723806
723923
723861
724483
723786
723989
724154
724586
724199
723921
724081
723811
723429
723616
724393
723986
723492
723862
724041
723802
724275
724246
724560
723150
724344
724301
724127
723722
723742
723218
724294
724114
724383
723750
723731
724802
723534
723361
723761
723322
723802
724107
724751
724109
723803
723653
723713
724283
723924
723680
724202
723495
723478
724076
723478
723327
723366
724071
724484
723761
723902
724500
723856
723532
723835
723167
724189
723214
723960
723679
723898
723850
724271
723784
724201
723946
723290
724561
724092
725399
724027
724535
723741
724007
724358
723490
722974
724140
724301
724268
723652
723520
724425
724480
724640
724535
724568
724513
723666
724000
724014
722957
724421
724106
723884
724655
723848
724208
723592
724265
723688
723895
724122
723403
724391
724732
723633
724304
723582
723214
724154
724638
723400
723801
723777
723561
723569
723780
724416
724198
724864
723519
724020
723959
723856
724925
724381
723744
723937
724138
723710
724319
724653
723935
723763
723911
723649
723736
723934
723418
722704
723229
724078
723930
723591
724216
724174
724282
723643
724395
723606
723913
723033
723546
723985
723240
724066
724754
724549
724301
723352
723737
723716
723686
723942
725028
724065
723511
724224
724364
724109
723489
723365
723916
724107
724091
724077
724159
723032
724036
723718
723811
724495
723835
724243
723617
724014
724324
723400
724182
723758
723928
723927
724242
724663
724221
723986
724092
723895
723401
724052
723904
724169
724037
723870
723908
723571
723370
724014
723920
724010
723641
724531
724419
724022
724577
723894
724644
723246
724144
723882
724308
724111
724390
723696
723605
724187
723795
723060
724397
723197
724598
723109
724257
723893
723585
723829
723640
724059
723330
724062
723668
724324
724435
723493
723290
724226
724090
724292
724097
723386
723702
723975
725178
723925
724246
724793
724023
724142
724244
724588
724163
724479
724072
724077
724820
723606
723875
724672
723628
724846
723770
723992
723060
724440
724395
724184
724514
724253
724579
724356
723362
723816
723642
724195
723631
723868
724080
724527
723466
724244
723151
723731
723269
723214
723910
723798
724065
723989
724501
723718
724650
723918
723956
723561
723513
724268
723665
723788
723993
723108
724516
724722
724138
724834
724465
723301
723319
723948
724778
723858
724387
723798
723696
723988
723603
723558
723555
723785
724127
724005
724636
723773
724320
723247
723957
723926
723812
724559
724304
723939
723866
723943
723990
724250
723787
724217
723958
723897
723803
722680
724129
723522
723978
723845
724112
724524
723695
724799
723228
724296
723782
723306
724399
723926
724629
724335
723945
724177
724385
724394
723927
723882
724039
723687
723967
723800
724435
723804
723722
723965
723400
724019
723764
723803
723595
723820
724356
724623
724189
723913
723687
723377
724038
723337
722575
723480
724010
724519
723460
723537
724013
723852
724090
723508
724318
724145
724524
723457
723987
724282
724247
723177
723380
723971
723477
723465
723661
724129
723267
724431
723977
724086
724308
723629
724431
724022
723549
724310
723793
724188
724323
723785
724315
723627
724356
723845
722754
723809
724126
723291
723654
723548
