357829
358309
358108
358994
358070
358330
358470
357756
358922
357543
358963
358994
358367
358682
358039
357849
358272
358610
358588
358142
358211
358602
358383
357837
358098
358372
359213
358878
358295
358823
358719
358232
358965
358159
358692
358619
359128
357694
358309
358773
358005
357979
358632
359003
359549
359564
357004
358405
358092
357892
357875
358384
358782
358620
359174
357978
358650
359230
358059
358928
357747
359063
358971
358528
358968
358322
357586
358067
357841
358362
359367
358364
358677
359251
358962
358172
358312
358695
358016
358721
358517
357961
357631
358904
358935
358302
357986
358781
358208
358269
359240
358710
358674
358404
359054
359500
358763
359159
358372
358641
358076
359214
358565
358474
357524
358657
357995
358726
358815
359375
359035
359065
357703
358119
358217
358624
357479
358785
357952
358294
358471
357410
358052
358591
358852
358845
358528
359610
358491
358025
358811
358565
358543
357895
358515
358639
358236
358081
358513
357659
358711
358365
359012
358242
358490
358303
358430
358326
359101
358634
358663
358177
357923
358074
357933
358394
358007
357989
359203
357979
357729
359122
357959
359324
358211
358756
358161
358630
359435
358855
358229
357898
357684
358673
358328
357522
357564
358599
358828
358958
358493
358431
357851
357544
358890
358420
359428
358465
358182
359605
359184
359190
359106
358599
358759
357976
358453
357457
358678
359158
358337
357804
357829
359242
358324
358278
358841
358383
357748
358981
358438
359418
358962
358398
357999
358260
358478
358543
358072
358488
358494
358514
357855
358485
358689
358272
358429
358416
357715
357997
358229
358325
357874
358818
358223
359122
358660
358302
359211
358884
358316
359054
358408
358521
358012
357499
358313
358578
358244
357803
357707
358274
357871
358239
358325
358263
358087
358811
357823
358346
357961
358475
359170
358796
357837
358452
359086
358684
357595
357636
359347
359647
358098
359283
358097
359384
358821
358504
358215
358725
358428
358326
358530
358680
358591
357880
358420
358176
358624
358310
358070
357852
358106
358329
358533
358296
359102
358135
359137
358551
357944
358548
358601
358138
358739
357785
358417
358406
358900
358810
358085
357925
358454
358209
358680
358773
358270
358491
359213
358458
358325
358504
358262
358570
358600
358602
357425
358733
358580
358363
358928
358994
357964
358526
358216
358990
358511
358562
358535
358768
358240
358589
358247
358006
358118
358025
358497
357949
358580
358320
358240
357822
358841
359144
358012
358501
358205
358659
358032
359563
358186
358216
358892
357870
358200
358050
357422
357648
358593
357928
358955
358255
358770
358363
358628
358359
357435
358634
358766
359106
359295
359418
358740
358220
358102
358138
358226
358937
358102
358310
357638
358002
357776
358648
358653
358204
358262
358122
358468
358348
359000
358828
358536
358730
358404
358330
358748
358348
358000
358371
358428
357425
359089
358546
358547
358032
358527
357973
358456
359643
358091
358199
358350
358458
357109
358626
358485
358958
358291
358494
358438
358153
358586
358810
357261
359128
358487
358243
358363
358630
358968
358194
358942
358322
358863
358456
358710
358887
358853
358625
357335
358254
358086
358992
358881
358156
358572
357856
357351
358829
358915
358686
359336
358957
358507
358275
358734
358712
357372
357617
358596
357713
358242
358366
358357
358165
357783
358507
358257
358173
358414
358743
358541
357889
357972
358554
358660
358446
358318
358364
358562
358530
358863
358349
356929
359727
357749
359120
358217
357856
357922
357791
359039
358061
357699
358177
358141
358879
357856
358719
359071
358765
358010
358124
357824
358143
357858
357612
358543
359100
358096
357677
358230
358373
357963
357757
358346
359669
357917
358478
358093
358596
358344
357986
358413
357861
359287
359179
358361
358785
358505
358551
358651
359851
358647
359462
358446
357999
358369
357961
358462
357880
358523
358342
357185
357972
358072
358650
359146
357733
359063
358685
358797
358767
358066
358978
358195
358691
359212
358925
359517
357514
358367
358616
358085
358764
358963
358205
358782
358792
359191
357754
358902
359453
358412
357676
358551
358759
359144
358933
358002
358078
358356
358480
357625
357591
358101
357599
358487
358251
358138
359115
358664
357693
358803
357375
358367
358694
358296
358249
358306
357971
358814
358684
358438
358383
357827
358275
358679
357570
358078
358568
358483
358218
358219
357896
357936
358270
357679
358482
358631
357746
358640
357941
358400
357747
358642
358503
358333
359747
358581
358886
357039
358791
358135
357499
358394
358881
358351
358616
358531
357764
358695
358629
358089
358869
358541
358494
359005
357801
358244
358657
358418
357921
357532
357735
357676
359370
358521
357997
358125
357600
358829
359526
358331
358224
358865
359450
358188
358137
358623
358272
358032
358977
358758
359052
358498
359134
358910
358268
358390
357698
358118
358330
357910
358820
359297
358431
358260
358872
357738
358902
358660
358878
357896
358565
357811
357963
358872
358314
358520
357941
358878
358547
357896
358401
357828
358362
357920
358269
358614
358658
358007
359058
358535
358700
357960
358457
357970
359488
357752
358356
357724
358598
358223
358736
358944
358315
358705
358218
358791
357600
358879
358393
358442
358586
358128
358327
358490
358288
357920
357988
358490
358625
358757
359258
358673
358399
359080
358001
359078
358515
358897
358816
358261
358331
358077
358689
359113
358114
358880
359171
358073
358714
358507
358093
358426
357415
358240
358258
359418
357847
358220
358213
358950
358348
358130
358065
358281
358277
358723
358760
358616
358388
358689
357994
358527
359567
358232
358138
358005
358061
358377
358246
358293
357526
358415
358624
358140
358514
359272
359072
358869
359613
359106
358364
358022
358489
358163
359149
359025
359281
359064
357813
358888
357862
359089
358332
358328
358423
357807
358657
357553
358692
359273
358480
358260
358091
358032
358627
358851
357997
357472
358087
358507
358529
358123
359339
358491
358356
357610
357810
358245
359121
358593
358854
358582
359211
358676
358743
358072
359015
358198
358942
357793
358796
358775
357447
358705
358608
358545
357824
358862
357886
358305
358474
358002
359347
358406
358441
357986
358388
358653
358621
358331
357716
358353
358145
358058
358171
358496
357861
358564
358124
357936
359048
358407
357519
358243
358992
358495
358702
358921
358609
358407
359207
358572
359541
357853
357889
358832
358800
358581
359101
359306
358666
357974
359176
359184
358637
358398
358112
358572
358333
359094
358200
358456
359256
358565
358598
359206
358077
357825
359118
359420
358846
358700
359835
358539
358925
358054
359519
358080
358584
358583
358449
358395
358775
358202
358869
358174
357818
357906
357313
358287
359089
358160
358584
358419
358950
358963
358365
358658
357955
358946
357715
358234
357672
358202
358627
359169
358483
359054
358504
357794
358767
359015
358356
358097
358717
357668
358549
358202
357236
358423
358680
358372
358667
357856
358798
358321
358359
359138
359282
358255
359359
358822
357814
358036
358511
