600649
601508
601470
600928
601303
601258
601448
601447
601054
601055
601080
601119
600202
601052
601419
600365
600886
600615
600427
600923
601804
601521
600314
600798
601100
599906
600679
601158
599572
601119
601329
601299
600845
601496
600363
600334
600669
601290
600881
600308
601369
600657
600580
600849
600547
600811
600683
601535
601016
601994
601049
600825
600889
601365
600666
600647
600310
600528
601085
601453
602155
600767
600995
601365
601791
602428
600961
600628
601275
601425
600068
600933
601843
600642
600507
600928
601740
601634
600636
601665
600804
600444
601193
600474
601258
601209
600910
601661
601269
601945
600959
601128
600931
600859
601349
601527
601164
601576
600471
601191
600163
601547
600888
601623
601197
600972
600809
600895
600467
601348
601814
601085
600772
600109
600169
601021
601258
600550
602326
600449
600557
601674
601144
600600
600322
601437
600162
600665
600739
601764
601320
600972
600420
600281
601217
601801
600818
601080
600504
600678
601259
600778
600947
601367
601012
601397
601101
600958
601190
601240
601387
601241
600524
599910
601517
601086
602019
600799
600490
600403
600538
601057
600776
601395
601132
600586
601087
600437
601228
601515
600717
601172
600931
601725
599851
601187
601204
600859
600700
601327
601328
601108
600960
601020
602591
600572
601817
600939
601404
600580
602093
599930
601630
600165
600818
600144
600900
601285
600321
600489
601581
600165
601570
600917
601071
601477
601493
601000
600905
601134
601071
601617
600986
602125
601526
601162
601657
601416
600863
601583
601216
601303
600586
600695
600189
601176
601816
601056
601326
601475
600366
601123
600932
600718
601534
602080
601576
600358
601875
601169
600973
601766
602018
601185
600367
600605
602073
600283
601612
600964
601081
601640
600202
600826
600586
600478
600859
600755
600744
601137
601083
601836
601243
600309
601223
600408
600792
601618
601367
600358
600604
601020
601721
601558
601509
601374
600926
600982
601062
600633
601568
600309
600859
600618
601147
601441
601219
601293
601213
600903
602285
601326
600961
602157
601082
600562
601078
601400
600619
601880
601284
600852
600702
601970
600367
601411
601153
601913
600451
600749
601727
601852
601335
601361
600531
600644
601362
600664
600512
599968
601120
599898
601726
601291
601111
600857
601161
601024
601089
600894
600619
600920
601445
601658
600703
600792
600663
601998
600729
600524
601437
601652
601272
601418
601695
601480
601314
600895
601622
601506
600903
600613
600829
600870
600269
601123
600672
600776
601854
600708
601033
601172
600617
601899
600651
601037
601635
601891
600201
600830
601744
600415
601411
600249
600450
600987
600382
601341
601418
601164
601989
600930
600554
600626
600882
601245
600967
600607
600724
600992
601347
601626
601418
601583
601711
601202
601402
601244
601767
601543
601297
600624
600393
600989
600900
601834
601226
600892
601953
601048
601253
601296
600692
601450
601174
601405
601303
601110
600949
601402
600535
600461
600948
600369
600987
601206
600796
601520
600703
601697
600325
601663
600961
601626
601221
601671
601406
601185
600876
600867
600086
601392
600679
601706
601671
600637
601318
601262
601025
601137
600316
600645
601513
600792
601077
601366
600590
601199
600857
600908
601011
601269
601774
601688
600825
600838
601721
600404
600809
601251
600472
601141
600054
600260
600711
600744
600971
600588
600460
601266
601702
601771
599831
601094
601063
601021
601393
601425
600684
600772
600970
600458
601641
601423
600748
600938
599904
600821
601455
601052
600681
601583
601277
600528
600660
599845
601004
601157
600747
600336
601047
600913
601027
600533
600847
601489
601265
600782
600691
601471
601867
600971
601917
601528
600852
601296
601262
601025
601423
601187
600531
601540
601497
600676
602256
601086
601683
601326
601104
601181
601103
601021
599619
602164
602054
600884
600171
600670
601583
600885
600924
600804
601336
600436
601470
601110
600830
600714
600647
601933
601366
600831
601168
600691
600173
601448
600642
601622
600827
601801
601287
601259
601273
601084
600516
600536
601083
600726
600854
600560
601011
600521
601201
600388
600816
600527
601035
600669
600950
600859
601156
601153
599950
601142
601165
600495
600582
601723
600784
601069
601132
601694
600711
600975
602142
601473
600185
601123
600283
600854
601792
600720
600843
600545
600933
601579
600080
601197
601009
600032
600858
601508
601418
600406
600753
601834
600423
601328
601720
600598
601653
601109
600891
601109
601751
601932
601155
601773
600882
600292
601065
601043
600827
600977
601795
600981
601303
600177
601659
600836
600321
601280
601290
600849
601390
601296
601733
600898
601259
601011
600903
601204
600649
601107
601085
602113
601068
601132
601460
600645
600943
600611
601788
600776
601768
600122
601060
601882
601511
601372
600713
600498
601496
601481
600381
601179
601550
601310
600729
601054
600250
601542
600570
600516
601541
601079
601767
600536
599906
600553
601479
600969
600930
600571
601684
600627
601503
601098
601276
600416
601491
600467
601286
601014
602180
601847
600582
601684
602084
600623
601876
600928
601331
601497
601183
601486
601265
601391
600532
600751
600432
601235
600651
600721
601347
601225
602558
601298
601637
602381
601268
600806
600852
601043
601059
599811
600403
601173
601037
601285
601080
601672
601854
600800
601358
601060
600407
601313
600907
601626
601205
601220
600322
601499
601479
600731
600292
601255
600565
600003
600969
601087
600461
601476
601418
601233
600383
600663
600793
601247
600707
601028
600452
600803
601283
600418
600762
601179
602105
600712
600988
601471
600890
602138
600672
601295
601243
601992
600549
601613
601300
599652
601750
600655
600249
600933
600086
601220
600762
601058
601495
601186
600715
601019
600815
601983
601948
600402
601176
600107
600196
601637
601507
601297
601355
601550
600946
601988
600738
601173
601470
600315
600493
600882
599844
600733
600215
600522
600669
602480
601167
601156
600738
601726
600442
600627
600820
599838
601480
600240
600837
601067
600766
601626
600839
601531
600775
601322
600996
601373
600415
601724
600299
601054
600947
601060
601354
600962
600704
601232
601472
601719
601052
601201
601307
601060
601043
601425
601878
600621
600374
600230
600996
599729
601652
601273
601258
601766
600900
599541
601273
601332
601131
600948
600331
600824
600335
601509
601261
601902
600869
601450
600903
601039
600652
600360
600935
601914
600990
600318
601792
600618
600796
600980
601354
600339
601204
601135
601041
600570
600283
600856
601736
600686
600482
601225
600914
601621
602293
600826
601351
600771
601073
600719
601772
600752
601028
601340
600773
601077
601146
601493
600957
601520
601104
600618
602017
600593
601297
600195
600814
600090
600803
601616
601233
601298
600759
601826
600641
600752
601308
601582
600618
601533
600851
601154
600647
601368
600186
601020
601430
601509
600608
600795
601595
601792
601056
600714
601384
600751
600694
601286
600739
601981
600863
600413
601647
602192
600266
601731
601616
601596
602034
601273
600912
601037
600923
601255
601912
601127
