539060
539018
540122
539280
538794
539303
538367
538789
538961
538359
539260
538831
538935
538008
539312
538733
538492
538854
538824
538586
538865
538454
539245
538704
538900
538738
539470
538478
538938
538778
539312
538477
539855
538669
539201
537528
538393
538661
539108
538296
539001
538012
539379
539942
538880
538202
538829
539487
538623
539909
539024
539360
538941
538597
539046
538408
538393
538513
539181
538799
538898
539663
539374
538467
539312
538885
539368
537903
539084
538287
539502
538691
538442
539265
538899
538928
538316
539292
538920
538644
538690
538374
539244
538463
538748
539509
540032
538822
540063
539248
538910
538515
538799
538981
538634
539336
538196
538566
539884
539167
539083
539181
538404
539551
538933
538660
538514
538825
539772
538823
539020
539754
539382
538871
538762
538526
539610
538542
538841
539772
538105
538667
539932
537769
538683
539204
539807
539747
538460
539056
540081
538872
538816
538596
538909
539456
538637
538415
539071
539108
539074
538201
537799
539053
539434
538465
539991
539270
539371
538994
539681
539050
538973
538057
539101
538931
539057
538536
539646
538993
539043
539102
538108
539459
537717
538437
539322
539251
539463
538961
538843
538385
538284
539221
538603
539174
538821
539367
538656
539467
538951
538571
539435
539238
539241
539197
538736
539388
538635
538859
539119
539108
539450
538103
539246
538779
539543
539031
538948
538862
538520
538993
538833
538370
539078
539364
538925
538746
537933
538789
538698
538935
539798
538650
539142
537827
538245
539635
538648
538687
539200
538948
539353
538285
538890
539235
538131
539003
537883
538803
539377
538496
539035
539026
539815
539077
538862
538300
539228
538827
538540
539135
538855
539789
539568
540161
538602
539445
538336
537982
539114
538382
539212
538851
538870
539236
538671
538992
539823
539078
538742
539546
538340
538948
539448
538753
538995
538921
538676
538954
538789
539817
539806
539527
539131
538138
539475
539294
538800
538763
539085
539364
538017
538725
537857
539224
538771
538515
538560
539080
538529
539094
538422
539402
539260
539643
539380
538498
538364
539013
538315
538265
538299
539539
539736
538588
538961
538876
538326
539357
538196
539367
537960
539278
539532
538873
539049
538461
539322
539475
538966
539783
538606
539451
538781
538108
538485
538874
538833
538786
539230
538515
538545
538970
538863
539344
537933
538912
539977
538930
539570
539621
538980
538765
538549
538706
539305
538913
539040
539625
538488
539292
538581
538486
539215
538491
538621
538829
538997
538358
538429
539069
539514
539125
539151
539341
538870
539911
538958
538872
538146
538302
539114
539385
539380
538404
538209
539194
539191
539049
538853
539153
539365
538324
538885
538881
538788
538829
538078
538954
538368
538408
539482
538457
539903
539346
539008
538883
538827
538621
538815
539374
538868
539040
538663
539369
539223
538829
538713
538103
539754
539534
538853
539782
539000
539130
539048
538710
538559
538932
538570
540223
538326
539913
539118
539458
537889
539258
539658
538718
539422
539199
538925
538267
539448
538143
539522
538554
538688
539291
539053
537536
538765
538587
538309
539941
539016
539096
537711
539008
539071
538182
539311
539164
538928
538715
540137
539412
538861
539375
539043
539038
539059
539656
539068
539238
538562
539227
538051
538640
538827
538986
538158
538461
538448
538471
538836
538031
538622
539317
539536
538905
539616
539047
538558
538472
538661
539462
538324
538669
538643
539431
538530
539245
538753
539141
538474
539147
538896
540327
539003
538138
538287
538075
538261
538546
538620
539314
539100
539151
538462
538942
539114
539620
538685
538591
538556
538495
539434
538363
539713
539273
539144
538833
538474
539337
538958
538656
539104
538229
538133
538436
538753
539038
538758
539012
539653
538337
539676
539529
538478
539803
539374
538555
539973
538261
539414
539678
539553
539651
539392
539156
538785
538853
538286
539542
538726
538898
539232
539616
537693
537612
538919
539147
538328
538720
539148
540275
539398
538162
539442
539023
539130
538817
538933
538678
539293
538436
538210
538893
538680
538399
539711
539265
538855
538583
538951
539132
539165
539437
538575
538175
539363
539274
539322
537863
539092
539024
538923
538664
539091
539104
537938
538676
539060
538536
538593
540192
538901
539268
538856
539329
539210
539941
538386
539316
538759
538582
539481
537418
538808
538388
538977
539269
538888
538986
538307
539108
538754
539149
539674
538779
539011
538859
539636
538737
538935
538441
538815
538688
537770
538188
538660
538792
538594
538487
539126
539644
538772
539207
538307
539106
538700
539247
538860
538093
539268
538477
538785
538238
539527
538423
538801
538827
538398
538800
539523
538367
537927
539137
539322
539526
539136
538750
539254
539018
538480
538891
539343
539147
539184
538924
539650
538735
538708
539093
539288
539089
539242
538888
538516
539260
538554
538883
539595
538516
539001
539218
538905
539236
538193
539522
539232
539381
539008
538536
539103
539264
539771
539299
538166
539346
538891
538401
537917
539412
539627
539454
539000
538658
538703
538855
538748
538783
538135
539193
538679
539271
539929
538524
538815
538915
539228
538968
539740
539668
538826
538929
538624
538437
538439
538672
539236
538889
539194
538358
538832
539560
539249
538014
539220
538374
539425
538498
539448
539242
539427
538868
539132
537878
539511
538757
538938
539309
538873
538618
538594
539610
538865
539657
539385
539567
538853
538963
538747
539014
540941
538358
538921
538718
538874
538015
538804
538949
538351
539390
539494
538989
538727
539094
538863
538700
539759
539042
539556
538193
538933
539284
538100
540106
538828
539149
538801
539097
538697
539205
538546
539263
539341
538661
538461
539950
538166
539469
538864
538809
539411
539165
538669
540219
538527
538291
538969
539307
540351
539225
539366
539134
539280
538276
538674
539223
538161
538320
538205
538221
540035
539169
539047
538758
538256
538718
538768
539055
538447
539768
538462
538677
539099
538034
539130
539162
540583
539396
538369
539342
539198
538979
538923
539148
539460
538775
538530
539265
538266
538952
539579
539505
539354
538694
538423
537767
538768
539345
537725
538556
539378
539256
539215
538389
539037
539312
539287
538452
539154
537935
537579
538543
538863
539536
538025
538575
539460
538689
538840
538912
538379
539171
538555
538841
538200
538614
538331
538471
538652
539946
539829
538873
539987
539311
539227
538596
538932
538115
538556
538855
537969
540019
539167
538713
538632
538271
538867
538908
538571
539079
538431
538997
537914
539266
538917
538629
538426
539157
539333
539342
539175
538327
537958
539242
539137
539047
537975
537911
537815
540247
538677
539311
538937
539423
537721
539486
539769
539134
539262
538530
538775
537902
538752
539267
539334
538731
538748
539597
538874
538957
539178
538386
539106
539311
538342
539476
539275
538344
538677
538764
538608
538692
539317
539761
539379
538199
538652
538231
538991
538901
538635
539191
538502
539405
539255
538000
538050
538940
538841
538261
539355
538607
539280
539213
