529776
529166
527812
527492
528086
529362
528695
529073
528899
528507
528213
528668
528819
528808
529411
528556
528621
529082
528788
528681
528218
528581
528124
527889
528808
528929
528506
528783
529236
529150
528800
528614
528436
527892
528774
528336
529094
528518
528374
528448
528882
529345
529099
529089
528810
528921
528340
528671
528772
529005
528638
528680
528898
528694
529616
528465
529501
528433
529066
528263
529115
529350
528759
528658
528764
528744
528011
528080
527788
529517
529205
528978
528823
529017
529264
528302
530056
529354
528556
529336
529511
528742
528986
528556
528253
529081
528972
528642
527537
529099
528455
529023
528387
529023
527331
528415
528098
529550
528875
528394
528313
528149
528451
528370
528832
527795
528301
528821
529672
528129
528844
528873
528520
529319
528642
528651
528914
529158
529746
529338
529277
529617
528995
528322
529083
529568
529611
528621
528942
528512
528745
529105
529376
529046
528117
529462
528498
529240
529170
528222
529130
527974
529276
528954
528682
527862
528260
528478
529317
528416
528740
529633
529301
529028
527842
529032
529085
528854
529339
528912
529214
528934
528804
528660
529240
529437
527785
528309
527852
528341
527764
528902
528119
528424
528736
528132
528112
528005
529000
528233
528002
528975
528274
528228
527901
528513
528891
528699
528989
528878
529369
529000
527826
528476
528454
528606
528766
528939
528193
528522
528405
528617
528673
529585
529121
528597
529928
528367
528537
528067
528382
528279
528843
528444
529199
527167
528403
529548
529055
529041
528902
528258
528594
528817
528455
529358
529328
528567
527598
528814
528188
529111
528615
528091
529318
528349
528842
528661
528455
528806
528163
528551
528943
528430
529328
529107
528705
527675
528841
529137
528165
528996
529138
528854
527620
529219
529388
528943
528334
528318
528392
528807
529034
529564
529051
528712
529174
528121
529012
528917
528823
528452
528608
527719
529254
528668
528005
529594
528346
527640
527547
528705
528893
529116
527787
529105
528307
529013
528698
529020
529401
527896
528520
528594
529048
528671
528769
528269
528580
528859
528305
529224
528322
528692
528942
528936
529349
529227
529179
528662
528849
527980
528167
528680
528917
529442
528739
528443
528517
528002
528657
528626
528051
529139
528774
529257
529019
528991
527311
528269
527720
528761
528838
528967
528590
528973
529796
528311
528441
528890
528789
529681
527934
527944
528895
529352
528796
529716
528415
528486
528554
529031
529590
528889
527906
528198
528488
529012
528990
529020
528890
528765
529769
528621
528682
529438
528991
528898
529185
528552
530228
528804
528749
527688
528907
528336
527573
529598
528633
528451
528222
528733
528337
529088
529637
528207
528643
528904
528979
528258
529376
528291
528279
528665
528966
528940
528920
528237
528298
528228
529095
529096
528164
528261
528983
528641
528414
528232
529264
528597
528705
529248
528220
528905
527560
527994
528102
528597
529079
528414
528226
529229
528383
527950
528569
528567
528048
529198
528298
528528
527767
528497
528224
529328
528970
529022
528829
529451
528340
529747
529248
528863
528837
527454
528677
528713
528291
528654
527961
528565
529682
528900
528729
528403
528624
528459
528126
529372
528139
528468
528161
527742
528164
528725
528793
529458
529172
528444
528035
529082
529113
528820
528647
528486
528706
528448
527962
528534
529191
528307
528548
528168
529319
528990
529442
528413
528587
529420
528612
528957
528653
529192
527724
528589
529216
528421
527811
528650
528907
529758
528689
528787
529396
528829
529264
528437
527786
528777
528920
528394
528702
528408
528780
528592
528518
528461
527908
527861
527555
529584
528256
528362
528763
527918
528307
528952
529363
528733
527728
528950
529089
528735
528508
528975
528962
529133
529057
529288
528274
529178
528466
528448
528674
528680
528879
528924
528503
528725
528536
528810
528753
529278
528387
529772
528148
528700
529291
528872
528860
528597
527517
529125
529663
528118
529091
528617
528649
528569
528748
529132
529567
529291
527137
529228
529450
528882
529245
528375
528773
528840
528198
528869
529297
528713
528794
527783
529234
529009
528949
529301
528028
529829
528489
529705
528595
529245
527897
529172
528983
529179
529213
528623
528336
529128
529846
530206
528613
529619
528320
529124
528865
528517
529140
528170
528384
528705
529487
529356
529251
528448
528818
528247
528612
528985
528674
528927
527807
528824
528327
528950
528416
528934
529015
529639
528366
528283
528024
528748
528705
528814
528543
528274
528490
528988
528238
527876
527778
528923
529081
528594
528528
528806
528675
528927
528241
529002
528095
528464
528031
527856
528478
528742
528124
528564
528683
529682
528271
527502
528733
528206
528773
528422
528965
529030
528345
528128
529075
528577
528743
528937
528603
528838
529052
528355
528835
528213
528224
528939
527987
528748
528227
527964
528690
527634
529255
528361
528742
528458
529270
529650
528290
528974
527784
528206
528181
529074
528480
529306
528213
529500
528945
529200
529018
528481
529040
528348
527950
528382
527452
529509
528701
528505
528263
528466
528720
527923
529034
528615
529227
528764
528852
529621
528814
528813
528566
528677
528393
529239
527777
529158
529046
528828
529230
528941
528971
529006
528885
528713
528634
528231
528726
529508
528015
528901
529470
528811
528195
527736
528472
528573
528974
528959
528347
528612
529091
528826
529243
528355
529173
528617
528883
527646
529067
528065
528874
528912
528954
528609
528709
528362
528300
528190
528836
528493
528677
528561
528091
528864
527884
528678
528721
528815
528612
528071
529050
528735
528073
528922
529043
527785
529958
528790
528711
528312
528984
528160
528136
529046
527928
528895
528239
528875
528529
527866
528553
528875
529426
527952
528724
529421
529187
529219
528273
529378
528607
528745
528807
528517
527890
528181
528226
528193
528966
529035
528727
528367
527936
529647
529400
528571
528580
528558
529089
529102
528671
528958
528924
528492
528239
527758
528517
528217
528034
528232
528327
528881
528450
529058
529473
528232
528903
528404
529523
529093
528451
528626
528849
529980
529170
528639
528963
528651
528457
528707
529237
528608
528051
528856
528933
528747
529780
529094
528960
528744
528917
527873
529247
528622
528297
529268
529169
527646
529016
528533
528918
528951
529462
527852
528832
529289
528556
528758
528836
528114
529034
529048
529185
528137
528576
528905
529260
527267
529258
528111
529073
528557
528426
528863
529952
528287
528249
528966
528512
528826
527277
528221
528864
528673
528203
529289
528883
529018
529763
529608
528387
528203
528383
529412
528091
527793
527521
528760
529439
529132
529431
529609
528826
529372
529321
528669
529055
529097
528651
528474
528539
528932
527942
528706
528753
527906
529214
529036
528272
528313
528005
528859
529155
528327
529952
527947
528734
528391
528585
528489
528789
529576
529273
527698
529947
528664
529073
529453
528721
529153
528752
528707
528709
528760
529150
529348
528314
528239
527788
528362
527382
529014
528527
527760
529240
529715
