599576
600816
600853
600501
600317
600465
600041
600201
600701
599944
600077
599905
601275
600420
600854
599887
600218
600499
600475
600517
600091
599834
600321
600515
601002
601180
599742
599787
600248
600711
600238
600965
600546
601840
600893
600277
600261
600381
600328
600357
600634
600556
600957
600029
600051
601177
601019
600229
600836
600727
600676
601521
600117
598911
599743
600375
598842
601075
600245
600460
600290
599541
600741
599696
600778
600575
601197
599975
599986
600747
600102
600622
600800
599503
600393
600802
599646
600324
600671
600563
600906
601041
600336
600876
600390
600581
600316
600059
600465
599949
600332
601035
600232
600072
600345
599955
601207
600012
599652
600089
600823
600858
601698
600474
600415
600426
600166
600457
600263
600140
600116
600851
599624
600526
600025
600057
601129
599922
600460
600979
601198
600986
599363
600244
599722
600608
600696
599970
600378
600261
600451
601297
600135
600570
600392
599761
600741
600482
600292
600244
600790
600868
600395
599749
600019
600137
600533
600183
600989
600399
600282
600766
600220
600690
600693
599878
600657
601179
599282
599767
600870
601230
599949
600228
600970
600877
601031
600756
600997
600239
599561
600342
600739
600308
600522
600603
600404
599805
600470
600885
600657
601078
599393
600381
601004
600519
600840
600522
600396
600975
601900
600333
599533
599984
600061
600320
600730
600453
599861
600470
600147
599414
600366
600139
600826
600999
599978
600351
599799
600073
600710
599975
600420
599846
599478
600568
601425
599491
600547
599813
600933
600876
600090
599880
600074
600638
600685
600154
600846
600989
600312
600535
601227
599991
601169
601384
600795
600466
600821
599773
599903
599834
599924
600085
600322
600464
600675
600299
600395
600444
600862
600705
601510
600246
599821
599771
600318
600316
601346
599694
600670
599994
600578
600864
601168
600620
600422
600147
600246
600769
599887
599918
600160
601159
600003
600679
599937
600741
600134
601013
601012
600163
601453
599263
600445
600134
600994
600460
600311
599944
601012
600966
600363
600784
600617
600568
600412
600825
600185
600420
600453
599738
600927
599643
600780
600145
601080
599984
599881
600606
600025
600896
600316
601032
599569
600530
601203
601147
600970
600708
600597
600133
600568
600649
600863
600566
600495
599452
599828
600718
600717
600819
600328
599823
600298
600655
599782
600865
600044
600959
599766
600667
599980
600151
599560
600656
601055
600981
600119
600628
600421
600398
599838
600674
600963
600496
600611
600533
600425
600238
599808
601360
600275
600770
599679
599694
600859
600857
600616
600106
599995
599792
600073
600200
600138
600942
600819
600891
600419
600190
600964
600334
599625
599582
600966
600302
600077
600600
599797
600142
599844
599700
599385
601042
600561
600719
600665
600653
600350
600656
600951
600146
600799
601030
600981
599821
598598
600977
600937
600889
599897
599691
600825
600610
600566
600088
600483
599641
600808
599907
600070
600146
599712
600010
600213
600336
600240
601240
600916
600596
599977
600396
600469
599164
600485
600291
600474
600351
600650
600514
601504
600837
600676
600763
599851
600338
599775
600109
600310
600882
600654
599978
600898
600875
600824
600653
600530
599692
600535
601001
601062
600802
600539
600060
600834
601215
599695
600955
601093
600406
599147
600834
600375
600085
599336
600674
601131
600688
600764
600142
601018
599901
600162
600390
599949
600399
600084
601192
600654
600044
600579
601069
599123
600534
599874
600233
600475
600655
600409
599713
600825
601223
601602
599771
600436
599290
601130
600891
600271
599846
600703
600383
599540
600421
600309
600466
600933
600054
599352
599971
600334
600271
599436
599983
599921
600776
600789
600393
599900
600642
600057
600339
599762
600276
600194
600506
600741
601450
599908
600707
600736
599849
600728
600378
600309
599413
600723
600494
601009
600385
600265
600480
600778
600917
600495
600951
599520
600280
600451
599944
600615
600976
600658
600824
600557
599885
600064
601128
599089
599865
600354
600676
599949
601301
600814
600548
599670
600076
600769
600434
601175
599933
599513
600528
601108
601398
600210
600895
600032
600076
601023
600310
599696
600312
599873
600172
600031
600364
600995
600253
599715
600292
600739
601086
600907
600152
600809
599994
599651
600288
600400
600188
599675
600167
600819
599975
599663
600142
600324
600639
600448
599530
600817
599594
599527
600027
600644
600578
600152
601197
600477
599931
600183
599102
599740
600554
600858
600460
600655
599876
599364
601173
600978
600006
600396
600587
600144
600829
599942
600920
599564
600145
600456
600406
600993
599807
600418
600130
599902
600211
600493
600200
601108
601083
600285
600695
601174
600515
600627
600273
600388
600402
600384
600169
601073
600877
601348
600395
600507
600450
599865
599577
599341
599169
601042
600250
600472
600669
600304
600536
600052
600707
600110
600415
599752
600502
600533
600809
600564
599909
600457
600398
599935
601108
600649
600611
600981
600532
600990
600235
600015
599841
600457
600727
600444
599902
601249
600914
600844
600279
600499
600227
600572
600961
601064
599551
600663
600122
599856
600748
599917
600794
599536
601477
600181
599993
601181
600658
600908
600362
601105
600861
601233
599715
600370
600197
600448
600169
600507
601004
600438
599894
601558
599626
600050
600312
600606
600400
600115
600093
600068
600133
601101
600638
600053
600319
600277
600063
600573
600414
600364
600084
600558
601058
599898
601163
600207
600173
600759
601066
600342
600537
600479
601025
600594
600971
600480
600853
600031
600765
600310
600981
601104
600317
599807
600613
600093
599239
600224
600090
600839
600386
600844
600444
600087
600407
600390
600447
600455
601109
600645
601369
600184
600158
601042
600263
600016
600729
600321
600662
600615
600078
600263
600650
600891
600231
600278
601013
600547
600247
600963
599872
600309
599738
599652
600380
599823
600898
600249
601031
599921
600595
600637
601240
599128
599947
600928
600420
601639
601030
600194
600989
599568
600812
599745
599753
599835
599845
600349
600347
601284
600625
600672
600418
600157
601160
600770
599398
600150
600236
599734
600061
601248
600287
600392
600179
600135
600348
599858
600810
600285
601013
600324
600249
600487
599999
600394
600793
600040
599836
600654
600398
599945
600404
601083
600114
600061
599893
599566
600189
599837
600792
600411
600609
601030
600734
600664
600564
600088
600399
600680
600853
601076
600399
600757
600733
599861
600100
599847
600410
601478
599944
600973
600547
600038
600106
600736
599879
601310
600138
600298
600108
600691
600512
600306
600609
601725
600308
600856
600380
600912
600333
600037
599644
600766
600443
599836
600258
600994
600280
600433
601239
600613
599746
599917
600322
599517
599783
600303
601031
600382
600707
599822
600761
600795
600009
600789
599610
600533
600139
599887
601053
600661
600631
600029
600710
600724
599672
600802
600457
600188
600843
600135
600223
601165
600498
599843
600689
600767
601019
600480
600858
600982
600815
600106
599874
600877
600554
600495
600945
