817214
817004
816959
817080
816498
816847
816844
816679
816888
816188
816916
816927
816971
816629
816612
816992
817069
817272
817156
816567
816952
817182
817270
816958
817475
816826
817573
816991
816583
816606
817430
816824
817158
817165
816585
816935
816613
817423
816342
816808
816613
817029
816964
816615
817338
816643
816670
817113
815941
817250
816388
817300
816893
817004
816439
816574
816815
817343
817155
817492
816813
817112
816974
816828
816558
816922
817229
817608
816585
817165
816769
816517
817139
816656
816710
816937
816235
817153
816817
817473
816690
817212
816702
816123
817173
817093
816794
816314
816798
816590
816911
816796
818194
816443
816448
816972
816657
816723
816823
816984
817283
817085
816485
816893
817518
816925
817242
816605
817052
816501
816615
816250
816496
817199
817320
817204
816635
817007
816452
816848
817879
817275
816837
816890
816315
817050
816551
816760
816921
816561
817391
816840
816882
817024
817811
816833
816313
817279
816993
816603
816529
816863
816728
816984
816784
816605
817361
817102
816775
816831
816908
817469
817602
816968
816934
816712
817112
816783
816484
817105
817157
816579
816682
817725
816966
817063
817044
817022
817117
817130
816846
816970
817021
817079
817082
817567
816776
817264
816793
816710
817265
816828
816013
816839
816735
816835
816559
817401
817015
817129
817658
816802
816765
817519
817217
816609
816898
816276
816822
816738
816051
816646
817291
816364
816184
817080
816716
816626
817042
816749
816577
817117
817173
816473
817139
816680
817202
816740
817003
816607
816487
817290
817005
817105
816912
815976
816556
816734
817431
817158
816693
816680
816799
817281
816750
817700
817440
816715
816684
817225
817358
817247
817021
816940
817199
817375
817138
816499
816798
816630
817020
817018
816950
817097
816926
816592
817156
816606
817433
816531
817073
816853
816414
816748
816753
817172
816906
817060
816951
817128
817608
816914
816543
816668
817024
817390
816921
817310
817647
816911
816458
816413
816977
816345
816950
817189
817030
816997
815923
816465
817311
816923
816751
817216
816819
816863
816605
816874
816336
816925
816879
816638
817330
816529
817218
817093
816350
816813
816990
816997
817390
817142
816754
816152
816970
816655
817173
817061
817748
816802
816483
816726
817349
816696
816627
816717
816707
817456
816951
816998
817631
817001
816438
817048
816933
816439
816997
817180
816767
817126
816629
817262
817569
817028
817150
816542
816562
816981
816147
817794
816963
815796
816539
816507
817003
816744
816650
816506
816958
817176
816665
817203
817097
817338
817301
817677
816494
817003
816394
816871
816463
816486
816300
816843
817453
817355
816815
816898
816542
816631
817038
816344
817593
816495
816844
817488
816699
816802
816805
816330
816602
816799
816783
816246
816974
816536
816988
817154
817152
817008
817609
817362
816742
816434
816845
815662
816953
816492
816550
816278
817688
816923
816481
817093
816374
816626
816666
817057
817022
816367
816289
816919
816562
817550
816982
817008
816610
816583
817119
817476
816741
816886
816855
816787
817051
816931
816117
816369
817284
816860
816871
816910
817054
816976
815975
816706
816502
816937
817392
816538
816327
816472
817034
816914
817302
816143
816703
816528
816832
816746
816559
817109
816884
817154
816630
816896
817177
817518
817556
817462
817034
817244
816318
816377
817468
816913
817368
816876
817512
816633
817124
817334
816445
817045
816951
817138
816613
816435
816737
816979
817141
817032
817192
817326
816762
817267
817171
817172
817210
816867
816298
816513
816575
817228
816455
816680
816922
816317
816750
816415
817478
817146
816071
817264
816900
816553
816813
816988
816204
816993
817107
817428
816520
817468
817434
817063
816428
816666
816894
817025
816921
816676
816682
817100
817773
816612
816351
817153
816793
816540
816984
816986
817072
817223
817026
817053
816513
817258
816648
817675
816534
817007
816273
816464
816261
817692
816902
816598
816001
817580
816521
817009
816891
816729
817336
817187
816515
816823
817318
816948
816540
817368
817394
817031
816762
816875
816759
816333
816669
816238
817585
816646
816760
816726
816737
816877
817029
817040
816755
816426
816534
816991
817498
816486
817437
816731
816204
817084
816757
817056
816529
816764
816847
816970
817058
817334
816861
816616
817025
817041
817702
816356
817090
816724
817064
816313
817233
816686
817106
816861
816361
816849
816532
817480
816465
816787
817462
816545
817527
817123
817274
816460
816814
817157
817026
817116
817482
817198
817007
816784
817333
816839
816704
816892
816571
816979
816494
816680
816842
816695
816656
816518
816462
816829
817433
816724
816777
817407
816892
816764
817004
816719
817013
816922
817476
816933
816552
816403
816513
816498
816610
816087
817083
817161
816973
817128
816999
817001
816431
817335
816969
816663
816676
816332
816768
816966
817146
817029
816906
817074
817111
816586
817192
817688
816905
817117
817920
816916
816796
817527
816616
817158
817471
816939
816779
816215
816484
816745
816872
817053
817231
816919
817519
816332
816859
816289
817644
817118
817323
816936
817004
816748
817305
816551
816969
817318
816377
817287
816694
816850
816422
817055
816920
816667
816507
816149
817024
816953
817187
817130
817012
817182
817521
816770
816735
816899
817321
816999
816748
816619
816470
816772
817027
817497
817356
816803
817281
817256
816965
817220
817441
816980
816663
816254
816840
815954
816736
817290
816991
817002
817089
817424
816624
816249
816501
816808
816581
817287
817115
816749
815966
816688
815717
816710
817100
817389
816715
817041
816424
817183
816390
816501
816964
817182
817151
816665
816517
817158
816919
816427
816596
816393
816530
817574
817391
816544
817063
817805
817911
817005
817754
817039
816805
816915
817196
817239
816594
816980
816465
816871
817487
816967
816938
816918
816481
816261
816770
817998
816369
816780
817654
816327
816598
816522
817280
816480
816939
817418
816468
816767
816957
816686
816682
817630
817544
816258
816759
816254
816915
816828
816820
817688
817194
816457
817172
815763
816597
816617
816701
816649
816788
816783
817255
817118
817687
817195
815807
817126
817272
816428
816638
817248
816454
817417
817074
816844
817022
817198
817011
817434
816583
816758
816401
817225
817105
816863
817391
817727
816423
817786
816605
817212
817138
817124
816932
816419
817036
816083
816360
816443
817194
816607
816874
817770
817592
817114
816897
816984
816964
817565
817076
816345
817845
817244
816873
817244
816736
817758
816524
816740
817653
817556
816507
816821
816883
817067
816584
816591
816775
816900
816149
816770
817110
816559
817380
816562
816947
817244
816763
817716
816896
816545
816413
816543
816684
816095
816837
816788
816833
816332
816747
816701
816583
817290
816895
817300
817524
816611
817231
816408
816380
817241
816354
816204
816450
817735
817133
816513
817511
817166
816336
817243
816758
816579
817718
817122
817020
817670
817318
815780
816408
817279
816425
817216
817233
817484
816635
816616
816961
817003
817133
816917
816777
817137
816887
816267
817111
816309
816931
816503
