745889
747064
746082
746634
746319
746061
745766
746616
746882
746471
746452
746232
746746
746357
746417
746407
746399
746049
747201
745570
746348
746572
746347
746524
746604
746512
746783
746497
746310
745457
745711
746598
745553
746010
746697
746068
745959
746594
745937
747288
746108
746336
746420
746899
747002
746769
746335
746575
746227
746299
745844
746502
746546
746409
746656
745889
746700
746431
745672
746537
746774
746236
746977
746459
746275
746157
747226
746737
746109
746009
746502
746773
745902
747101
746364
746662
745801
745912
746704
746666
746364
746268
746046
746403
747039
746296
746532
746699
746418
746512
747428
746658
746573
746693
746596
746618
746470
747149
746723
745995
746515
746404
746313
746755
746799
746115
747136
745864
746495
746812
746301
744662
746888
746288
746717
746608
745993
746069
746905
747032
746419
746714
746053
747374
745550
745600
746250
746345
746381
746543
746643
747033
747315
746051
747043
746379
746347
746589
746708
746173
745932
746795
746284
745906
746290
745740
745888
745504
745282
746134
746477
747026
746925
746403
746261
746525
746607
745736
746396
746843
746050
746422
746743
745821
747036
746424
746409
746295
745628
746020
746195
746685
746244
747164
747197
746928
746774
746333
746161
746375
747124
746889
746171
745470
746330
746026
746676
745708
746734
747200
746006
746102
746693
746204
746856
745754
746545
746013
747336
746291
746280
746467
745816
745655
745971
745934
746765
746441
746145
746670
745744
745593
747152
745794
746248
746474
746044
746959
746248
746476
746048
745756
746969
746908
745503
746429
746149
746247
746141
746208
746320
746576
746458
746150
746335
746809
747083
746515
747001
746141
746434
746308
746297
746175
746521
745837
745738
745813
745635
746329
746760
746123
745799
746268
745980
746461
746054
746279
746420
746320
746468
747437
746175
746722
745773
747056
746714
746786
746374
746779
746943
747544
746558
746751
746170
746690
747264
746867
746701
746556
745947
746333
746282
746379
746253
745754
746354
746186
745266
746424
746575
746445
746193
746649
746018
746268
746321
745465
745647
746865
745905
746132
746251
745597
745852
746222
746457
746623
746126
746330
746782
745873
745800
746097
746451
746352
746865
746904
745484
745984
746513
746695
746195
747165
746638
746024
746393
746094
746571
746411
745765
746074
746546
746222
746720
747340
746451
746322
746482
746711
746384
746114
746117
747437
746150
746692
746095
745932
746526
746590
745404
746170
746831
746223
746886
746316
746703
746557
746712
746674
746024
745786
746778
746658
746273
747171
746903
745601
746372
747136
746424
746261
746242
746840
746642
746028
746255
746794
746355
746092
746302
746332
746302
746749
746192
746554
746158
746815
746270
745846
745422
745932
746655
746413
746173
746405
746395
746473
746369
746370
746828
746238
746586
746033
745990
746495
746072
746095
747006
746189
746893
746459
745834
746038
745827
746453
745833
746475
746653
745823
746135
746132
746111
745958
746385
746170
746109
746197
746686
746300
746476
746475
746496
746231
745967
746870
746119
746075
745854
746664
747027
746641
746431
746363
745467
746844
745913
745812
746999
747356
745634
746446
745694
746065
746184
747058
746140
745774
745639
745452
746544
746175
746432
746576
746324
746895
745630
745605
745844
745965
746661
745942
746079
746779
745836
746167
746801
745489
746680
746538
746321
746101
746480
746164
745991
747310
746216
745922
747291
746622
746496
746109
745943
746482
746792
747107
746178
747086
746808
746593
747277
746678
745451
746486
745791
746304
746486
746125
746159
745742
746132
746401
746497
746714
746621
746454
747439
746249
745944
746748
746610
746518
746855
746300
746745
746440
745769
746495
746151
746346
747029
746069
746245
746916
746043
745903
746600
746592
746604
747050
746949
745482
745663
746686
746388
746408
746763
746293
746599
746191
746438
746446
746410
746004
746383
746837
746118
746215
747289
746636
746933
746844
746151
746669
746076
746723
746324
747106
745897
746968
745915
745936
746808
746799
746671
746218
746466
747332
746259
745924
746805
746220
746161
746528
746147
745919
746368
745144
745769
746137
745950
746361
746393
746162
746948
746811
745762
746932
746413
746347
746254
745993
747210
746456
745810
746454
746149
746748
745958
746200
746379
746740
745913
745708
745681
745898
746856
745251
746368
746233
746891
746638
746977
746456
747153
746959
746467
746841
745705
746812
746083
746450
746039
746083
746015
746161
746533
746398
746827
745999
746840
746948
746171
746432
746797
746656
746501
745785
745779
745939
747509
746249
746252
746986
746287
746485
746006
746640
746878
745984
745898
745765
746017
745904
747008
746645
747484
746749
745773
746980
746815
746608
745857
746037
746937
746981
745872
746468
746192
745251
745974
746183
746927
746504
746607
746377
745990
745891
746506
746109
746600
746428
746747
746415
746631
746732
745424
746490
746736
746270
746471
745883
745883
746613
746548
745956
746394
746139
745719
746094
746943
746247
746667
745727
747291
747260
747112
746421
746039
746800
746286
746012
746011
747267
746312
746852
745840
745971
746595
746310
745754
746755
746364
746367
745034
746122
746947
745997
746176
746452
746457
746584
746084
745118
746674
745703
746003
746540
746480
746798
746157
746842
745813
745855
746480
746490
746277
746559
746527
745183
745610
746317
747235
746217
746531
746208
748017
746385
746648
746101
746943
745223
746272
746140
746188
746626
746517
746449
746530
746594
746580
746566
746546
746547
746442
746469
746208
746047
746261
745620
746513
746457
745812
746699
745663
747578
746475
746120
746556
746378
746670
746653
746079
746709
746868
747092
746353
746099
745969
746308
746622
746851
745491
746614
746600
746715
746431
745645
746588
745797
746663
746145
745391
746984
746488
745934
745835
746777
746377
746530
746224
746093
746860
746112
746295
746072
746614
746777
746372
746602
745706
746549
746153
746414
745622
746523
746219
746958
746701
746749
747018
746625
745938
746947
745898
746513
746580
746096
746264
746551
747020
746098
745895
746608
746188
746628
746032
746887
745969
745971
746030
746144
745816
745921
746773
746935
747181
746146
746196
745756
746286
746138
745801
746559
745947
745752
746178
746682
746236
746684
747296
745935
746094
746236
746003
746062
747138
746833
746443
746128
746483
745963
747081
746693
745737
746429
746529
746538
745862
746432
746955
746226
746448
746093
746311
746841
747427
746124
745965
746132
746255
746457
745969
746016
745948
746711
746640
746115
746371
746276
745836
746579
746697
746147
746829
745976
745948
746326
745954
746663
745720
746626
746044
746351
746225
746725
745715
746969
746468
746751
746092
745662
746641
746526
746638
746310
746681
747192
745802
746441
746263
746978
745476
746161
746689
746015
745344
746663
746974
746297
746794
746015
745808
746299
746047
746455
745994
747204
747085
746356
746449
746716
745568
746149
746270
746514
746221
746096
745887
746342
746954
746793
746235
746807
746253
746546
745438
746650
746305
746299
