325058
325524
323628
325078
324383
324584
324009
325150
325471
325540
324181
325265
324359
325768
324552
325267
324088
324335
325322
325448
324889
325189
325220
325006
324629
324678
324387
325617
324637
324244
324876
325961
325596
324669
325343
324259
323978
324959
324227
325483
325447
324452
324676
325293
324019
325003
324936
325345
324797
324755
325392
324883
325492
325730
324541
324334
324599
324600
325592
324974
324940
324302
325447
324249
325346
324855
324833
324911
325096
325520
325165
325168
325757
324581
325552
325215
325417
325579
324604
324933
324221
325215
325039
324542
325297
324329
324844
324929
325441
324676
324672
325535
324899
325377
323894
324803
325906
324715
325674
325136
324609
324392
324616
325217
325151
324447
324607
324916
324858
324533
325216
324501
324796
324242
325354
324866
324694
325269
325632
325580
324946
324800
324328
325244
325508
324945
325737
324633
325274
325224
325174
324741
324888
324991
325009
325209
325144
324521
324831
325065
324851
324308
324674
325061
325314
324091
323682
325811
324926
324884
325453
325634
324348
324614
324606
324907
324744
325051
324719
324556
324611
325098
325302
324566
324421
325679
325374
324627
324919
324737
324353
325321
325780
324412
325329
324884
324212
325940
324968
324555
324538
325050
324518
324447
324123
325468
324038
326050
325233
324722
325090
324532
325916
325492
325114
324927
324665
324536
325226
324556
324240
325029
324493
324898
325130
325380
324230
325870
324719
324572
324010
325338
325420
324557
325148
324864
325235
325773
324755
325478
325263
324882
325186
325165
324553
324686
324525
324831
324598
325259
324165
324365
325151
325278
324579
325284
324834
325202
324718
325453
325370
325341
324363
324975
324691
324365
324885
325614
326172
325320
325492
323965
324234
324259
324854
324930
324069
324953
324332
324711
325001
324555
324967
324743
324466
325353
324461
324664
325480
325119
325595
325554
325368
325008
325058
324953
325359
323739
325228
324579
325435
324669
325232
324869
325301
325414
324650
325073
324328
324613
324586
324344
324293
324435
324719
324926
324820
324464
324347
324345
324630
325212
325673
325331
324831
325636
324370
324921
324907
324760
324830
325372
325058
324812
324664
325725
325024
324986
325156
324429
325643
324821
325068
324953
325430
325455
324804
324143
325060
324992
324369
324555
324254
325371
325312
324435
324905
325332
325556
324992
325072
324698
325000
324483
325582
324981
325561
325351
324290
324761
324515
325107
325089
324685
325317
324935
324757
325366
325577
325346
324498
324408
324673
324789
325441
324362
324650
325061
325299
324163
325197
324441
324327
324892
324479
325006
324531
324793
324670
324469
325468
324959
325221
325713
326030
325463
325590
324622
324016
324649
324804
325040
324310
325756
324464
325111
323904
324791
324201
324619
324552
324498
324936
324825
326103
324431
324915
324499
325096
324684
324651
324753
325055
324087
324670
324068
324986
324261
324421
324614
325628
324756
325492
324832
325011
324887
323840
324783
325196
324209
325718
325124
324289
324938
323749
324417
324762
324589
325018
324774
324851
325027
324861
324762
325120
325909
325491
325473
325535
324593
324859
324820
324597
324442
325533
324293
325378
325764
325022
325089
325583
324775
324407
324687
324896
325655
325488
324674
325313
324589
324973
325349
324615
324668
324606
323925
325760
325308
324769
324462
324181
324477
325087
324508
325032
324909
324338
324913
324797
324732
324595
325093
325036
325186
324538
326015
324959
323982
325390
324964
324818
324879
325118
325623
325393
324791
324257
324531
324719
325350
325079
324601
324379
325362
325073
324791
325004
325173
324927
325329
324563
324149
324538
324873
323878
324948
325080
325379
325442
324499
325131
325536
325342
324442
323990
324744
325829
325080
325056
324600
324918
324351
324430
324723
324904
325145
324422
324021
325200
325164
323832
324930
325055
324950
325609
325033
324773
324260
325025
325064
324885
323129
325923
324835
325497
325602
324866
324785
325195
325668
325087
324941
324406
324491
324905
324768
324960
324307
324805
325822
324486
324986
325600
325436
325178
325107
324644
324792
324626
324809
324888
325431
325229
324448
324856
324899
325254
324994
324647
324919
325066
326064
325077
325464
324000
324855
324879
324855
325675
324432
325664
323977
325151
325501
324837
325377
324271
324384
324811
324660
325638
323675
324773
324651
324959
324000
324646
324409
324156
324354
325184
324586
324611
323849
325184
325127
324544
324595
324892
324464
325527
324783
324608
325065
325831
325098
325155
323963
325749
325043
325071
325207
324851
324843
324957
324799
324814
326446
325095
325221
326129
325070
324718
324832
325069
325230
324888
325056
324894
324048
324991
325256
325622
325155
325573
325097
324704
324817
325417
324836
325519
324369
324566
324248
324945
324943
324155
325354
325064
324234
325099
324425
325532
324605
324734
324824
325218
324579
325628
324113
324884
324971
325396
323727
323951
324489
325233
324778
324235
324384
324823
325039
325675
324233
324174
324242
324933
324977
324080
324694
324952
325116
324913
325642
325678
325112
325285
324658
325087
324494
325168
324952
325249
325482
324736
325102
324893
324788
325178
325069
325135
324652
324286
325165
324654
324534
324727
324021
324723
324581
325649
324231
325607
324025
325129
324946
325483
324602
325760
325099
324701
324688
325709
324618
325332
324154
324817
324879
325232
325277
324797
324210
324880
324565
324330
324564
324483
324357
324613
325095
324791
324976
325031
325184
324763
324390
324934
325139
324325
324772
325283
324481
324765
324667
324701
323773
324643
325118
326126
324961
324806
325141
324267
325306
325106
324709
325173
325165
324086
324754
324649
324072
325055
325862
324883
325519
325138
324785
324309
325874
325219
324325
324427
324073
324306
324855
325375
324205
324678
325260
324941
325686
324546
325195
325145
325523
325035
324773
324983
324623
324803
325699
324890
325295
324214
324471
324195
325225
324814
325109
325114
326208
324879
324805
324799
325924
324957
325201
325535
325089
325147
325227
325237
325044
324762
324952
325635
325319
325239
324277
324726
325604
324413
325246
324577
324965
324363
324464
325045
324619
324659
325249
324427
324909
324906
325829
324666
325684
324939
324491
325572
324976
325323
324097
325340
324998
325340
325143
324551
324324
324396
325339
325529
324822
325120
324650
325437
325108
325735
324546
325261
324894
324839
324877
323621
324946
324657
324764
324606
325436
324656
324623
325239
324432
324847
324470
326009
324412
325319
324786
325558
325058
325241
324745
324840
324912
325036
324827
324814
325122
325402
325296
324994
325419
325085
325411
324619
324768
324874
325747
325378
324824
324932
325220
325476
325192
324830
325151
325753
325100
325639
324684
324948
325409
325192
324881
324364
325480
324779
324631
324995
325935
324929
325356
324880
324694
324179
325504
325865
325050
324840
324168
324802
324562
324328
324861
325539
325215
324823
325155
325107
325308
324278
325855
325062
324873
324360
325139
324828
324873
