410768
412080
410723
411081
411196
411251
411470
411531
411627
411191
411214
411110
411323
410802
411203
411724
411150
411883
411406
410644
411386
411416
411206
411018
411233
410935
411173
411061
412211
411373
411207
410928
411057
411439
411436
411178
412525
410971
411252
410709
411353
411599
411541
411038
411312
411033
411320
410877
411055
410313
411452
411343
410476
411468
410996
411509
412182
411201
411998
411122
411093
411624
412247
411338
411288
410503
411638
410672
410684
411546
411420
412107
411148
411863
410429
410919
411072
411536
411384
411093
410268
410746
412104
411277
411290
411892
411224
410258
410978
411070
411290
411503
411517
411323
411324
411996
410523
411337
411541
411300
411071
411433
411072
411081
411347
411653
411674
410831
411479
411272
410903
411709
411090
411032
411489
411755
411381
411646
411544
411489
411371
411036
410722
410099
411479
411966
411649
410539
410722
411286
411931
412548
410759
410894
411434
411772
411806
411107
411259
411012
411073
411114
411302
411880
411492
411779
410889
411444
411447
411184
411050
411571
411199
411524
411301
410921
411135
411262
411244
410668
410334
411589
410913
411199
412149
412253
411046
411636
410387
411594
411558
411441
411421
410999
411337
411022
411594
411710
412134
412232
411878
411327
411011
411800
411237
411092
411897
411442
411226
410788
411747
410442
411675
411141
411223
411631
411622
411649
411779
411509
411911
411755
412056
411273
411676
410950
411803
410893
410999
411299
410917
411469
411937
410953
411494
410148
411425
410929
411209
410873
410834
410691
411410
410769
411486
411672
411257
412098
411350
410588
412259
410721
411391
411037
410940
411166
410943
411690
411610
410821
410712
411784
411917
411041
411207
410358
411881
410434
411159
411135
411250
411582
410786
411720
411878
411352
410413
411055
411569
411976
411581
412520
411822
411382
411602
411353
410539
411491
410508
411375
410620
410953
411879
411152
411286
411769
411088
410964
410809
411234
411264
412687
410814
411571
411115
412244
412057
410944
411772
411442
411582
412030
410964
410825
411986
411686
411832
411561
411631
410984
411910
411272
411344
410540
411462
411706
411089
411244
411113
412154
412035
410871
411585
410854
410936
411572
411335
411197
411282
411090
412192
412045
411034
410788
410454
411815
411219
411165
411600
412497
411233
411606
411662
410813
411282
410901
411343
411404
410877
409997
410944
412079
411823
411440
411135
410958
410773
411150
411467
412178
410409
412032
411712
411663
411057
411837
411474
411973
411577
411012
411251
411409
411751
411078
411801
411289
411960
411755
411700
411083
410953
411598
411509
411106
411590
412096
411135
410466
411104
411330
411066
412551
410855
411646
411647
411413
411223
411156
411381
411102
411618
411659
411621
412005
411777
411077
411416
411143
410255
411783
411784
411323
410535
411001
412148
411357
412171
412539
411209
411273
410821
411123
411696
411049
410935
411871
410795
411443
412337
411760
411772
411171
411479
411283
411370
411557
411746
411864
411299
411069
411568
411761
412258
411407
410987
411041
411687
411194
411495
411778
410435
410788
410506
411582
410429
411696
411496
410835
410830
411449
412188
411776
411761
412159
411207
411650
411489
411151
410960
410814
411218
411058
410545
411223
410988
410063
411472
411233
411300
411615
411679
410267
411634
411902
411356
411135
410841
411620
412530
411347
410890
411399
412149
410878
411474
411370
412059
411590
411374
410921
410132
410885
411963
412061
411327
411981
411585
412184
412260
411268
412793
410701
411321
411342
411530
410859
411388
409868
411353
411186
412024
410710
411611
411671
411093
411139
410974
411336
411029
410852
410891
410410
411617
411731
410285
411537
411867
411185
411553
411459
411422
411006
411686
410933
411025
411591
412351
409929
411348
411644
411558
411731
411443
411177
411246
411435
410527
411307
410815
410570
410742
411062
410889
410544
411482
412247
411170
411475
412122
412114
411625
411453
411989
411073
411416
410980
410769
410720
411591
410913
411653
411354
410681
411780
412653
411467
411850
411684
411227
411416
411167
411556
410334
411235
411108
410760
411797
411114
411295
411009
411151
411191
412445
411063
411910
412030
411050
411006
411632
410041
411303
411696
411625
411307
411381
410280
410261
411588
411106
411109
411610
411269
411346
411943
410958
411246
411345
411394
411478
410845
410961
411379
411991
410452
411558
412379
411145
411179
411827
410734
411119
410739
411562
410924
411201
410350
411539
411062
410926
411849
411251
411843
410684
411732
411207
410668
410866
410782
410467
411891
411393
411246
410790
410237
411843
411322
411352
411865
411061
411593
410847
410928
411926
410891
411229
411044
410987
411512
411337
411618
411498
412010
410985
411639
411984
411534
410943
411594
411949
410896
410547
411437
411205
411412
411611
411447
411084
410738
411088
411569
411076
410835
411149
410941
410941
410690
410869
411179
411860
410588
410403
411019
412158
411121
411434
411730
410957
411672
410958
410813
411759
410369
410442
411579
411800
411245
411089
411311
411665
410694
410695
411111
411386
411452
411228
411604
411482
411039
411631
410731
411247
410946
412055
410980
410660
411796
411515
411745
411155
411793
411880
411713
411773
410581
411074
411175
411632
411950
411401
411250
411636
411112
410459
410375
410941
410665
411057
411060
411382
411362
410777
410568
411434
411932
411716
410174
410976
411222
412133
410705
411084
410569
411357
412343
411440
411406
410740
410943
412284
410312
410885
410286
412082
411860
411261
411242
410857
411464
412153
411507
411321
411368
410689
411670
411125
411069
411606
411236
411608
410939
410177
410967
411586
410897
411247
410717
411288
411242
411264
410680
410516
411671
411511
410999
411074
411061
410990
411070
410125
412630
411608
411841
411592
412753
411487
410536
411511
410577
411789
411591
410642
411804
411948
411082
411766
411462
410996
411525
410622
410856
411249
410839
410862
411270
411241
410561
410667
411270
412265
409830
411352
412390
411546
410285
411075
411621
411328
412105
411537
410963
411109
411602
411292
411539
410725
411356
412349
410820
411368
411022
411433
411089
410409
411366
411153
410943
411588
410936
411805
410941
412100
411902
412141
410924
412068
412023
411459
410985
412016
411083
411757
412030
410846
410925
410926
411254
411136
411018
411330
411407
411467
411635
410971
410922
410723
411510
410863
410999
411507
410722
411694
412088
411411
411006
410865
410573
411165
412092
411481
410830
411081
411416
411300
411398
411396
411417
410780
411203
411668
410693
411039
411602
410730
411966
411335
411795
410806
410881
411322
411467
411449
410782
411351
411438
411736
410143
411042
410842
411696
411671
411198
411234
411308
411372
411258
411025
411005
410950
411167
410727
411796
411147
411316
412197
411759
411380
412344
411309
411840
410781
411201
411788
411282
411093
410734
410419
411202
411386
410795
411232
411568
411213
411264
410566
411149
410606
410738
411062
412192
412203
411689
410931
412010
410755
411573
411222
410899
411876
411288
411298
