674449
673862
673466
674489
674458
673760
674220
673710
674582
673365
674198
674118
674082
674165
674417
673447
674277
674088
674350
673739
674160
674262
674257
673569
674118
673949
673726
673477
673792
673390
674102
674133
674055
673803
675078
674237
673828
674041
674770
674040
674587
675169
673829
673573
674579
674063
674492
673470
674217
673702
673850
674431
674233
674974
673699
674064
673816
673476
673252
675208
674227
675082
673984
674097
674906
673398
673679
673742
674098
673364
674588
673575
674735
673963
674977
673675
673051
674006
673858
673662
674546
674050
674214
674323
673789
674348
674073
674307
674578
673918
673818
673334
674253
674944
673919
674642
674697
674121
673916
674024
673829
674594
673364
673884
674196
673829
674672
674180
673957
674560
674829
673891
673651
673724
674238
674438
673286
675075
673956
674729
673371
673263
673562
674859
674505
674772
673834
673698
673650
674393
674005
674302
673892
673900
673886
674416
674110
674105
673442
673027
674737
674107
674672
673281
674930
674144
674368
674108
673753
674335
673473
674494
674544
674018
674193
674144
674435
674026
673803
673834
673485
674163
673563
674210
673122
673922
674520
674507
673341
673565
673719
673903
673486
674361
673496
673998
674644
673875
674351
674384
674378
674438
673528
675031
673837
673887
674529
674986
674236
674937
674431
673932
674012
674357
674531
674668
673913
673941
674545
674494
674069
674154
675130
674184
673223
673257
674135
673989
674749
673908
674584
675004
673572
673879
673874
673687
674535
673260
673935
674302
673866
674180
673542
673871
673977
674643
673849
673821
674084
673759
673677
674063
673748
674022
673796
674362
674169
674051
674722
673448
674220
673886
674544
674086
673385
674385
674834
674627
674506
674862
674459
674524
673647
673575
674988
673964
673062
674281
673324
673403
673836
673894
674459
674474
672837
674089
674597
674124
674532
674388
674113
675229
672986
674187
673757
673728
673973
674763
673806
673831
673978
673841
673592
674893
674031
674234
673187
674028
673737
675101
674124
674660
674740
674443
673987
674077
675042
673845
674718
674552
674115
673527
674380
674047
674399
674360
673828
674564
674238
674213
673848
674477
674307
674392
674655
673215
674504
674923
673963
673609
673872
673547
674721
674463
673296
673560
674870
674147
674004
673896
674423
674830
674042
674465
674119
674690
674358
673343
674312
673175
674267
674298
674068
674800
674760
674098
674576
674228
674792
674019
673746
674103
673884
673723
674211
673775
675129
673484
674571
675050
674375
674826
674756
673633
674500
674356
674213
674273
674602
674046
674916
674504
674014
675134
673856
673596
674398
673673
674956
674159
673634
673064
674443
674468
674475
674142
673963
674096
674495
674630
674201
674578
673942
674620
674066
673642
673782
674393
674052
674402
674569
673748
674751
673614
673745
674571
674766
673687
673435
675077
674512
673686
674169
674685
674307
674748
674187
674331
674721
673666
674280
674568
674059
674378
673954
675329
673631
672788
674359
673029
674079
673706
675023
674334
674066
673235
674593
674469
674364
673967
673951
674251
673666
674518
675078
673844
674011
674819
673185
674516
674141
673963
673742
674012
674496
673558
674170
673413
673688
674115
674004
673690
673255
674073
674140
673755
673968
672919
673828
674623
674381
673716
674227
674469
674826
673928
673848
674675
674018
674242
674550
674501
673888
674568
674397
674670
674830
673898
674755
674002
674526
674211
674147
674561
673913
674072
674104
674077
674490
673675
674153
674555
674339
673590
674956
673988
673995
673899
675189
674043
673850
673045
674686
673796
674438
673222
673415
674136
673934
673594
674127
673533
673800
673959
674792
674236
674299
673928
674277
674453
674161
674003
674316
674179
673770
674986
674126
673767
674682
673722
673444
673595
675030
673761
673727
673663
674866
674186
673889
674057
673804
673997
673869
673871
675394
674171
674402
674298
674496
674180
673608
674987
674387
674545
673580
674029
674891
674082
674324
674149
673914
674294
674128
673680
674740
674786
674281
673905
673916
673466
674778
673678
673720
674149
674507
673758
674395
674785
673686
674537
674770
673607
674270
674036
674336
674108
673828
674780
673326
674320
674639
673831
673913
673874
673985
673964
674134
673933
673645
673887
674154
673662
674742
674549
674035
674540
674381
675248
674633
674542
675047
672597
674459
674054
674074
674190
674841
673705
674702
673631
674674
674380
674191
674653
674618
674231
673189
674371
674612
674455
673358
673070
673714
673495
673837
674270
673187
674201
674386
674113
673988
674249
674873
674607
674026
673761
674683
674308
674370
674352
674128
674077
674417
674726
673555
673579
673824
674038
675526
674273
673128
674182
673848
674122
673954
674696
674390
673024
674448
674056
673678
673478
674419
674140
673880
674370
673397
673858
674428
674785
673502
674593
674033
675724
674425
674558
674352
674190
673719
674497
673151
673751
674821
674551
673656
673698
674463
674016
674763
674447
673571
674246
673984
674469
673441
673671
673764
673993
673805
674696
674728
674102
673572
674192
674554
673676
674107
674918
674623
674180
673975
674090
674397
673631
673411
673656
674693
673709
674026
673931
673562
673812
674483
674188
673644
674537
673568
674443
675168
674151
673571
673107
673511
673856
673917
674820
673745
673799
675045
674281
673716
673956
673909
674153
674274
674447
673431
673956
674245
674242
674932
674729
674163
674842
673410
673799
674903
674031
674033
674879
673382
673381
673802
673862
674475
673455
673139
674465
674325
674521
674736
674752
673987
674070
673885
673607
673398
674391
674421
674784
673948
674122
675078
674689
673954
674241
673861
674005
673966
674249
673422
674012
673825
673735
674113
674826
673910
673726
673489
675291
673532
674031
674517
674511
674540
673723
674459
673903
674549
674249
674113
674048
673343
673862
673251
673633
674272
674338
674066
673282
673898
674866
674950
674909
674095
674521
675212
673706
674216
674311
673836
674662
674206
674130
674124
674049
675071
675163
675092
673878
674405
674255
674497
673952
674851
674527
674225
674045
674351
674596
674781
674364
674595
674490
673822
673464
674232
673806
673895
674666
674204
674103
674050
673858
674410
673753
674243
673752
675027
674563
674598
674209
674979
673681
674276
673818
674752
673409
673397
674283
674005
673737
674498
673193
674519
673525
674721
673542
674211
674345
674193
673436
674814
674514
674581
674282
674380
674587
674257
673739
674216
674600
674122
672582
674592
674045
674244
674411
673811
673791
673596
674019
674121
674272
673933
673827
674162
674236
674196
675152
674508
674627
673990
674242
674567
674998
674520
673570
673943
673999
674000
673317
673641
673313
674482
673764
674448
674431
673407
673485
673573
674027
674412
674481
674365
673601
674198
674101
674383
673634
673821
673454
674227
674502
674237
674115
674861
675028
674494
674422
674281
674192
674478
673354
673876
674407
673497
674084
673614
674186
674234
673988
674473
674137
674172
673999
673312
674564
674655
673958
