584009
582810
584233
582989
583924
583249
584220
584023
583976
582999
583386
583503
583161
582778
583273
583372
584124
584579
582861
583809
583589
583948
584423
584264
584179
584277
584067
583664
583646
583762
584024
582995
583235
584029
583103
582914
583498
584219
583929
584341
582620
582746
584063
584752
583314
583890
583752
582968
583355
584405
584026
583472
583664
582829
583428
583988
583929
583294
583304
583208
582821
583698
583322
583507
582940
583104
583628
582677
583652
583397
582892
583473
583777
583917
583358
582834
583223
582832
583323
583831
584107
583473
584774
584056
584073
583906
583133
584103
583243
583360
582769
582996
583692
583730
583533
584533
582936
583771
583968
583368
584983
583288
584643
583502
584173
583616
583886
584163
583854
583111
583717
584454
582926
583497
583534
583098
583147
583897
582645
583141
583623
583371
583683
583708
583521
584232
584420
583140
583564
583575
583305
582958
583683
583422
583564
583253
583428
582728
583374
583476
583662
583043
583706
583475
582776
583090
583686
583820
583421
583295
582963
583371
583339
582930
583617
583937
583803
584260
583002
582956
583223
583179
584169
583220
583631
583293
583882
583024
583657
583357
583431
583659
584180
583059
583043
584112
583581
583957
583520
582604
583966
583874
583844
583524
583250
584157
583315
584123
583562
583170
584090
583385
583323
583976
583760
583462
583002
583844
583998
583588
583331
584249
583768
583869
583582
584057
583594
583605
584006
583058
584164
584518
583789
583509
583132
583624
582770
584506
583943
583615
584392
584027
583031
583582
583043
582967
583349
583173
583418
583718
583746
582897
583745
583862
583028
584380
583123
583866
583586
583325
583630
582007
584162
583232
583425
582925
583443
583827
583066
582953
584449
584036
583062
584263
583523
582938
583327
583656
584296
584514
583029
583605
583047
582866
584673
583591
583015
584436
584035
583999
583287
583970
583075
582726
583661
584159
583130
584866
584377
583445
583078
582447
583389
583455
583624
583185
584149
584961
583391
583899
583584
582989
583776
583992
583449
582036
583686
583675
582954
584070
583789
584075
582837
583384
583708
583513
582699
583904
583420
584438
583415
583152
584278
583922
583903
583940
584230
584821
583985
583581
583505
583633
584413
583852
583714
584462
583093
584287
583691
583808
583243
583412
583204
584303
583138
583431
584303
583158
584105
583140
583063
584008
583908
583703
583167
583140
583654
584048
583026
583716
583944
583856
583439
583890
583573
583493
583749
583080
582989
582971
583065
582983
583396
583746
583621
583143
583607
582974
583390
583011
582965
584908
583187
583418
583519
583953
584058
582436
583854
583725
583912
582996
584058
583064
583793
584172
583271
583264
583460
584178
583520
583172
582952
584082
583341
583814
583512
583429
583631
583734
583955
583907
584122
583997
583856
583697
583875
583422
584060
584228
584776
583580
584411
583994
582909
583557
583163
583489
583774
583403
584474
583887
583235
585039
583500
583414
583361
583250
583755
583573
584564
583744
583592
583334
583262
583705
583976
583780
583031
583797
583165
583190
583575
583665
583288
583722
584120
583148
583819
583359
583642
583643
583808
583944
583741
583513
582401
583637
583907
583577
584001
583843
583629
584732
584148
583513
583152
583317
583976
583706
584392
584068
583073
584297
583469
583980
583014
583269
583739
584102
583704
583278
583833
583586
583171
584136
583821
583942
584419
583516
583245
583331
582918
584544
583736
582823
583689
582695
583065
584553
583446
584030
583802
583751
583461
582707
584063
583084
584240
583558
584260
583432
583312
583371
583350
584027
583847
583667
583039
584155
583780
583841
583620
582809
583421
584332
584165
583012
583805
583167
583331
584105
583858
583191
583445
583662
583037
582993
583345
583440
583416
583559
583582
584115
584928
584560
583018
583658
584000
583690
583902
584090
584224
583972
583526
583773
583241
583042
583394
583192
584063
583689
583733
583397
583803
583957
583696
584189
583827
583471
583661
583745
583170
583889
583790
584296
582782
582964
583484
583420
583514
583195
584035
584497
583907
584130
583194
583580
583388
583826
584430
583233
583386
583590
582895
583968
583799
584167
583472
583413
583983
583985
584350
583282
582937
582832
583364
582836
583081
583825
583637
582872
583353
584162
584075
583880
583401
583532
583717
583314
583210
583395
583730
583608
582927
583585
583683
582938
583716
583576
583497
583499
583919
583912
583561
583286
583000
583465
582896
583723
584742
584527
583210
583808
582592
583745
583611
584060
584376
583750
583285
583447
583634
583784
584534
583611
583251
583484
583934
583532
583104
584442
582688
583496
583230
583413
583623
583691
584168
583505
583282
584274
583933
583789
583507
583762
583571
583359
584151
583763
583148
583339
583951
583259
583921
582548
583448
583787
584529
583339
584174
583323
584103
583683
582601
583321
584111
583309
584762
584506
583709
583704
583431
584036
583854
583252
583519
583868
584935
582465
583679
582623
583061
583422
583750
584193
583942
583464
583898
583221
583511
583541
583180
584453
584058
583257
583930
584245
583413
584326
582497
583625
584175
583409
583414
583228
583574
584152
584093
583953
583284
583103
583937
584193
584192
583286
583941
583128
583236
583568
584435
584081
583307
583908
583494
583811
583383
583744
583064
583348
583671
583622
583832
583684
582759
583584
583960
583991
583177
583020
583920
583817
583026
583640
583336
583766
583267
584151
583659
583238
583562
583445
583734
582659
583738
583282
583092
583791
583762
584638
583815
583837
583497
583769
583555
583510
582935
583665
583150
583428
583101
583500
584047
583555
583531
582800
583355
583603
583184
584295
583286
584268
582210
583607
584169
583633
582539
583062
582817
583178
583254
582878
582721
583523
582411
583614
582748
582608
583159
583887
583666
583829
583180
583820
583416
582525
582405
582408
583756
582880
583675
584617
583462
583516
583823
582967
582922
583734
582984
583787
582914
582816
583181
583704
583057
583540
583621
584704
583606
583020
583562
583513
583701
583769
582742
583680
583289
582834
583246
583381
583043
583362
583557
583115
583479
583474
583380
583445
584423
583463
582760
584119
583407
583465
583374
582899
584397
583288
583833
584509
584088
584238
583776
583233
583217
582834
583715
583752
583788
584063
584367
582894
583601
584207
582759
583375
583769
583795
583734
583365
583572
583574
583931
583780
583334
583924
583674
583387
583967
584284
583552
583647
583439
584011
583976
583859
583533
583917
583816
584127
584152
583769
583954
584300
583950
583040
583357
583574
583496
583111
583429
583326
583769
583719
583609
583591
584170
583191
583134
583872
583911
583880
582717
583790
583578
583761
583673
583613
583534
583909
583257
583448
584206
583620
583479
584176
584204
583190
583614
583748
583029
584564
584048
583241
584033
583125
583599
583764
583142
583461
583804
582815
583622
583807
584179
583421
583778
582884
582980
583095
584639
584373
583713
584080
584044
582583
584701
584041
582842
583461
