913901
914223
914411
914438
914416
914342
914557
913998
914493
914765
913837
914216
914807
914383
914936
914520
914608
914212
914343
914394
914394
914622
914466
914363
914314
914766
914466
914490
914357
914401
914735
914283
914425
915007
914155
914555
914879
914644
914480
914429
914536
914922
914510
914252
914650
914534
914990
914537
914599
914206
914941
914232
914489
914411
914462
914399
914208
914816
914472
914771
914657
914500
914732
914526
914297
914507
914241
914111
913960
914545
914474
914480
914048
913940
914360
914299
914072
914362
914754
914485
914359
914219
914896
914952
914520
914054
914676
914322
914784
914525
914615
914675
914838
914502
914275
914126
914108
914249
914605
914681
914026
914329
915027
914865
914682
914082
914673
915164
914299
914743
914560
914613
914628
914040
914661
914445
914341
915233
914086
914683
914248
915055
914135
915072
914497
914069
915008
914649
914437
914615
914385
914204
914969
914695
914737
914857
914881
914355
914721
914665
914521
914896
914207
914932
914598
914572
914493
914658
914320
914204
913769
914617
914652
914856
914295
914154
914643
914310
914184
913866
914370
914267
914991
914705
914163
914294
915056
914451
914423
914340
914668
914065
914394
914215
914135
914453
914698
914337
914504
914542
914398
914183
914984
914012
914290
914660
914402
914857
914575
914433
914558
914862
914624
914671
914185
914300
914538
914441
914076
914348
914620
914324
914093
914210
914558
914132
913909
914564
914724
913936
914426
914157
914261
914518
914476
914065
914681
914073
914419
914329
915009
914446
914211
914120
915008
914170
914243
914367
914605
914456
915068
914981
914364
914540
914112
915005
914200
914447
914166
914180
914376
914386
914264
914591
914680
914631
914599
914506
914574
914442
914542
914052
914625
914217
914689
914161
913912
914313
914575
915070
914225
914420
914176
914801
914254
913807
913889
914325
914050
914727
914584
914633
914456
914472
914550
914873
914370
913834
914537
914483
913860
914332
914553
914298
914774
913881
914776
914831
914466
913928
915251
914588
914451
914860
914031
914710
914314
914375
914791
914157
914551
914727
914312
914529
914341
914591
914124
914952
914679
914061
914782
914015
914551
914617
914617
914250
914707
915087
914200
914633
914346
914389
914494
914633
914200
914216
914545
914368
914930
913984
914282
914370
914503
914143
914147
914530
914828
914444
914526
914690
914534
914333
914435
914084
914589
914362
915007
914446
914033
914354
914561
914681
914046
914266
914128
914640
914076
914305
914758
914364
914423
914912
914423
914508
914676
914401
914206
914076
914661
914315
914193
914483
914648
914144
914756
914210
914773
914199
914260
914656
914721
914520
914650
914560
913896
913946
914522
914540
914401
914373
914765
914398
915042
914737
914616
914515
914794
914642
914015
914242
914499
914878
913871
914296
914238
914317
914074
913961
914201
914260
914696
914491
914934
914539
914661
914649
914245
914467
914333
914601
914347
914000
914470
914753
915055
914619
914687
914522
914771
914412
914665
914239
913940
914309
915078
914633
914602
914610
914488
914575
914297
914687
914098
914897
914460
914426
914619
914554
914237
914126
914068
914355
914350
914694
914480
914073
914465
914082
914307
915015
914648
914206
914051
914687
914571
914552
914526
914635
914557
914163
914866
914714
913988
914463
914233
914417
914524
914624
915041
914358
914564
913976
914427
914674
914741
914628
914128
914695
914687
914478
914496
914501
914615
914639
913969
914594
914541
914745
914276
914252
914413
914405
914664
914284
914105
914505
914474
914736
914175
914427
914030
913692
914930
914203
914143
914365
915056
914441
914813
914483
914535
914537
914397
914664
914444
914794
914327
914513
914681
914673
914207
914523
914898
914705
914089
914369
914042
914985
914580
914657
914545
914394
914115
914558
914226
914047
914222
914677
914464
914544
914720
914537
914494
914152
914703
913957
914495
914523
914411
914677
914607
914226
914539
914604
914826
914492
914543
914336
915129
914245
914387
914548
914573
914151
913888
914218
914276
914169
914439
915266
914373
914465
914457
914127
914107
914951
914839
914629
913952
914841
913698
914479
914423
914367
914937
914774
914929
914553
914793
914339
914649
914620
913891
914087
914156
914398
914257
914418
914401
914327
914667
914369
914588
914531
914388
914589
914615
914575
914071
913641
914411
914953
914327
914502
914462
914264
914701
914555
914182
914386
914255
914175
913990
913654
914357
914497
914367
913976
914065
914909
914261
913961
915064
914331
914137
914614
914288
914967
914022
914398
914487
914799
914166
914407
914388
914008
914001
914418
914073
913882
914571
914159
914268
914671
914748
914738
914483
914776
914135
914277
914092
914911
914258
914186
914669
914107
913883
914508
914396
914059
914380
914201
914418
914251
913784
914652
914256
914070
914049
914517
914566
914521
914076
914348
914426
914055
914781
915003
914527
913963
914442
914381
914271
914425
914579
914128
914295
914683
914789
914414
914651
914500
914400
914220
914120
914712
914665
914512
913992
914429
914157
914263
914635
914410
914242
914947
913842
914856
914357
914187
914885
914090
914692
914428
914035
914626
914395
914388
914453
914361
914295
913962
914259
914404
914274
914727
914105
914694
914086
914292
914533
913930
914554
914037
915000
914519
914339
914320
914694
914539
914133
914752
914195
914382
914788
914243
914160
914609
914915
914464
914268
914338
914813
914352
914197
914427
914353
914353
914396
914222
913830
914619
914367
914357
914270
914482
914178
913676
914226
914077
914521
914338
914298
914958
914348
914414
914490
914352
914640
914258
914529
914015
914653
914918
914032
914113
914697
914677
914178
914129
913969
914522
914481
914207
914146
914888
914610
914626
914357
914336
914054
914158
914461
914353
914416
914441
914448
914340
914241
913977
914210
914345
914421
914385
914143
914797
914160
914364
914775
914832
914508
914349
914451
914060
914989
914568
914766
913661
914115
914130
914416
914372
913911
914508
913901
914218
914294
914561
914162
914465
914605
914962
914488
914532
914477
914573
914893
915001
914549
914521
914736
914749
914600
914454
914394
914297
914471
914778
914931
914209
914537
914437
914404
914292
915121
914020
914457
914496
914839
914610
914695
914535
914583
914193
915090
914461
914430
914654
914809
914650
915412
914290
913927
913822
914593
914396
914689
914235
914431
914710
914162
914433
914503
914421
914672
914504
914598
913849
914249
914582
914668
914496
914350
914521
914832
914337
914507
914569
915187
914346
914208
914400
914385
914523
914262
914797
914081
914433
914591
914506
914662
914479
914606
914833
914573
914367
914348
914397
914717
914608
914903
914580
914562
914697
914252
913864
915050
914568
914910
914355
914714
914467
914495
914098
915575
914572
914465
914288
914358
914381
914199
914605
914319
914758
914625
914537
914680
914322
914792
914399
914597
914894
914418
914694
914813
913734
914252
914218
914340
914715
913543
914802
914616
914629
914377
914495
914486
914443
913803
914997
