817023
816731
817235
817055
816916
816108
817211
817117
816511
816582
816649
816133
816733
815650
816506
816455
816653
817392
817141
816292
817022
816930
816401
816894
817224
817168
816517
817022
815713
816276
816677
817035
816529
816767
817278
815692
816167
816172
817150
816876
816488
815690
816395
816690
817363
817015
816945
816776
816577
817040
816062
816586
816418
816902
817407
816702
816845
816775
817233
816890
816666
816607
815984
816742
815867
816044
816441
815742
816479
816402
816303
816599
817012
816282
816630
816944
816795
816374
815735
816428
816623
817027
816064
816497
816462
816344
816875
816370
816817
816217
816178
816893
816846
816477
816588
816217
816338
816614
816262
816936
816360
816345
816869
816235
816324
816416
816667
816349
816662
816791
815705
815944
816692
816240
816792
816480
816856
816601
816075
816170
816476
816615
816113
816670
816986
817277
816866
816588
817007
816391
816091
816425
816561
817383
816523
817103
816699
815714
816934
817238
816470
816086
816498
815912
815908
816926
816903
817125
816181
816594
816827
815876
816885
816819
816384
816293
816832
816437
816738
816429
816377
816167
816807
816590
817137
816619
815434
816286
816383
817197
816789
816888
816576
816084
816748
817757
817117
816088
817231
817276
816112
816537
816730
816624
816584
816272
817003
816145
816236
817088
816125
816534
817237
816292
816984
816591
816401
816267
817262
816673
817083
816607
816320
817341
816430
816544
816713
816503
816620
816509
816048
815940
816920
816565
817014
816429
816359
816801
816783
816419
816623
816652
816255
816829
816582
817362
816303
817088
816600
816289
816987
816028
815403
816661
816335
817012
816611
816425
816534
816758
816785
816315
816032
815845
816306
816181
817007
816910
816753
816444
816862
816841
816628
815869
817450
816692
816816
817004
816067
816324
816223
816813
816329
816264
816147
816688
816491
816947
816647
816312
816439
816910
816617
816723
816189
816926
816760
816412
816464
816386
816459
816624
816548
816010
817439
815975
816283
817116
816588
816840
815719
816894
816524
816456
816020
816511
816572
816398
816743
816897
816774
816521
816788
816109
816387
816622
816222
816228
817089
816206
816528
816336
817084
816339
816697
817131
816470
816578
816657
816676
817155
815919
817213
816837
816858
816059
816770
816648
816713
816271
817267
816649
816715
816617
816932
816439
817013
816830
816821
816666
816146
816428
816530
816996
816982
816408
816259
816346
817462
816935
816210
816251
817016
816546
816746
816872
816930
817179
816524
816749
816340
816275
816839
816437
815756
816088
816297
816451
816587
816733
816643
816615
817134
816576
816481
816912
816177
816801
816651
816619
816341
816868
816394
816029
816209
816836
816563
817498
816221
815898
816220
816727
816050
816696
816943
815852
816400
816508
816685
816686
816269
816313
816031
816527
816570
816682
816712
817735
816580
817246
817609
816533
816368
816481
816533
817397
816694
816449
817088
816436
816611
816013
816538
816773
816274
816793
815997
816413
816776
816416
816370
816120
816875
816134
816943
816520
817057
816283
816190
816609
816417
816805
816076
816720
816572
816338
816637
816516
816405
816101
815830
815789
816529
816517
817247
816356
817056
817210
816931
816301
816885
816466
817409
817098
817288
816739
816461
816630
816485
815996
817138
816716
816675
817451
816553
817089
816631
816678
816399
816484
816557
817294
816890
816732
817339
817217
816725
816101
816391
816266
816747
816064
816107
816695
816405
817043
816107
816945
816671
816155
816589
816863
816620
816781
816667
816386
816462
816887
816459
816589
816580
816702
816978
816985
816094
816533
816341
817219
817294
816371
816029
817161
816207
816679
815984
816855
816115
816664
816726
816882
817114
816919
816466
817074
816642
816811
817047
816780
816548
816741
816548
816682
816169
816494
816288
817004
816532
816696
816784
817377
816536
815931
816565
816384
816234
816185
816714
817169
816807
816040
816542
816566
816678
816563
816353
816624
816424
816758
816285
817265
815703
816840
817106
816544
816295
816890
816749
816308
816575
816254
817280
816385
816667
816710
816437
816597
817400
816715
816068
816848
817197
816829
816807
816923
816778
816797
816604
815957
816577
816636
816597
816820
816701
816971
816557
816443
815986
816672
816224
817092
816993
815924
816355
817160
816677
816078
817009
815851
816860
816659
816799
816236
816725
816252
816530
815567
816922
817137
816151
816317
816550
816692
816943
815700
815599
816510
816677
816274
816109
816567
816694
816811
816139
817028
817120
816882
816086
816358
816451
815949
816589
815769
816968
816022
816453
815646
816782
816838
816977
816103
816739
816534
816788
816143
815825
815771
816131
816537
816454
816615
816282
815833
817026
816591
817053
816561
816228
816289
817527
816874
816524
816865
816137
816592
816779
817091
816469
816461
816777
816750
816829
816768
816558
815806
816566
816458
816517
816741
816831
817203
816381
816381
816702
816979
816082
816806
816255
816755
816800
816333
816023
817264
816056
816827
816639
816367
816400
816666
816645
816167
816198
816590
816444
816091
815891
816741
816701
816290
816269
816567
817390
816151
816252
816756
816254
816127
816377
816740
815789
817140
816522
816146
817286
816753
816676
817001
816725
816932
816913
816351
816774
816412
816454
816128
816175
815977
816493
816498
816254
816837
815866
816951
816574
816980
816464
816052
815999
816114
816194
816846
816573
817141
816121
816759
816233
817082
816409
816060
816662
816328
815722
815958
816004
816040
816516
816060
816287
816523
816823
816646
816711
816161
817067
816537
816083
816731
816840
816573
816774
815881
816191
816038
815911
816237
816760
816058
817022
816601
816086
816383
816009
816476
816490
816238
816104
816454
815749
816653
816381
816955
816717
815973
815728
816533
816351
816443
816608
816175
816039
817102
816779
817250
817092
816485
817093
816451
817308
815932
816767
816580
817436
816281
816348
816496
816559
816627
816673
817133
816257
816703
816051
816913
815990
816452
816355
816415
816680
815818
816274
817102
817239
817099
816045
816625
816820
817512
816979
816287
817250
816854
816506
816276
817605
817538
816871
816436
816768
817081
816647
817161
816979
816722
816986
816714
816672
816894
816239
816623
816953
816853
817094
816880
816842
817808
816342
816727
816646
817109
816781
816883
817049
816680
816929
816738
816853
816414
816056
816435
817106
816153
817039
816306
816543
816735
816796
816896
816708
815942
817084
816606
816909
816047
816566
816560
816254
817257
817605
817406
816901
816850
816887
817022
816767
816595
816764
816653
816264
816505
816570
816222
816808
817280
816785
816626
815892
816400
816291
816783
817162
816600
816520
816520
816332
816758
817184
816949
816413
816664
816669
816585
816800
816042
816472
816060
815873
816372
816456
816097
816636
816507
816626
816909
816835
817378
816635
816348
817145
816860
816303
815972
816449
817140
816401
817068
817623
817468
817040
816887
816349
816657
816668
817446
816673
815867
816685
816306
817271
817684
816463
817224
