361502
360654
360408
361360
361590
361037
361296
360739
361595
361069
361097
361023
361102
361008
360783
361101
361348
361252
360562
360664
360166
360495
359905
360618
361094
361452
360105
360864
360664
360669
361344
360955
360478
361110
360011
360447
360777
360345
361401
361217
360686
360995
360894
360212
361373
361229
360199
361255
361405
360428
360831
360902
360579
360376
361562
360078
361216
360888
360138
361448
361518
360541
360773
360125
361021
359769
361035
361147
361216
361299
360261
360764
360035
361204
361568
361479
361358
360927
360959
360154
360933
359881
360807
361068
360744
362686
360906
361020
361221
361753
360436
361321
359665
359978
360247
360939
360554
361451
361586
360755
360589
360811
360662
360687
361721
361040
361278
360311
361040
361031
360801
361699
360442
360204
360908
361033
360848
361218
360849
360630
360723
361131
359831
360065
360697
360887
360395
360817
360527
360383
360832
360700
360478
361242
360664
360744
361343
361642
360991
361379
360782
361907
361054
362082
361273
360955
359806
361169
360899
360330
360377
360655
360819
360664
361864
360807
361313
360855
360566
360940
361070
361027
361786
360425
361549
361160
360404
362082
360713
361614
361068
361269
360926
360849
360411
361463
361075
361220
360569
361142
361019
361057
360974
361223
360133
361049
361464
361085
361365
361179
361315
360836
360781
361403
360898
361104
362140
361011
360868
361164
361453
361019
360825
360462
361031
362037
361485
361120
360735
360647
361094
360908
361163
362514
361260
360800
360252
360979
361394
360493
360454
359966
361712
360899
360912
360089
360499
361260
360433
361640
361840
360889
361422
361328
361352
361081
361390
360506
361181
360952
361696
361235
361105
360814
361059
360467
361378
361199
360945
361549
361275
360693
360606
360120
360282
360668
361112
360490
360160
361560
361570
361117
360386
361200
360770
359847
361080
361256
361809
361636
361235
360285
361128
361338
361752
361794
361096
361354
361638
360878
361264
360576
360426
361561
361326
361460
361377
360123
360230
360472
360829
360611
361231
361136
360113
360425
360861
362020
360601
361184
361879
360066
360764
360834
360650
361059
360871
361345
360595
360668
360729
360825
360919
360871
360430
360501
361478
360737
360344
360907
360413
360858
361046
360915
360043
361359
360555
361243
360163
360774
360484
361073
360702
361758
361795
361297
361336
361272
361759
361097
361209
361227
360898
361325
360665
360843
361362
360622
361628
361767
360996
361348
360855
361115
360993
360855
361395
361186
361169
361152
360794
360869
359809
360322
360397
360851
361413
360504
360614
360422
361258
361019
361162
361834
360644
361304
360720
361267
360844
361026
361926
361570
361251
362301
360802
360819
360468
361503
361553
360092
361325
361043
361064
361185
360121
361239
361634
360865
360697
361688
360803
360767
360625
361866
361135
360083
361019
361387
361533
361417
361383
361665
360243
360080
360305
360884
361386
360015
360455
361414
361246
360665
361376
359983
361374
361268
360704
360933
360701
360419
362047
360998
361427
360767
360929
360687
360780
361573
361110
362295
361921
362076
362157
360366
360969
360844
361179
361327
361065
360831
360620
361311
361537
361100
360762
361347
361014
361110
361091
361401
360619
360158
361484
360591
360619
360447
360423
361211
361311
361434
361010
361711
361135
360350
361290
361427
359929
360708
361199
361303
361766
360678
360459
360761
360713
360789
360934
361178
361241
360840
361810
361052
359818
361620
360143
360855
360305
361136
360653
360840
361135
360891
360264
360925
360729
361588
360868
360434
361491
360465
360764
360490
360982
360701
361562
359730
360723
360377
360087
360709
360564
360229
361382
360564
360975
359398
360392
360845
360732
360953
360938
361899
361256
361090
361390
361292
360789
361219
361404
361949
360582
360923
361319
362571
361984
360943
361637
360501
360328
361352
360782
361032
360801
360169
360907
360834
360906
360073
360516
361299
361055
361266
360717
361160
360945
360644
360717
360688
361475
360935
360807
360433
360799
360712
360459
360939
360491
360512
360207
361511
361769
361711
361200
360623
360837
360908
361310
360910
361415
360517
361374
360770
360549
360765
360655
361086
361301
361241
360565
360980
360976
361463
360813
361363
359847
361199
362120
361178
361438
360620
361695
361206
360625
360577
360850
360688
360490
361446
360964
362125
362363
363070
362279
361487
361971
361879
362320
361508
361448
361559
362152
361919
360813
362285
362252
361475
361902
362346
362156
361955
361555
361975
361997
361792
361630
361257
361393
362157
360948
360975
361928
361472
361678
361631
361535
360922
361019
361651
361583
362109
360982
361800
362287
361947
360914
361489
361294
362460
361791
360730
361759
361459
361906
362029
362064
361663
361773
360790
361066
361596
362273
362024
361113
361017
361227
361264
360773
361941
362245
361349
361104
361037
360775
361372
361624
361457
360874
361557
361259
360823
361202
360857
361176
360512
361085
360708
361485
361072
360378
361058
360712
361802
362146
361837
361978
361427
361472
361939
361580
362178
361533
362033
362780
361781
361381
361435
361313
360979
361182
361406
361559
361449
361782
361585
361535
361124
360621
361215
361784
361642
361890
361883
361701
361673
361360
361457
361186
361744
361311
362127
361246
362231
361542
361273
362024
362188
362184
361444
361256
361600
361528
361821
361177
361860
362169
361685
361924
362337
361402
361469
361897
362121
362717
362114
361999
361465
362651
361152
361411
361458
361632
362123
361720
361498
361803
361667
360675
362107
361244
361086
362222
361559
361597
362492
361611
361999
361859
361379
362199
361624
361903
361728
362215
361779
361756
361623
362037
361949
361691
362183
361843
361088
361457
361131
361221
361175
361707
361607
360588
361816
361819
361486
361139
362963
362306
362211
362046
362114
361490
361394
360847
360642
361324
360753
360707
361408
360393
361409
361074
361190
361491
360671
359794
360831
361517
361037
360426
360760
360997
360682
360856
360111
360574
361260
360845
360686
360934
361113
360638
361343
360781
360817
361326
361283
360579
361648
360454
360482
360657
361911
361045
361457
360617
360609
360576
360609
360172
361178
361716
360419
360453
361182
360943
360808
361750
361162
361239
360964
361203
361283
360947
360574
361050
360397
361937
361076
361425
361113
361369
361473
360646
360031
360263
360854
360887
360162
360819
361452
360036
361197
361472
361151
360618
360971
360902
360463
359799
361634
360826
361294
361002
360732
361256
360478
360768
361121
360968
360416
361176
360904
360750
361174
361863
361241
359871
361130
360394
361138
360925
361243
360832
360683
360593
360981
361157
360224
360772
361529
361441
361512
361330
360085
361082
361688
361128
360801
361386
362125
361186
360858
360554
361759
359408
361241
360343
360845
360891
361638
361479
360960
361920
361766
360778
361816
360514
361243
361530
360422
361325
360745
360670
360441
360010
360923
361518
361181
361105
360969
360704
360565
360489
360659
360565
360796
361086
360775
361314
361011
360753
361301
