607342
607247
608416
606935
607839
606878
607725
607113
608287
607077
607253
607130
607665
607798
606339
607518
607801
606720
607102
607503
607621
608293
607961
607609
607450
607108
606627
606649
606320
607764
606604
607396
606841
607013
607482
606852
606286
607150
606866
607410
607712
607412
607034
607494
607604
607483
607282
606973
607686
606703
607556
607266
607191
607977
606842
607764
607379
607262
607191
606898
606822
607934
607139
607203
606800
606753
607726
606738
606908
607245
607731
607172
607287
607665
607458
607096
607725
608025
607215
607666
606881
607180
606856
607350
607271
607010
606730
607155
607775
606998
607801
607023
607532
607427
607226
607926
607086
608030
607719
606991
606957
607777
607819
608975
606565
606766
607355
607901
608203
607630
608234
607532
607706
608069
606993
607816
608032
606929
607758
608350
608482
607755
607340
607652
606420
607097
607483
607667
606887
607672
607664
606972
607657
606692
607704
607426
606874
608081
607312
607306
607146
607660
608267
608558
607081
607673
608236
607363
607829
607616
608398
607634
607916
607418
606919
608063
607735
607683
608226
607698
607796
607265
607591
607531
607833
607605
607835
607483
607984
607445
606582
606929
606683
607556
608112
607100
607711
607152
607919
607010
607486
607872
607525
606825
606892
608314
607058
606857
608029
607759
607075
607153
605983
606969
607545
607838
607382
607880
607605
607730
607745
607956
608100
607279
606877
607750
607442
606856
606873
608000
607548
607977
607483
607643
606883
607490
607199
607713
606874
607395
607230
608186
608511
608555
607398
607725
607618
607481
607793
607216
606702
606926
607915
607708
606714
608084
607592
607739
607924
606342
607919
607353
608361
607812
607218
607786
607988
607411
607597
606873
607704
606751
607381
607746
606672
606623
607715
608304
606512
607556
607180
607809
607624
608269
607662
606829
607484
607678
607401
607171
607577
607720
608002
608042
607615
607672
607203
607343
607198
607757
607551
607539
607215
609315
608006
607571
607301
608093
608204
607102
608015
607710
608279
608148
607777
605959
607375
607348
607421
607443
607303
606944
608140
607785
608356
607834
607829
607821
607387
607041
608190
607325
606924
607538
607059
608209
608143
607158
608198
608182
607521
606865
607473
607750
607942
607948
607519
607791
608098
607744
606941
608261
607392
607670
606981
607506
607651
608078
606878
606938
607319
607849
608442
608032
607835
607522
607381
607887
607473
607676
607283
607229
607040
607132
607429
607983
607426
607070
607622
607046
607130
608124
607092
607828
606889
607021
606568
607223
607961
608317
607812
607261
607576
607293
608085
606766
607966
608708
608009
608688
607568
607454
607096
607731
607841
606959
607640
607367
607503
607977
607349
606913
607619
607291
606543
607653
607782
608036
607007
607109
607177
606897
607263
605939
607088
607142
607281
606627
608115
607203
606874
606692
606893
608286
607485
607798
607214
607777
607130
606739
607543
608033
607504
607276
608006
608023
607795
608072
607432
608190
607452
606787
607465
606853
607494
606722
607362
607807
607316
607709
607884
607402
607323
606958
608039
607363
607462
608198
607696
607181
607540
607627
607269
607422
606944
607078
608474
607721
608158
607486
607015
607310
607129
607085
607153
607857
607164
607055
606560
608370
608000
607104
607621
606988
608063
607253
608111
607543
606394
608137
607974
608439
608094
608493
607335
607567
607698
607342
607013
607249
608162
607725
608047
608233
607551
607480
606743
607271
608246
607239
608368
606435
607982
607985
606683
608003
608105
608050
608016
608301
606724
607247
607172
607191
608312
607447
607162
608093
607584
607419
607744
607940
606273
607901
607754
606891
607656
607232
606947
607252
607105
607176
607303
607353
607248
607809
606710
607309
607407
606794
606224
607527
607435
607965
607232
606858
607223
607599
607386
607473
607243
606753
607128
607933
607024
607423
607432
606538
606815
607571
606883
607779
607306
607375
607058
607409
607637
607944
607677
606723
606793
607281
607584
607341
607629
607030
606813
607301
608084
607057
607458
607701
607763
606235
607073
607219
607817
607531
607943
607574
607722
607481
607331
606997
607752
606830
607249
607166
607399
607296
607716
607163
606678
607736
606805
607799
606954
606820
607237
607097
607562
606790
606831
607164
607739
607020
606980
607386
607731
608224
608069
607371
607596
607491
607694
607537
607685
606924
607985
607084
608255
607769
608593
607603
606984
607617
607113
607623
608496
607383
607006
607649
608279
607659
607824
606951
607926
607678
607740
608398
607371
608106
608013
607252
607180
608130
607781
607427
607986
608469
607435
608316
607809
607924
607443
607449
607563
607757
608024
607625
608515
606699
607532
608218
607308
608413
609037
607606
608209
607250
608446
607780
607357
607527
607447
608149
607501
606794
607575
608396
607416
608385
607878
608673
607539
607491
607526
607531
606787
607589
607741
606978
606966
607742
607122
607089
608107
607408
608059
607485
608322
608263
608242
608488
608124
608188
608564
607764
607874
607689
608920
608571
607872
607882
608345
607844
607594
608308
608753
607475
608116
607249
607372
608489
607838
607187
607855
607417
607367
607583
606855
607948
607955
608093
607542
608522
607708
607312
607596
607115
607491
608217
607362
608474
608436
607411
607786
607546
607370
607243
607504
608374
608512
608122
608950
607151
607832
607525
608658
607782
607663
608710
608173
607883
607883
608100
607801
607861
607834
608450
607555
608614
607755
607156
608009
607191
608676
607504
609027
607579
607896
608233
607224
608031
608488
607313
608275
608141
608218
607954
607785
608241
608491
608404
607279
608214
607653
608085
608599
607816
609327
607756
608197
607825
608471
608187
607670
608277
607748
608086
609004
607916
607915
608345
606603
607263
609158
608052
608516
608159
608170
608346
607753
607304
607168
607182
607954
607634
607400
607171
607304
606728
607799
607149
606615
607932
607162
607725
607062
607521
606821
608117
606847
606708
606578
607235
606898
607389
607564
606878
607513
607058
607548
607062
607755
608281
607129
607293
607926
607662
607678
608140
607737
606720
607337
608054
607545
607551
607978
607213
606808
606944
607123
607534
607081
607637
607864
607360
607582
607059
607685
607434
606788
607880
607357
606879
607955
607214
607875
606946
606592
606639
607714
607167
606488
606282
608007
607730
607101
607748
607114
607816
607447
607178
607351
607803
607101
608160
606909
607633
607914
607630
607465
607851
607291
608484
608398
607658
608195
607690
607144
607278
608207
607545
607253
606731
608086
607777
606972
608011
607672
608149
607557
606988
608401
606668
607978
606669
607068
607425
607360
607694
607799
607013
607675
606786
606970
607690
607479
607592
606496
606934
607581
606986
606991
607847
607615
608091
608184
608120
607165
607126
607226
607188
608037
607700
607494
606717
607632
608788
607717
607055
607660
607100
607537
607939
607629
607098
607873
607055
607420
607871
607069
607006
607561
608436
607004
608242
606820
607935
