521225
521840
521356
521932
521225
520291
520547
521242
522336
521528
521274
521956
521140
521542
521741
521191
520723
521251
521567
521237
521709
520643
521742
522144
521243
521244
521638
521065
521025
521525
521201
521204
522008
521699
521119
521997
521503
521688
521800
521152
521643
521012
521234
521347
521329
521559
521155
520837
520576
520557
521570
521597
521787
521883
520477
519945
521791
521286
521968
521702
520657
521162
521522
521108
521187
521514
520616
521113
521962
521576
520538
521296
520937
521594
521430
521897
521576
521231
521345
520583
521514
521590
521834
521635
521456
521698
520785
521828
521506
521504
520991
520814
521006
521389
521005
521084
520604
521038
521708
520396
521341
521682
522029
521680
520990
522091
521950
522167
521641
520900
522109
521741
521744
521730
520893
522060
521333
521260
520955
520519
521368
522254
521226
520526
521830
520176
520136
520916
522221
520918
521795
521025
521940
521478
520745
520643
521202
520799
520678
521413
521179
520435
521079
521390
521976
521557
521692
520648
521143
521477
521664
520107
521575
520597
521685
521169
521012
521080
521399
520759
521353
521944
521719
522510
522297
521576
522224
522575
520817
521530
521578
521832
521711
522279
521738
521470
520557
521397
520849
521574
522265
520581
522034
521281
521515
521647
521909
521417
521550
521002
521730
521600
521381
521431
522052
521039
521301
521509
521265
522232
521773
521694
522332
520681
521762
521591
521842
521017
521906
520768
521439
520922
521604
521293
521776
520895
522258
521544
522352
521684
521568
522244
521941
521562
521524
521699
522551
521549
521352
521705
521454
520948
521178
522698
521070
521931
520978
521841
521258
521146
521309
521546
521106
521633
520607
522555
522284
521809
521279
520848
520988
521850
521943
521748
520680
521881
521417
521243
522088
521807
521106
521177
522109
520875
521292
521461
521541
521606
522430
521520
521811
521433
521241
521886
522467
522308
521563
521546
522018
521602
521163
521707
521641
521292
521202
521026
521535
522594
521419
521004
520932
520746
521288
521369
521222
521823
521408
521602
520774
521334
521925
522367
520593
521249
520649
521031
520830
521506
522036
522072
521032
520700
520520
521484
521476
521377
521666
521263
521155
521582
521242
521171
520834
521636
521212
521313
521251
521018
521197
521537
522035
521038
521454
521975
521389
520969
521594
521048
520421
521725
521072
522336
521776
522016
522556
521433
522247
521054
521773
521515
521475
521521
521415
522211
521205
521934
521818
521726
521342
521878
521283
521941
521386
521232
521270
520828
522637
521610
521310
521328
521473
522243
521925
521428
521043
521640
522015
521653
522453
521413
522378
522292
521385
521485
520106
521530
521034
521306
521803
522266
520729
521396
520586
521522
521766
521266
521007
520033
521500
520974
521364
522050
522714
521351
521503
521168
521340
520379
520644
521202
520815
520599
521772
521195
521242
522060
520502
521286
521280
520852
522224
521519
521107
521167
522524
521699
521652
520873
521282
522097
521061
521561
520882
520936
520449
521637
521643
521483
522691
521119
520875
521615
521083
521462
521513
521284
520112
521582
521317
521651
520515
521430
521500
521160
520745
521331
521705
521673
520351
520973
520893
521418
521352
520193
520944
522124
520888
521850
521564
522803
520713
521602
521305
521549
521137
520851
521503
521799
521133
521076
521783
521539
521031
521219
521590
521670
522242
521508
520241
521460
520874
521598
520704
522068
520888
521485
521463
521235
522005
521676
520601
520944
521152
521245
521490
522250
522445
520978
522010
521914
521325
521830
521927
521708
520593
521605
519784
521645
520805
521647
521699
521542
520826
520902
521442
521682
521678
521434
521715
520582
520413
521701
521713
521112
521774
521307
522093
521285
521458
521524
521452
521527
521384
522035
520536
521727
521449
521011
520592
520746
520611
520766
521535
521708
521164
520205
521662
521849
520873
520956
520529
521918
521444
521946
521440
521102
521374
521344
520777
521488
522572
521684
521784
521034
522055
521268
521358
520834
520778
520636
520942
520955
521609
520094
520013
520571
521633
521089
521468
521059
521367
521489
521129
521512
521539
520336
521340
521747
521117
521626
521347
521727
520556
521436
521430
521061
521528
521308
520051
521122
520682
521255
520739
521867
521040
520871
520626
520804
521112
522308
522110
522500
521949
522775
522435
521890
521644
522040
522719
522012
522154
522521
523057
521223
521870
522184
521652
522157
521898
521722
522366
522230
521380
521971
521538
522495
522482
522270
522136
522649
522444
521696
522783
523432
522227
521799
522377
522653
522450
521811
521548
522642
522688
522143
522710
521784
521757
522943
522045
521725
522309
521624
522847
521718
522360
522607
522736
522270
521938
522446
521917
522209
522541
522417
522360
522434
521850
521843
521658
521845
521880
523068
523125
522762
521448
521263
521393
521126
521500
521553
521180
521914
521497
521336
521201
522202
521843
521519
520598
521165
522979
522631
522397
522355
522415
522982
522017
522346
522224
521567
521757
523372
522478
522064
521600
522422
522734
522912
521580
521974
522730
522069
521838
521832
522895
521582
521847
522377
522039
522258
522275
522451
522027
522055
522412
522166
521575
521813
522094
522921
521983
523101
522059
522881
520680
521892
522625
521903
522795
522114
521790
522078
521999
523283
521932
521753
522146
522453
522230
522213
521998
522192
522072
522106
522099
522616
522023
521850
522674
523185
521639
522282
521372
522104
521936
521832
522171
521839
522564
522219
522567
523063
522464
521565
522313
522501
522634
522663
521916
522671
521682
522230
522276
523254
522076
521746
522869
521695
522202
522127
522751
522798
522492
522633
521551
522543
522446
522018
522458
522642
523309
521439
521316
522446
522230
522335
522514
522285
522177
522509
521693
522034
520904
520421
520523
521362
521085
522023
521456
520266
521739
520416
520973
521222
521071
521445
521186
521883
521368
521608
521230
521639
522397
520936
521061
520570
522226
521611
521680
520836
521290
520989
521446
520651
521194
521431
520710
520709
521730
520516
521219
521417
521437
521883
521299
521289
520710
520837
520901
522074
521785
521468
521256
520879
520364
521460
521416
521998
521600
520375
521422
520488
521627
521311
522319
521632
520631
521081
521857
521592
521328
521962
521814
521142
521444
521916
521934
521150
520691
521607
520877
521351
520562
521695
521082
520886
521165
521177
521509
521995
522561
521433
521508
521897
521810
520814
521237
521057
520372
521908
520418
521370
521485
522287
522127
521084
521453
520462
521464
521706
520600
521444
521141
520424
521204
521475
521545
521711
521115
522117
521804
520761
522517
521168
521523
521771
521958
522462
521491
522160
520640
521467
521790
521578
521127
522146
521008
521159
521354
521156
521564
521411
521130
521718
521263
521415
520893
520801
520899
521263
520800
521729
522056
520323
521220
522084
521981
521836
521259
521165
521028
521814
521252
521489
521306
521436
521525
521489
520793
521508
