333565
332635
333053
332514
333370
333356
333681
333430
332911
333717
333883
333598
333778
332210
332938
332797
332457
333429
332722
332854
333224
333611
334169
333223
333847
333712
333756
333475
333355
332249
334036
333246
332992
333208
333391
333335
333647
333471
333108
333595
333946
333710
332907
332909
332123
333240
333309
333213
333449
333340
332869
333194
333663
334190
333430
333573
332325
332880
332998
333228
333288
332999
333316
333379
332596
332781
332973
333719
333907
334137
332741
332316
333452
333524
333374
332761
333070
333477
333717
333105
333588
334540
333618
333729
333128
332839
333808
333811
333439
333992
333783
332700
333191
334021
332517
334063
333283
332928
333451
332996
333528
333212
333448
332859
334150
333918
333297
334082
333585
333408
333315
333609
334421
333116
333271
333137
333113
333145
333549
333466
333572
333846
332854
333370
333413
333224
333934
334106
332733
332691
332664
332710
333495
333437
332923
332856
333712
333625
333701
333164
333312
333728
333143
332855
333717
333277
333910
333926
333947
333135
333582
333090
333132
333546
333095
334206
333204
333069
333516
333711
332335
333471
333070
334005
332558
333581
333234
333789
333099
333412
333414
333469
333436
333890
334178
333387
333918
333836
333657
334030
333119
334266
333547
333860
333881
333428
333660
333843
333759
334274
333984
332896
333613
333462
333338
333521
333198
333341
334283
333109
333518
333627
333013
333731
332696
333915
333236
332681
332696
333044
333827
333332
333511
333066
333984
332472
332776
332421
333262
332613
333748
333312
333238
334041
333996
333422
332791
333147
333077
333916
333409
334186
333465
333616
332886
333917
333487
333094
333545
333745
334247
333702
333487
332279
332216
333938
334293
332107
333613
333600
332403
333234
332757
332693
333051
333487
333178
333054
334060
332535
333446
333934
333262
333711
333112
333640
333949
332706
333147
333541
332882
333484
333355
333225
333349
333319
333696
332990
333843
333761
333954
333196
333670
333683
332529
333936
333860
333588
333289
333317
333407
334033
333496
333258
332907
333587
333153
333980
332680
334175
333937
333302
333279
333578
333927
332977
333443
333758
333622
333867
332771
333737
333430
334245
333577
333820
333747
333372
332723
333446
333082
334060
332963
332888
334582
333194
334035
334065
332835
334338
333633
333836
334422
332658
333705
334206
334079
332787
334398
333689
333972
334011
333533
332921
333459
333501
333342
333465
332573
333691
333462
333012
333606
333646
333349
333633
332874
333995
333185
333711
333529
333380
332776
332902
332769
333694
333359
333584
334224
333655
333833
333113
333543
333345
332530
333050
333047
333096
334003
333152
333834
334067
333415
333150
333227
333269
333913
333039
333866
332936
332996
333883
333509
334409
333982
333683
334400
333299
333114
334207
333754
333784
333064
333721
334486
333280
332817
332559
333757
333861
333933
333482
333449
333205
333415
333255
334095
333247
333561
334320
333769
334093
333216
333877
333623
333043
333413
332354
334309
333577
334148
334042
333958
333749
333497
334310
332513
334282
333229
333212
333331
334075
333446
333505
333369
333435
333000
333277
334029
333056
333407
334256
333676
332921
333400
333429
333178
333810
332662
334240
334127
333940
333806
332955
333995
333487
333489
334642
333124
333288
333286
333981
333288
333387
333222
332528
333998
333835
333420
333256
333308
333886
333512
333294
333337
333742
334082
333449
334081
333775
334308
334245
333506
333346
333900
333679
334054
333386
334919
332407
333828
333296
333427
333813
333049
334064
333460
333560
333838
333803
333568
334079
333579
333367
333609
334154
333673
334184
333973
333470
333083
333843
333836
332650
333337
333761
333740
333609
333255
333415
334488
333635
332964
334017
334001
333666
334004
333029
332758
333647
333697
333833
333088
333296
333271
334237
333770
333437
332971
334548
333785
333822
334242
334035
333921
333939
333791
333026
333171
333002
333375
334136
333628
333457
333911
333661
333171
334493
333386
334429
333532
333057
333905
333278
333299
333322
333557
333655
332885
333681
333443
333593
332403
333849
334014
334576
333472
333680
333717
333761
333490
333454
333751
332734
334239
333753
334269
333744
333125
333450
333975
334118
333418
333546
333284
333691
333810
334173
333075
333466
334320
333714
333297
333474
333225
333411
334127
333677
333804
334535
334261
333767
333647
333872
334036
333539
333882
332994
333380
333182
332964
334133
334119
333128
333771
333839
334362
334131
333847
333861
333902
334385
333121
333155
333689
333307
334058
332853
333547
332770
333435
334372
333555
333637
333616
333277
334189
334592
333709
332801
333403
333284
333099
332559
332765
333598
333175
333643
333726
333675
333339
333924
333461
333307
333459
334192
334044
334211
333998
334265
333162
333834
332963
333364
332336
333417
333392
332703
333036
333583
333111
333494
333020
333343
333419
332947
333882
333386
333408
333633
333612
332935
334094
334410
333053
333312
333126
332771
333621
333699
334195
334244
333784
332516
332993
334049
333704
333711
334225
332936
334242
333050
333426
333845
333407
334012
332149
333901
333789
333084
335051
334347
334895
333660
333133
334510
333341
333700
333260
334111
333568
333710
333988
333088
333708
333951
333518
333401
334516
333161
333891
333177
333087
333085
333268
333380
333230
333268
333206
333231
333177
333857
334117
332180
333739
333937
333440
332556
334859
333218
333851
333327
333694
333989
333123
333350
334090
333614
332872
333976
333398
333454
333993
333210
333532
333829
332900
333361
333691
333619
333375
333594
333373
332856
332591
332645
333892
333305
332968
333773
333877
334128
333573
333667
333173
333457
333285
333408
333962
332252
333122
333254
333241
332939
333384
333516
333317
334050
333349
333060
333274
333350
333884
333422
333501
333109
333098
333414
333951
333704
333555
334115
333382
333310
334136
332622
333805
333269
333991
333693
333232
333408
333493
333746
333892
334242
333990
333390
333635
333695
334578
333994
333287
333575
333969
333359
333385
333598
333571
333849
333125
334248
332455
332904
333957
332817
332340
333511
333840
332973
333337
332992
333781
333469
333558
333003
333650
333551
333049
333472
332510
333114
332211
333164
333636
333001
333311
334592
333880
333064
333540
333287
333443
333887
333426
332860
333256
334166
333565
333187
333230
332631
332661
333416
333702
333447
333485
333850
332881
333780
333353
333363
333506
332766
333831
333819
333791
333198
333217
333849
333090
333842
333525
333278
333006
333912
333450
333994
334358
333343
333180
333081
333340
333537
333141
333611
334322
332820
333543
333311
333299
333424
333155
333704
333662
333543
334092
332729
333479
333201
333026
333687
334110
333308
333407
333256
333694
332729
333257
333072
333698
333493
333156
333458
333304
333075
333508
332733
333517
333347
332930
333274
333721
333702
333954
333490
333301
332784
333813
333490
332988
333224
333670
332385
332946
333833
332733
333324
333338
332980
334243
334208
332908
332949
332197
333560
332848
333596
333016
333012
