417275
416951
416821
417208
417133
415637
416857
416796
415615
417026
416288
416530
416444
416690
417531
416403
416560
416212
416683
417032
416819
416049
417278
415405
416483
417436
416154
417466
416154
417148
416529
417026
416599
416612
416102
416415
416413
416842
416301
417616
417130
416604
416689
417250
417083
417070
416248
416625
417146
417090
417030
416434
416961
417041
416706
416797
417306
416972
416492
416012
417014
417172
416790
416439
416827
416341
416625
416228
416375
417197
417458
417343
416723
416588
417105
416010
416052
417184
415689
416799
416830
417424
416796
416725
416406
415979
417101
417556
416218
416753
416922
416411
416835
415772
416464
415696
415186
417180
417173
416743
417287
417004
416347
416786
416632
417742
417019
417395
417785
416039
417307
416125
417120
418106
416966
417138
416393
417553
416867
416911
416925
416617
416338
416994
416929
416232
416834
416475
416131
416169
416232
416247
416764
417282
416658
416893
417125
416950
416895
416997
416209
417263
416861
416154
417401
417519
416369
416908
417011
416479
416272
416308
416517
417052
416734
417537
416622
416723
416099
417527
417066
417276
416658
416702
416038
416636
416786
417477
416673
417137
416768
416031
416906
416613
416625
417057
416917
417692
416326
416622
416864
415921
417174
416726
416621
416775
416314
416758
417650
416470
416650
416689
416912
417671
416971
416384
416419
416624
416462
417258
416254
417550
416668
416911
416312
416724
416805
416710
415576
416692
417095
415884
416203
416354
416590
416971
417239
417241
416910
417262
416113
417526
415941
416349
417098
415943
417472
417004
417045
416253
417198
416905
416362
415939
417481
416280
416814
417064
416677
416935
417909
417413
416915
416992
416191
416116
417068
416359
416178
416590
416725
416332
415309
416504
416227
416680
417183
417240
416013
416775
416735
417115
416843
416793
417477
417587
415723
416258
417376
418014
417012
416349
416729
416165
416487
416934
416574
416060
416667
416806
416320
416680
416970
416956
416479
417554
416622
416990
417453
417544
415971
416560
416169
416978
416942
415711
416547
416019
416186
415955
416400
416798
416809
416625
416109
416764
415769
417582
417085
416740
416887
416343
417107
417482
417089
417306
416064
417030
416737
417123
416724
417057
416777
417013
417313
416520
416507
416814
417158
416295
416253
417133
417044
416431
416818
417230
416538
416472
417538
417234
417047
417505
417442
417268
417329
416901
415761
417278
416445
417249
415848
417388
416383
417424
416761
417554
416967
416354
417085
416576
416621
416757
416663
416943
417164
416641
417399
416906
416545
417063
417418
416616
417376
416536
417046
416493
416268
417005
416679
416946
417755
416664
416241
416274
416274
417113
416519
416340
417256
416752
417059
416769
417226
417294
416681
416919
415961
416743
416427
416998
417083
417448
416274
416302
417208
416481
415833
416936
417152
416469
416680
416765
416720
416902
417195
417258
416507
417250
416844
417608
417202
415795
416946
416006
417149
416578
416432
416960
417304
417039
416810
416569
416930
416761
417185
416397
416720
416245
416944
417138
416122
416754
416237
417320
416690
417028
416371
416660
416153
416561
416816
416836
416718
417115
416822
416994
417152
416384
416768
418313
416409
417111
416815
417693
417106
417356
417358
417288
416741
416683
416597
415851
417762
416719
416901
416535
416987
416883
416766
416386
416060
415868
417631
417128
416617
416536
416527
417099
416808
416681
417280
416730
417106
417607
416716
416619
416714
416491
417604
416628
417469
416604
416712
416818
417030
417278
417315
417174
417558
416294
417010
416270
417184
417450
417052
416628
417145
416657
416951
416720
416327
416748
417190
417110
417014
416286
417313
416616
417329
418280
417640
416810
418136
417223
417085
417550
416840
416744
417505
417195
417216
416946
416503
417229
416174
417069
416740
417044
417714
417205
417311
417589
416860
416872
417114
416077
416106
417105
416662
416576
417065
416724
417445
416905
417409
417094
417034
416994
416846
417010
416969
417202
417605
417628
417124
417451
416657
417550
416966
416860
416624
416710
416831
417556
417497
417127
416490
415954
416992
417669
416960
416819
416428
417204
416893
417056
416687
417275
416417
416626
417211
417357
417728
416454
417865
417281
416944
417070
416702
416810
417215
417665
416371
417700
416802
417214
416886
416754
417638
416832
416581
416832
417407
417624
416489
416587
416765
417159
416969
416889
417030
416364
417274
416452
416636
416669
416529
416537
417350
416473
417361
416886
416721
416176
416627
417263
417517
416965
416350
416661
416794
418276
416416
417419
417182
418083
417882
417426
417315
417291
417621
416406
416380
416557
415893
416376
416306
417586
416060
418070
417301
417311
417486
416913
417189
417445
416966
416931
416725
416949
417740
417409
415910
416773
417317
415621
416746
417605
417028
416562
416411
417208
417539
417470
416850
417106
416056
416795
416799
416654
415819
416659
416681
416903
415999
417200
417053
416914
416233
416290
417221
416260
416447
417017
417009
417978
416939
416184
417430
416751
417149
416828
416694
416979
416098
415986
416490
418115
416873
416229
416928
417074
417698
417298
416144
417537
417041
416367
417819
416739
416907
417634
416405
416406
416245
416549
416833
417602
416983
416868
416734
416819
417173
416758
416587
416363
416981
416791
416972
416816
416181
416755
416426
416790
416071
416659
416762
416416
416716
417047
416803
416616
415847
416184
415781
416453
416453
417353
416767
417945
417170
415864
416814
415971
417899
416603
416824
416667
416892
416215
416023
416364
415459
416427
416848
416716
417055
416574
417338
417826
416210
416252
416254
416710
417227
416474
416297
417374
416835
416374
417335
416414
416320
417107
416358
415862
416420
416462
416261
416238
416615
417280
416807
417051
416730
416740
416634
416974
416856
416484
416015
416707
416904
416784
416409
416917
417038
417462
416383
416080
416328
416214
416447
416678
416622
415950
416606
416291
416192
416756
416865
416829
416637
416708
416162
415907
416768
416120
417559
416018
416955
417109
417242
415988
416840
416668
416768
416777
417412
415851
416594
417632
416512
416328
415437
416261
416949
416897
416837
415955
416629
417412
416892
416634
417176
416560
415849
416016
416626
416293
416849
416736
417184
417082
416378
415615
416890
416678
417276
417396
417091
416492
416353
417028
416452
417289
417287
417000
416169
417002
416833
417067
416686
416691
417020
416392
416640
418016
415874
416612
416838
416812
416861
416450
417460
416572
417070
416866
417292
415865
416408
416629
416523
416448
417790
417056
417157
416734
415452
416272
416215
416084
417857
416895
416339
416387
416854
417576
417111
416632
416587
416758
415695
416811
416675
417059
417967
417539
417326
416416
417174
416065
417353
417508
416288
416823
416213
416520
416899
416794
417448
416575
416429
416396
417287
416738
416218
417214
415164
416064
417174
417052
416459
416876
415894
417011
417171
417161
417102
417437
416699
416769
415944
416203
417622
416851
416631
415500
417091
416375
