666219
666673
666097
666401
666408
667322
666791
665445
665926
666579
666620
666631
666586
666777
667925
666816
666736
666712
666665
666330
667277
666554
666821
667018
665738
666809
665680
666865
666436
666328
666281
667132
666764
666774
666765
667269
666996
665946
665696
667285
667512
666985
666617
666583
666465
666217
666964
666409
666304
666527
667125
667015
666734
667478
667192
666422
666281
666681
666972
666474
667079
666276
667044
666827
666770
666357
666697
667020
666829
667219
666499
667564
665834
666924
667211
666391
666441
666188
666607
666743
666314
666493
666814
666809
666415
667306
666909
666674
666037
666845
666812
667277
666834
666707
667672
667037
667347
666540
667171
667097
667035
666359
665862
667386
666127
667007
667669
665900
667066
666930
666827
666139
666687
667254
667383
667008
666500
666481
667004
666735
665950
666974
665676
665946
665942
667560
665975
667689
665973
667432
667242
666365
666206
666199
665507
667332
667103
667300
666952
667598
666007
667277
667113
666328
667063
666795
667308
667287
666771
666403
666564
666708
667110
666427
666724
666886
666559
666878
666429
666315
666549
666859
666824
666020
666272
666657
667328
666186
667183
666721
667108
666455
665514
667571
666487
666310
667195
666900
667083
667703
667194
666616
667259
665881
666323
666548
666314
666497
665680
666504
666082
666383
666833
666522
666611
666328
666928
666681
666638
666969
666888
667071
666509
667222
666486
667070
666257
666039
667173
666091
666710
667054
666852
666888
666322
666766
666794
666802
666862
666452
666344
667126
665829
666209
667112
666661
666777
666444
666059
667117
666027
666782
667679
667021
666709
667105
667011
666477
666971
666744
667548
666140
667856
666464
665810
667282
665734
666592
666357
667005
667098
667042
666517
666753
667084
666564
666960
666225
666500
667005
666711
666346
667223
666923
667330
666654
666523
667066
666499
666316
667601
666477
667139
666199
666899
666373
667033
666668
666603
667043
667060
666586
666132
667421
666403
666561
667486
665639
666420
667414
665945
666743
666999
666963
667158
666675
666207
666517
666295
666389
667301
667370
666773
666352
667198
666519
666582
667069
666265
667178
666230
665930
666118
666567
666413
666773
667558
667086
666329
666753
667208
667924
666753
666556
665892
666699
665521
666900
666367
667333
666917
666321
667235
668171
666977
667677
666722
666264
666553
666720
666760
666485
666511
665815
667012
667410
667957
666494
666365
666847
666437
666965
666608
665650
666306
667003
666861
666141
666916
666464
666330
667064
665982
666733
666648
666949
666890
667130
666514
667196
665575
666069
666853
667002
665631
666348
666562
666780
666869
666537
666408
666342
666486
666125
666411
666314
667389
665778
666781
667326
666434
666409
666099
666902
666848
666602
666873
666627
666527
666311
667191
666031
667421
666595
667733
666380
666747
667040
667134
667230
666494
666779
667753
666549
667463
667535
667642
666946
667273
666455
667005
666401
666383
666988
667768
667655
667103
666706
666869
666833
667226
666067
666665
666164
667483
666261
667352
667408
667083
666713
667186
666314
667686
666602
666888
667095
667437
666144
667180
666753
667045
666169
666450
667038
666994
666689
666983
666384
666780
667470
666706
666801
666240
667234
666918
666509
668180
666973
666791
666541
666810
667338
667310
667269
667356
667645
667155
666593
667912
666727
666006
667014
666237
667321
667407
667328
666651
666449
666822
667883
667494
667301
667422
666987
667886
666984
666385
666971
667003
666833
667213
667712
667289
666914
667328
667411
666926
667016
667095
667209
666062
666849
667261
667000
666980
665967
666875
667331
666542
666021
666713
666556
666816
667513
666415
666613
666877
667633
666392
666512
666732
666396
667160
667366
666775
666475
667083
667073
667211
667256
667499
666045
666448
667479
666639
666919
666616
666716
666808
667537
666496
667205
666923
666850
666927
666357
665948
667319
665825
666959
667199
666426
667121
667425
666960
667741
667015
667277
666887
667221
666960
666847
666750
667306
666619
667382
666249
666302
666626
666836
667707
666391
666742
667089
667087
667403
666834
666586
666943
666885
666741
666142
666869
666621
666631
667082
666907
667751
666655
667265
666816
667036
666414
666558
666423
667025
667195
666483
667215
667120
666435
667048
667086
665790
666113
666525
667492
666295
666767
666529
667108
667140
666828
666978
666581
666399
665701
666713
666724
666588
666835
666849
666396
666992
666959
666573
666286
666976
666587
666932
667007
665891
667105
666467
666727
666402
668015
667267
666987
666636
666986
666968
667662
666313
667411
666858
666708
667571
666041
665979
666540
667030
666794
666640
665902
666944
666952
666659
666415
666954
666876
667627
666688
667252
666122
666025
667531
666588
666729
666899
667556
667273
666192
666686
666392
666828
665249
666268
666979
666121
666653
666250
666179
666957
667038
666929
667769
666498
666867
666256
666439
667247
666987
665639
666236
666792
666530
667331
666148
666684
666962
666615
666590
667294
666741
666457
666992
667003
667536
667617
667250
667170
667086
666794
666645
666578
667165
667108
666599
666989
667259
666539
666406
667095
667427
667368
666955
667269
666244
667104
666796
667074
667699
666534
666941
666119
667481
666175
666553
667378
666252
667111
666220
667630
667212
666178
667182
666389
666664
667249
666760
666300
666939
666348
666726
665717
666385
667224
665859
666803
667008
666396
666061
667020
666352
666764
667070
667230
665496
666343
667355
666646
666724
666340
666525
667198
666771
666738
666153
665954
666165
666650
666360
667440
667253
666424
666086
667015
666103
667305
666014
667531
666260
667100
666754
667164
667036
666424
666269
666106
666585
666925
666853
665992
666429
666017
666643
666354
666588
666737
666523
666678
665952
666648
666816
666480
666669
667492
666927
667281
666844
666636
666353
667156
667086
666656
666675
666242
667178
667094
665882
667632
667018
665561
667525
666576
666942
666719
666295
666442
666671
666873
666121
667464
666096
666211
666994
667047
666871
666237
667514
666675
667173
666405
665836
666405
665411
667173
667327
666231
666803
666786
666079
667186
666458
666243
666128
666414
666794
666609
666882
667701
666823
667316
666381
666776
666486
666738
666446
666996
666938
666981
666436
667409
666730
666547
666949
666842
666740
667299
666359
666577
666613
666767
666134
666244
666833
667193
667074
666505
667780
666339
666588
666542
666671
665823
666520
666061
666910
667246
667389
667285
667923
666110
666750
666506
666244
666807
666463
666225
666369
666403
666595
666977
666234
667108
666164
666436
666849
666479
666280
666431
666605
667476
666472
666802
666233
666177
666029
667454
666932
666870
666182
665981
666457
666753
666726
667234
666839
666506
665685
667129
666534
667430
666622
666168
666972
666399
666523
666498
666797
666326
666777
666735
666039
666981
666785
666677
665906
666282
667224
666625
665996
666911
666710
666048
667312
666769
665859
666607
666645
667122
666277
666916
666134
667465
666597
666711
666604
666742
