584114
583721
583938
583579
583098
583421
583587
583642
583083
583147
583013
582713
583487
583418
583883
583175
582788
583384
583234
584173
583105
583793
583843
583396
583846
583613
582455
583086
582440
583541
583194
582745
584011
583432
583478
583583
583093
583112
582650
583878
583585
583015
584190
582976
583247
582830
583503
583308
583833
583156
583687
583160
583945
583707
583439
583086
583690
583795
582499
582976
583323
583402
583536
582937
583717
583434
583422
582871
583254
583020
582834
583118
583935
583184
583867
583617
582655
582535
582762
583956
583401
583276
583382
582741
583538
584273
583442
583244
584357
584409
583158
583683
583426
582862
582827
583757
583295
583816
582731
582349
583367
583847
582989
582929
583528
583075
583561
584073
583205
583233
583994
583627
583651
583701
583134
583915
583599
584343
583500
583597
583393
582816
583490
583648
583708
584171
583530
583402
583110
583028
582812
583458
584052
582991
583576
584522
583413
582782
582546
583804
582974
583563
583408
582948
582379
583277
583409
584227
583418
583379
583075
583061
583702
584337
583152
583847
582599
583019
583525
582637
583160
582032
583517
583358
584051
583698
583995
583270
583869
583761
583385
583115
582716
584319
582936
582895
583332
583849
582684
583409
582671
582853
583555
583802
583536
582448
582480
582903
583977
582681
583926
583288
584169
584111
583197
583207
583099
583784
583348
583390
582983
584234
583715
582910
583620
584428
583119
583189
583111
583645
583270
583026
583108
582710
583344
583660
583468
582215
583842
583696
583404
583899
584302
583271
583342
583947
582437
583601
582328
583806
583689
583209
583302
583611
583280
582668
582745
583051
583980
582873
584183
583234
583477
583238
582667
582737
583113
583204
583217
583415
583787
583237
583351
583705
583692
583917
583840
583916
583122
583238
582253
583273
582638
583300
583151
582951
583266
583249
583176
584036
582961
584189
583050
583995
582832
583471
582646
582753
583331
584198
584106
583910
583287
583492
583189
583139
582951
583240
583484
583106
583176
583724
584043
583342
582498
583379
584272
583074
582912
583337
583744
582874
583988
583260
583197
583714
583199
583810
583690
583185
583666
584562
582860
584363
582956
583979
583257
583764
583239
582956
583973
583109
583498
583934
584129
583434
582515
583602
583256
583120
584070
583391
583604
582853
583801
583363
582827
583676
583537
583806
584159
583643
583945
582987
583095
583126
583027
583158
582621
583760
582686
583294
584116
582995
583313
583081
582592
583035
583169
583647
583319
583508
584284
584540
583940
582885
583281
583281
583569
583532
583945
583235
583520
584425
583084
583849
582682
583480
582968
584136
583769
583257
583335
583645
583637
583438
583143
583519
583262
583357
583268
583576
583730
584012
583655
584413
582934
583405
584161
583186
583470
583386
582757
583580
583572
583440
583896
583538
583877
583725
584169
582627
583392
583033
583866
584196
584316
583751
583921
583259
583679
583538
583443
583601
583452
582438
583549
583945
582872
584006
582427
583253
583436
583554
584339
584050
584386
584150
583237
583390
584090
583530
583753
583329
584460
584091
583166
582830
584108
582709
583066
584131
583659
584583
583745
583210
583332
584544
582907
584342
583774
584098
583685
583895
583178
582771
583775
584082
584059
583895
583376
583261
583494
583816
583738
583696
583077
582906
583086
583337
583574
584176
583865
583572
584129
582852
583618
583059
583498
582663
583481
584377
584026
583441
584094
583122
583603
582573
582651
583528
582870
584460
583413
582718
583408
583960
583488
583572
583505
582488
583707
584421
583565
583266
584037
582750
583303
583809
582736
583676
584589
584517
583184
583594
584196
582684
583481
583776
584337
583427
584129
583554
583828
582875
583618
583387
583239
583416
583261
583362
583553
583535
583501
583686
583303
584079
583318
583236
583651
583658
582710
584483
583469
584112
584509
583453
583576
583741
583641
582920
583571
583780
583550
582934
584136
583023
583530
582960
583357
584226
584584
582510
583559
583441
583063
583761
584052
584414
583820
582999
583470
583535
583437
583174
583967
583634
583235
583263
583640
584173
583722
583687
582709
584030
583957
582781
583605
583603
582976
584134
583744
583805
583652
583500
584412
583751
583497
583978
584028
583843
583965
584499
583021
584432
584886
583778
583341
583826
583790
583311
583513
582993
583224
583521
583121
584358
583678
583757
583469
584663
583655
583152
582583
583301
583488
583319
584431
584240
583451
584210
583572
583132
583489
583184
582723
583648
582541
583002
583268
583528
583866
583619
584671
583422
583525
583893
583928
583780
584143
584554
583297
582983
583867
584108
583847
583867
583882
584219
584680
583653
583338
583131
583949
583518
583588
583727
584442
583962
583415
583321
583774
583311
583370
583285
584226
583921
583020
582814
583944
583443
583250
583225
583705
582908
583776
582927
583559
583842
583182
583778
583633
582519
583880
583638
583878
583950
583077
582999
583358
583967
583682
584176
583451
583899
582641
583232
583605
583339
583314
583952
583388
583359
583296
584049
584325
583483
583590
583935
584342
583076
584178
583445
583274
584302
583978
584366
583595
583066
583581
582800
583444
584075
583457
583576
583826
583656
583856
582840
583619
583007
583565
583226
583602
582554
583437
582862
583445
582867
583277
584050
582780
583504
582966
583527
583482
582987
583202
583150
583567
583324
583280
583667
583418
583174
583571
583080
583506
583555
582647
583055
583291
584183
583831
583276
583871
583653
583069
584392
583248
583511
583653
583190
583325
583992
583917
582278
583186
583544
583803
583225
583314
583001
583305
583858
583014
583527
583716
584265
583545
583388
583003
582666
583375
584073
583624
583400
583614
584185
583089
583440
583192
583191
582959
583521
584229
582999
583327
583221
583690
584023
583197
583833
584103
583383
582901
584933
583151
583137
583588
583638
582369
583069
582956
583715
583038
583512
583438
583365
583904
582440
584428
583365
583642
583060
583823
582935
583042
584087
583735
583533
582610
583789
583035
583374
584170
583873
583476
583212
581743
583145
583293
582662
582647
582560
583709
583836
584084
584185
583300
583247
583083
584311
582966
582896
583540
583591
583936
582593
583474
583101
583713
583064
583811
582723
583345
583367
582492
583901
583392
583873
584036
583090
583799
582608
583050
583823
582381
582876
583627
583483
583235
583715
584047
583637
583114
583494
583345
583592
583667
583044
583758
583980
583179
583277
582835
582659
582841
583708
583513
584099
583150
582748
583693
583637
583525
582815
584066
583433
582945
583938
582956
583608
583438
583323
583797
583125
584154
583779
582563
582688
582972
583957
582952
583540
583386
583839
582649
583030
583457
583715
583481
583936
582977
583641
584524
583986
583765
583411
583742
583776
583556
582606
582917
583039
584276
583493
582947
584059
583431
583477
583437
583523
583823
583253
583033
583040
583731
582516
582838
582725
582176
583414
583140
584370
582751
583419
583992
583373
584637
583062
