300342
299630
300805
300575
299916
300448
300136
299371
300251
299737
299566
300492
301214
299934
299468
300455
300765
300360
300096
300683
299734
300328
299710
300018
300283
299685
299813
300288
300208
299647
300142
299843
299787
300108
300520
298486
300209
299800
299099
299560
300802
299336
299379
300021
300458
300292
300349
299779
299710
300372
300151
299622
300645
299973
299785
299057
300663
300186
299403
299871
299855
300203
299780
300672
300607
299648
300433
300107
300333
299746
300198
299628
299628
300048
299666
299582
300421
300076
300058
300081
299485
299631
299814
299913
300365
299279
300495
299716
300543
299462
300331
299949
299389
300802
300123
300310
299825
300161
299702
300640
300279
300250
300796
300132
299662
299840
299181
299781
299804
300145
299601
300046
299423
300507
300500
299764
300264
299975
300419
299880
300072
299934
299857
299514
299844
299730
300427
299208
299802
300102
300885
300073
300091
299475
300120
300304
300241
299820
299703
300466
299966
300447
299935
299917
299987
300607
300445
299735
300346
299822
300461
299476
300332
300536
300636
299780
299459
300308
300218
300071
299502
301220
300476
300028
300510
299898
299527
299153
299917
300774
299552
299079
300208
300073
300039
300230
300434
299480
299699
299643
299938
299597
300835
299298
299579
299751
299890
300012
299660
300267
300160
299621
299695
299905
300078
299782
300028
299605
299847
300281
300206
299260
300425
300499
299251
299942
299425
300639
300869
299981
300519
300374
300479
299342
300063
300344
299923
299355
300032
299347
300108
300557
300060
299733
300122
300169
300279
300390
299204
299514
300210
299667
300091
299727
299614
298931
300463
299183
299866
300607
299573
300686
298834
299992
299854
299921
299919
300292
300164
299522
300040
300004
299949
299555
299017
299734
300822
299831
299712
300291
299902
300352
300107
299791
299438
300934
300268
299680
299981
300207
300086
299894
300109
300263
299516
300770
299970
300072
299424
300572
300042
300544
299907
299437
299669
299474
299203
300282
299855
299248
299927
299513
299848
299994
299760
299537
300479
300176
299929
299614
299504
300858
300761
298781
299812
300378
300189
300030
299498
299037
299660
300186
299096
300352
300447
299678
300890
300379
299868
300619
300444
299902
299365
299717
299730
299327
300303
300434
299112
299187
300858
300057
299649
299890
299485
299246
300335
299786
299733
299238
300255
299092
300918
300235
300010
299825
300083
300243
300017
300157
299986
299766
300216
299056
300858
300288
299370
299841
299865
299551
300028
300259
299847
300219
300019
299427
300992
300423
299776
299995
300178
300586
300233
300397
299570
300215
299816
300357
299216
299623
299895
299730
299926
300787
300496
300254
300407
299604
299596
301033
300940
300265
299961
300642
300544
300001
300382
299749
300355
300642
300337
300318
299590
299905
299980
300429
298864
300122
300235
300123
300382
299697
299332
300289
299634
299686
300155
300018
300085
299474
300628
300560
300528
300289
300694
300022
300040
299672
300438
299230
299668
300829
299454
300913
299333
299338
300149
300410
299213
299815
300119
300556
300120
300675
299853
299394
300513
300013
300414
299130
299765
300254
299963
299941
300030
300968
299929
300583
300975
299765
299702
299281
299611
301084
299600
300763
299710
300361
299399
300228
299256
300785
300387
299401
300667
299901
299377
299458
299976
299998
299546
300559
300830
300834
300293
299898
300528
300543
300218
299834
300264
299877
300230
299986
300169
299977
299307
300078
300246
299257
299480
299583
300474
299807
300049
299592
299739
300404
299347
299930
300591
299555
300292
300256
299204
300294
300430
299253
299884
299919
300651
299983
300563
299820
299805
300029
299472
300090
300516
300018
300734
300314
299978
299898
300070
299986
300271
300474
299511
300262
299772
299773
298990
299610
299956
300631
300538
300323
300579
299154
299615
300282
300275
299791
299782
300046
300107
300473
300101
300683
299953
300199
299688
299511
300170
300545
299409
300338
300148
299272
299796
300270
299940
299955
299299
300095
299411
299926
300273
299266
299854
299128
300425
300101
300397
300924
299968
300449
300304
300193
300041
299631
300071
299763
300584
299629
299723
300132
299741
300191
299588
300421
300463
299797
299208
299725
299355
299596
299385
300816
299707
299951
300514
300659
299581
299846
299586
299716
300236
300634
299381
300385
300123
299775
299713
300246
300477
300042
299801
300588
300473
300847
300228
299581
300499
299593
299624
301106
300178
300190
300018
299505
299675
300594
299421
299683
300334
300118
300259
299753
300512
300284
299242
300441
299982
299435
300408
299616
300865
299910
300241
299525
300740
300016
299855
300631
299496
299485
300235
300013
300387
300354
300170
300537
299936
300231
299685
299499
299714
299463
299565
300012
300442
299729
300187
300839
299699
299769
300003
300943
300327
299484
299676
300341
299463
300143
299448
299754
300745
298987
299962
299809
299784
299902
299297
300628
299274
300517
299596
299673
299602
299958
300386
300343
300746
299490
300434
299133
300734
299853
299671
300161
300569
300559
299803
299310
299745
299921
300217
299573
300104
299340
300173
299732
299769
300475
299468
300467
299622
300889
300216
300459
300462
300111
300408
300827
300195
300422
300713
300564
300029
300319
300281
299773
299202
299666
299312
299532
300628
299257
300527
300324
299873
299586
300342
300725
300045
300672
299842
299990
299608
300213
299675
300175
299654
300821
299772
299741
300581
300631
300702
299789
300112
300173
299903
300067
299532
299862
299624
299701
299436
300310
299912
299878
299583
300482
300097
300190
299460
299944
300030
300649
299085
299982
299994
299253
300157
300108
299998
299626
299521
300816
299339
299884
300044
300606
300559
299271
299911
299393
299755
301020
300013
299114
300509
299947
300439
300618
300512
299737
299991
299327
300399
299845
300312
299365
300112
299415
299849
299529
299737
300573
299965
300442
299974
300181
299194
299398
299854
300751
300099
299813
299933
300330
299761
299913
300057
299926
300995
300757
300181
299645
299920
300550
300020
300379
300110
299605
300239
300712
300548
299506
299538
299823
299736
299692
299810
300325
299722
300167
299752
299805
300487
300325
300362
300334
300137
299885
299119
299792
299717
299962
299804
299183
300053
300127
299597
300037
299039
299412
299818
299513
300077
300134
299599
300455
300040
299168
300030
299531
300094
299846
299309
299641
300629
299661
299420
299907
299891
299800
300562
300825
299953
299192
300650
300736
299792
300130
299642
300518
299568
300181
299487
300314
300068
299953
299742
300343
300377
300266
299390
300655
299689
298601
301108
300593
299438
300319
300520
299372
299764
299915
300124
299528
300460
300464
299666
300123
300146
300769
300253
300216
299526
299560
299609
299394
300103
300190
299973
300013
298979
300121
299493
299892
299412
300042
299966
300339
299368
299669
299439
299659
300536
300564
299299
299841
300131
300128
300024
299161
299822
299934
300225
299761
300902
300268
300218
300590
300452
299948
