399318
399762
400073
399994
400576
400746
400992
400472
400183
399236
400402
400129
400451
399543
400511
399610
399904
399898
400280
400341
399655
399671
400703
400304
400816
400594
399988
399333
399865
400289
399547
398636
399939
399899
399902
399138
399430
400341
399863
399146
399704
399861
400454
400788
400278
400092
400599
400269
399667
399997
400357
399940
399057
399891
399902
399584
399745
399681
400603
399925
400385
400818
399864
400514
399437
399833
400123
400371
400056
399628
399546
399584
399777
399560
400302
400015
400808
400330
400615
400519
399469
400141
399628
400013
400408
400667
400276
400061
400960
400938
400627
400573
400376
398938
400247
400070
400501
399391
400402
399703
400013
400115
400128
400354
400334
401051
399874
399461
400283
400447
400067
399160
399064
400350
400002
400096
400458
400001
399750
400143
400514
399414
400316
399949
399917
399789
399143
400104
399474
400090
400404
399563
400044
400294
400094
399748
399680
400377
399168
399971
399688
400818
399197
399425
399710
400063
400223
399464
399903
400184
400787
400990
399641
399999
399976
400184
399975
400202
399530
400625
400202
399647
400170
400057
400138
399997
399441
399628
399261
399941
399763
399797
399808
400209
399690
400057
399524
399983
400302
400619
400714
400248
400476
400138
400135
398825
399774
400086
399981
399993
399880
400288
399665
400416
400083
400734
399909
399847
400088
399130
399988
399860
400213
400276
399861
399728
398411
399925
400096
400892
399259
400638
400452
399147
399636
400214
400312
399098
400253
399925
400044
399849
400136
399167
400335
399917
400280
399705
399924
399922
400310
400500
399781
400279
399879
400304
399710
399670
400677
399881
400177
399478
399869
400943
399953
400132
399818
399567
400177
400111
400785
399234
399686
400333
399132
399332
400043
401074
400447
399321
400358
400765
398993
399521
399903
400132
400315
399829
399900
399882
400284
399629
400032
399927
400174
399986
400778
400299
399951
399291
399307
399628
399789
399803
400110
400359
399957
400472
399151
399097
400136
400702
400423
400263
399858
399900
400476
399745
399584
400174
399132
400714
399558
399865
399913
400522
400272
401063
399866
400141
399680
400358
399928
399765
400527
399835
400616
400117
400588
400388
398927
399903
400723
399881
400315
400768
400341
399698
400121
400350
399923
400416
400210
399629
399621
400550
400819
399456
399882
399713
399838
399142
399903
399919
400497
400058
399007
400863
399543
399628
399415
399596
399091
400235
400772
399915
399247
399986
400134
399823
400212
400131
399934
400103
400488
399856
400078
400291
400094
399939
400375
400615
400570
399977
401033
400173
400315
399876
399428
399733
400239
399658
400897
400137
399824
399705
400637
399737
400807
400041
399447
400162
400352
400578
399143
399550
400074
400527
400221
400115
399677
399865
399056
399991
399169
399856
399693
399726
400013
399355
399374
400494
399857
400588
399436
399891
400556
399624
399990
399312
399945
400051
400143
399879
399121
400490
400411
400344
400077
399838
400227
400234
401084
400049
400026
399891
400181
399304
400432
400278
399771
399848
399045
399789
399919
399177
401045
400417
399251
399758
399655
400984
400694
399761
400793
399821
399456
399769
399799
399909
399178
399432
399262
400191
400134
400026
400861
400192
399861
399833
400889
400046
399985
399379
400149
399380
399944
400002
399829
399161
400359
399735
400500
399740
400154
398940
400578
400386
399413
399970
400311
399773
399790
400303
400624
401189
400415
399955
398754
399751
399476
400401
399974
400846
399884
400527
399066
399184
399806
399214
400584
400340
400026
399935
399475
399995
400372
400107
399742
400452
399565
400993
400113
399600
399690
400401
400395
399046
400529
400187
399923
399989
398743
399627
399701
399567
399597
399857
400871
398825
399775
400257
399541
399548
400222
399385
399847
399067
398998
399771
399727
398890
400234
400118
399591
400552
399567
400043
400011
400144
400088
399383
400591
400031
400112
400214
399351
400332
399365
399196
400709
400484
400121
399421
399734
399147
399436
399514
399896
399332
400077
399370
400203
400570
400306
399853
399728
400464
400087
399645
399940
400536
400571
399652
399370
400463
400924
400393
400055
399834
398423
400589
400405
400159
400390
399988
400279
399904
400116
400798
399850
400139
399321
399809
399826
401122
399525
399280
399751
399946
400241
399996
400810
399630
399495
399763
400044
399497
399281
400280
400126
400126
399563
399926
400206
399867
399605
399442
400086
399346
400372
400478
399799
400316
399188
399895
399347
400076
400219
400498
400589
400746
400390
400537
400544
400709
400019
400510
399818
400317
400335
399910
400375
399911
400366
399601
400069
399774
399850
400623
400838
400305
400325
400971
400275
400163
400204
399288
399634
400111
400659
400143
400273
400067
399268
400134
399984
400378
400782
400253
400330
400242
400113
400199
399746
400222
400510
400467
399141
399646
400208
400573
400161
400165
399985
400129
400062
399973
400445
399668
400347
399273
399851
399555
399985
399883
400737
399787
400528
399680
400500
400054
400455
401108
399479
400094
399646
399969
400214
400032
399733
399398
400499
399632
400009
400013
400726
399764
399766
400047
399443
399524
399708
400109
399647
400201
399302
400107
400132
399558
399407
399749
399912
400716
399931
399826
399044
399647
399302
400117
398491
399789
400397
400750
400240
400284
400433
399758
400468
399740
400895
400161
399596
400442
400888
399208
399865
399033
400637
401138
399553
400578
400749
400169
400401
400280
400048
399718
400372
400195
399816
399634
400106
400420
399589
399243
400414
399671
399902
399578
399948
399955
400100
400298
399003
400844
399833
399746
400611
399775
399147
399151
399795
400542
399630
399668
399722
400167
399261
400157
400226
400295
400091
400237
399845
400447
400239
400191
400267
399606
400088
399516
399911
400006
400202
400727
399063
400136
400912
399297
399591
400219
401099
400502
399743
400757
400476
400106
399482
399674
400549
400611
399624
399820
399952
400478
399891
399947
400758
400472
400462
399515
400388
400277
398803
399208
399845
400483
399934
400659
400193
400354
399891
400678
400743
400420
400469
399589
399417
400389
400248
400018
399827
399693
400332
400087
399996
399979
400032
399377
399664
400444
399356
400126
399943
399537
399894
400557
400482
400530
400208
400173
400307
400489
400525
399515
400959
400587
399820
400733
399881
400028
400869
400028
399708
399904
399674
400532
399553
399121
400429
400379
400234
399851
399305
400369
399481
399926
400209
399291
399678
400207
400503
399488
400784
399776
399852
399665
400698
399799
399082
399142
399421
400507
400200
399578
399268
400683
400429
400212
399481
400004
399918
399958
399843
400713
399325
399602
400375
400610
400653
399045
400109
399062
400339
400073
399767
400050
399524
399975
399928
398959
399227
399844
400104
399617
399597
398781
399862
399710
399662
399533
399526
400509
400368
400307
399515
398953
400161
400316
398963
399914
400143
401042
400696
400429
399427
399866
400193
400081
