700054
700057
699998
700467
700346
700129
699314
700657
701237
699732
699994
699463
700169
700138
700580
699350
699941
699828
699702
699525
700589
699911
699182
699684
699344
700361
699241
699707
699916
699749
699763
700478
700394
700755
700737
700256
699571
700696
699875
699541
700772
699236
699678
698932
699832
699628
699686
700293
700744
699796
699698
701128
699733
699735
699491
698950
700107
699338
699336
699992
699747
699149
700015
700473
699702
699094
699948
700916
700031
699887
700199
700183
700214
699156
699414
700859
700385
699832
700227
700587
700542
700214
700642
700011
699700
699258
700146
699974
699897
700328
700069
699445
699125
699664
699588
699184
700240
700687
699712
699624
700616
700039
699473
699977
699540
700837
700100
700735
700255
699838
700189
699121
701222
699924
700038
700683
700248
699808
699900
699881
700446
699669
700375
700016
699345
700271
700851
699496
699390
699474
700160
701212
699920
700112
699517
699986
700111
700707
699888
700189
700264
699166
700900
700407
699825
699345
699927
700291
699634
699317
699208
699332
699532
698912
700227
700098
700171
700952
699635
700169
699808
700698
699873
699192
700303
699646
699618
700610
700154
699896
699634
700487
699774
700491
699736
699865
699902
700136
700562
701156
699783
699984
699614
700402
700238
700172
699770
700415
700045
699830
700825
699903
699847
700405
700512
700501
700791
700802
700446
699603
700494
699981
700947
699847
699765
700768
700555
700278
700331
700405
699195
700127
699850
699730
700261
699766
699827
700575
700741
699630
699877
700490
699456
699278
700548
699825
700312
699347
699852
700297
699781
699935
700396
700244
699449
700642
700486
700122
699978
699561
700523
700422
699555
699989
700086
699584
700653
699977
700122
700105
699783
700550
699822
700323
699952
700179
700081
699231
699485
699080
700603
699837
699374
699194
700126
699738
700435
699709
699205
699243
699434
699340
700343
699439
698935
699963
700263
700247
699739
700448
699828
699629
699641
699698
699307
700204
700811
700461
700255
700147
700220
700284
700253
700110
698751
700309
700055
699918
700432
699493
699779
700010
700012
699918
699755
699452
699574
699736
700340
700333
700022
699936
699807
699976
700680
700300
700040
699939
699773
699798
700069
699772
700777
700273
699799
699819
700508
700754
700012
700148
699834
699576
699404
699442
699684
699715
699909
700459
700475
699709
700062
700328
699418
700185
700739
700026
699997
699865
700698
699800
700463
699177
699816
700199
699799
700531
699794
699797
699608
700203
699751
700447
700087
699656
700916
699893
698833
699613
699933
700261
700229
699128
700008
700007
700844
699554
699522
699992
699923
700445
699495
699553
700515
699450
700173
699126
699565
699843
699620
699627
700638
700094
700071
699133
700761
699831
700098
699604
700312
699688
700310
699956
700289
699824
699769
700176
700095
699757
699711
700187
699906
699579
699142
699930
699969
700176
699890
699559
700356
700202
699835
700489
699656
699429
700309
699930
699712
699965
699916
700108
699704
699531
699858
699597
699968
700099
700086
699699
700407
699193
700112
699525
700051
700055
699887
699776
699738
699802
700311
700517
699464
699478
699950
700264
699333
699593
699495
700443
700159
700780
700054
699738
700455
700044
700368
700255
700040
699827
699942
700117
699295
699452
699294
699654
699539
699881
699859
700399
700424
699959
699885
700148
700487
700015
700355
700147
699743
699574
700026
699576
700072
700261
700129
699937
699995
699763
700057
700078
699774
700312
700356
700556
700643
700160
700136
700055
699388
700670
700590
699909
699701
700383
700661
699707
700756
700295
699599
700509
700851
700166
700715
700019
699583
700168
700373
699517
699277
700850
700886
699960
700969
700343
700481
700065
700014
699305
700871
699466
700531
699804
699714
699989
700177
699908
699873
700052
700450
700245
700356
699364
700258
699882
699923
700785
699457
699038
700051
699813
700185
699698
700228
700224
700360
700847
699730
699392
699652
700170
700167
700294
700679
699884
700055
700080
700127
700744
700298
699687
699400
700134
699798
701150
699816
700619
700093
699701
699940
700515
699088
700551
700041
700373
699770
700012
699938
699514
700967
699912
700561
699728
699752
699992
699914
699274
699994
700255
700115
699963
699906
700183
699929
700343
700258
700992
700355
699706
699694
700742
699655
699575
699832
699780
699168
700031
700831
699721
699659
700062
700396
700130
699298
699191
700825
700450
700145
700076
699923
700754
700208
700747
700122
699942
700467
700626
700259
699767
699944
700040
700134
700428
699569
700536
700281
700022
699258
699705
698558
700226
700088
699361
699262
699637
699747
700394
699489
700248
700006
699829
699661
699535
699359
700525
700563
700330
698870
700714
700105
700263
699835
699937
699908
699231
699988
699174
699864
700224
700349
699531
700140
700670
700852
700212
700177
700466
700090
700602
700148
700640
700044
699278
699874
700314
700362
699158
699455
699927
699989
699842
699566
700306
700265
699801
699737
699884
699746
700708
700212
700574
700150
699141
699763
700370
700461
699561
701082
700805
699912
700047
699955
699626
700351
700270
699722
698569
699531
700015
699712
700156
700134
699609
699404
699809
700460
699849
699231
700649
700415
700347
699555
699808
700790
699967
700207
700278
700906
700310
699424
700040
699873
699547
698969
699715
700286
700086
699491
701183
700177
699464
699959
699995
699336
699377
699832
700130
699561
700154
700802
700298
700173
701165
699264
700224
700257
700296
700184
699342
699578
700142
699092
701015
700269
699383
700049
700355
699137
699831
699665
700393
699589
699996
699845
699370
699548
700943
699441
699587
700763
700833
700280
700446
700095
700081
699637
699766
699931
700241
700242
700090
699991
699920
699936
699390
700412
699514
700127
699717
699850
700528
700650
700530
700174
700326
700047
701054
700589
700238
699745
700896
699960
699893
699794
700607
699479
699680
700824
700376
700386
699820
700553
699872
700354
700090
700515
700361
699928
699705
699556
700018
699872
699521
700051
700155
700007
700519
700091
700405
700282
700214
700136
699780
701195
700331
699936
699432
700374
700563
700001
700164
699990
700284
699723
700852
700756
699823
699709
699570
699637
699188
699701
700238
700581
699919
700594
700224
700352
699760
700381
699714
700607
699381
699548
700430
700396
700797
699839
699871
700433
700067
699942
700092
699815
701511
700173
699973
699156
700627
699814
699608
700316
699347
699440
699079
700126
700287
700354
700396
699392
699918
700388
698982
700009
700387
700223
700039
700450
699501
700105
699796
700397
700040
700494
699653
700133
699394
699682
699456
699745
700080
700671
699928
700417
699934
699693
700993
700444
700136
700157
699908
700154
699655
698641
699820
700364
699721
699866
699700
699559
700128
700471
700727
699754
700395
700375
700701
699793
699456
699766
700172
701052
700175
700282
700092
700133
700680
700163
699710
699769
699783
700229
699782
699474
700316
699077
700363
699744
700201
699633
700262
699882
699525
