600963
599669
600302
600731
599879
599446
600277
599716
599914
599870
600392
600854
600529
599846
599690
600416
599880
600617
600531
600061
600124
600350
599709
600175
599882
600625
599653
599725
600118
600323
599635
599906
599689
599561
600061
600359
600607
599637
600612
599424
599728
599883
598979
599941
600251
599686
599963
600177
600172
600322
600138
600159
600938
599862
599682
600291
599931
600366
599963
600080
600093
599729
600470
600536
600577
600100
599997
600442
600372
600063
600184
600102
600363
600066
600014
599733
600191
599776
600418
600813
600176
599647
600796
600458
600416
600129
600420
599608
599774
598882
600271
599226
600175
599294
599310
600192
600432
599780
598734
600712
600159
599245
600090
599472
599728
600054
600205
599788
599625
599119
599909
599612
600416
599815
599479
600051
600390
599807
600009
600237
600113
599955
599915
599886
599353
600469
600203
599770
599349
600113
599737
599494
599587
600110
600616
600093
600197
600206
599397
600429
599802
599931
600349
599725
599591
598761
600270
599813
600421
600187
600108
599863
600007
600947
599761
599446
600201
599755
599809
600445
599949
599963
599379
599884
600442
600742
599782
599546
598813
600442
600319
598878
600202
600345
600269
600544
600362
599747
600749
599639
599264
599750
599561
600331
599643
600049
599757
600089
600283
599560
600511
600303
599518
599611
600124
599298
600559
599915
600090
599283
599396
599977
600376
599507
600399
599268
599938
600618
600493
599887
599810
600753
599546
599966
600622
600148
599813
600311
599659
600663
600150
600334
600095
600336
599404
600332
600121
599771
600665
599534
600588
599994
600505
600997
599117
598871
600572
600035
599825
599710
600544
599854
598970
600232
598861
599767
599737
599564
601055
599668
599714
600175
600028
600482
600152
600115
599779
599935
600469
599367
599109
598935
600678
599941
599125
600050
600220
600359
599903
600076
599011
599702
600292
600197
599328
599841
600241
600020
599710
599322
600015
599869
599779
600169
599944
600597
600289
600065
599172
600155
600103
600167
599876
600795
600125
600128
599907
600366
599842
600347
600147
600024
600711
599775
600684
600566
599818
599620
600363
600595
599384
599836
599583
599621
600692
599334
600217
598742
599781
600071
599739
599985
599374
600218
598810
599951
599977
600154
600767
600055
600860
599095
599957
599887
599511
600549
599904
600841
600598
598652
600272
599365
600343
599337
600373
599692
600325
600490
599410
599469
600452
600496
599758
600106
599281
600706
600349
599131
600360
600093
599517
600410
600237
599668
600812
599863
600504
600181
600556
599928
600400
599665
599632
599798
599933
600386
599659
600484
599341
599413
600009
600118
599813
600140
600073
599885
599403
600679
599855
599944
599630
600004
600640
599865
600476
599762
599724
600422
600279
600085
599983
600403
599789
600598
600225
599568
600126
599704
600074
599479
599864
599822
600120
600103
599794
600590
599885
599384
599812
600431
600282
600024
599758
598445
599288
599034
600023
600469
599050
599468
600125
599996
600102
600551
600287
600434
599778
600519
600638
600608
600259
598959
600582
600662
600669
599672
600828
599652
599767
599964
599804
600342
600314
600128
600274
600230
600434
600358
599480
599938
600816
599442
599542
599874
600602
599278
600727
600345
600499
599363
600576
600273
599331
600114
600201
599375
599145
599976
600191
599804
599926
599791
600482
600382
600395
599497
599550
600168
600439
600354
599593
599474
599991
598843
599883
599653
600747
600215
600077
600411
599153
600573
599856
600303
599609
600268
599979
599993
599256
600007
599820
599967
600000
600304
599692
599596
600571
600059
599650
599534
598904
599922
599828
600206
600247
599899
599488
600240
600021
599443
600542
599827
600068
600001
599833
600775
599571
600155
600799
598632
599952
599644
600278
599539
599049
599807
600370
599616
600533
599867
599904
600928
600073
600494
599815
599355
600347
600358
600494
599894
600754
599609
600163
600125
600466
599396
600001
599795
598736
599843
599678
599359
599147
600651
599010
600112
599851
599514
600077
599881
599846
600223
600908
600943
600420
599405
599942
601306
600208
600286
599967
600027
599895
599310
599350
599865
601181
599547
600648
600308
599958
600373
600606
599948
599168
599643
599892
599170
600322
600266
600708
600493
599488
599882
600189
598842
600814
600102
599494
600513
599655
600675
600019
599875
599907
600019
600559
600184
600458
600611
600310
599905
599741
599831
599186
600185
600436
599091
599661
599437
599845
600634
599965
599871
600659
599317
600162
599716
600130
599871
600227
599351
599452
599418
600284
600015
599805
600071
600392
599626
600263
599248
599960
599596
600728
601069
599950
599753
600757
599661
599490
599994
599761
599818
599588
600923
600824
599840
599499
600148
599757
600656
600074
600305
599123
599952
600752
600363
600487
599968
600423
600000
600018
599524
599231
600000
600970
600381
599666
599358
599556
600994
599792
599708
599599
600126
599222
599931
600047
598962
600663
599832
599475
599627
599913
600136
599471
600723
600217
599686
600357
599501
600129
599786
599315
600242
599864
599079
599815
599341
600501
600385
600058
600293
600280
599732
599914
599804
599641
600851
601448
600003
599610
600220
600111
600042
600981
599819
599676
599607
600576
599898
600568
598536
600246
599166
599965
599570
599598
600000
600527
600254
599325
600318
601072
599475
599863
599532
599490
599970
599684
600142
600122
599595
599382
599713
600976
600202
599699
598981
601012
600032
600325
599751
599201
599218
599884
599081
600390
599635
599281
600114
599750
599335
600358
600445
601732
599396
599574
599804
599870
600399
599345
599641
600533
599934
600718
599883
600319
600106
599845
599928
599589
599339
600377
600363
599439
599881
599203
600234
600193
600270
600959
599758
600177
599737
598806
599690
599736
599144
600308
599756
599978
600724
599813
599621
600677
600967
600370
600043
598701
600636
599816
599902
600383
599964
599963
599989
600029
600177
599351
599832
599855
600801
600377
600049
600476
600320
600626
599924
600044
599896
600087
599164
599345
600061
600035
599836
599803
600304
600589
601019
599818
599758
600068
599268
600384
600012
599401
600157
599995
599453
599668
600422
600680
599498
600359
600675
600282
599593
600497
599672
599898
599273
600747
599831
599431
599979
600320
600156
599785
599973
599576
599296
599636
600189
599989
599828
599558
600164
600069
599639
599300
599943
600262
600283
599812
600001
600732
600297
600328
600676
600257
599939
599438
599363
599995
599733
601021
599937
600014
599553
600087
599894
601114
599665
600446
600725
600383
599865
600814
600097
599931
600090
599499
599116
599334
600374
599569
599489
600219
600153
599260
600034
598974
600230
600168
600104
599864
601134
600981
599994
599270
600375
600041
600758
599811
599352
600328
600566
600204
600364
599885
600463
599510
599193
600322
600035
600927
600654
599756
599874
600617
599934
600426
600826
600357
600059
600678
601153
599804
600115
600522
600379
600108
600239
599622
600421
600229
600301
