504819
505994
505614
506064
505969
506503
505894
506879
506000
506888
505217
506026
506352
506265
505956
505852
506169
505649
505130
506073
505303
505704
506154
504689
506229
505641
506873
504919
506044
505141
505833
506187
505985
505309
505771
506232
505387
506317
506344
505536
506401
505582
505590
505155
505630
505821
505776
506145
505412
506286
505904
506068
506818
506375
505603
506527
505869
505803
505945
505739
505804
505743
506056
505755
504844
505601
505811
505318
505513
505355
505064
506635
505871
506164
505313
505725
506067
505898
506499
505880
506567
506046
505566
506225
506007
506318
505235
506780
505665
506607
506251
506298
505806
506274
505747
506123
505690
505685
506141
505533
504903
506216
505812
505318
506030
505888
505039
505932
506577
506116
506055
505625
506758
505873
505782
506049
506252
505943
506194
505619
505301
506768
505075
506212
505198
506304
507109
505303
506303
505885
505991
506025
506156
505255
506356
506305
506343
505760
506178
506084
505248
505353
505692
506225
506106
506153
505826
505654
506544
506075
505159
506692
505659
506096
506555
505564
506342
505777
506174
505426
506091
505614
505743
506017
506134
505820
507186
506683
505293
506071
506426
506511
505718
506394
506339
506256
505951
506825
505491
505571
506228
506117
506300
505733
505672
506410
505845
506178
505678
505989
505471
506301
506051
506450
505108
505352
506411
505578
506201
506284
505621
505440
505276
505898
506543
505409
505783
506162
505951
505899
505609
506292
506461
505683
506720
505077
506089
505946
505860
506093
505929
506758
504740
506438
505848
505825
505502
505692
505256
505992
505593
504840
505421
504751
505397
505646
505347
505289
506668
505641
506412
504882
506046
505060
505356
505489
506257
505516
505340
506006
506240
506246
507149
505723
505580
505750
505999
506277
505361
505429
504691
505943
504843
506216
506390
505844
505353
505991
505359
505646
506227
505700
506077
505649
506527
505364
506032
505402
505644
505199
505673
504748
505698
505475
506158
505807
505212
506686
506340
506287
505033
505945
506003
506205
506652
505499
505995
506168
505905
506134
506565
505619
506228
505781
506253
505343
506242
505343
505459
505360
506095
505663
505946
506455
505297
505672
505090
506521
505646
505821
505668
506088
505908
505940
505496
506570
505743
505561
505142
506104
506143
505993
505992
505844
505711
506076
506281
506625
505784
506488
505599
505960
505564
505914
505861
506189
507155
506856
506554
505912
506669
505190
505480
505438
504958
504759
505868
505815
505866
504969
505531
504839
506118
505654
506572
505011
505675
506241
505869
505779
505746
506114
506989
506126
505586
505928
505932
505357
506578
505632
506011
507048
505213
505895
505552
506478
505148
505423
507127
505532
505243
504841
506321
505777
506406
505894
506230
506266
506090
505769
506314
506483
505682
505715
505622
505258
505406
505352
504956
505518
506410
506184
505402
506491
506372
506227
505986
505422
506754
505604
505496
505574
506157
506239
505232
506146
505002
507298
505811
505403
505812
505732
505798
506000
505621
506330
506272
506168
505980
505743
506146
507258
506003
506399
505561
506785
504202
506319
505707
505590
506362
506388
506493
505221
505475
505173
505695
506540
505336
507018
504997
505103
505224
506185
506034
506064
506110
505716
506065
506853
505938
506078
506169
506153
506309
506197
505551
505907
507024
505521
506274
505601
506071
504991
505142
505641
506295
505901
506111
505972
506371
505298
506203
506125
506328
506365
506215
505656
506542
505358
506738
505558
504803
506636
505097
505868
505755
507041
505153
506601
506337
506439
506062
505939
506024
506250
506196
505689
505809
506006
506674
505898
505472
506873
506015
505802
506161
505941
505510
505129
506434
505753
505294
505439
505593
506365
506084
505761
506577
506061
506248
506186
505641
505914
506323
505427
505277
505707
505492
506361
505239
506126
505355
505855
506072
506939
505499
506066
504975
506106
505557
505131
505340
505822
506159
506421
506357
505142
505554
505938
506048
504588
505799
506254
506538
507170
505351
505057
505470
505989
506008
506424
505985
505752
505787
506312
505472
506311
506271
506683
505552
505979
506266
506390
505812
506380
505966
506619
505941
505786
505819
506980
506359
506287
506060
505401
506419
505637
505560
505781
505414
506729
505599
506374
505773
505171
506417
505826
505818
505656
504413
504775
506213
505987
505937
505942
505677
505806
505431
505704
506477
506045
505613
506313
505966
505836
505949
505302
505355
505844
505498
506150
506601
505973
506331
505810
505727
506768
505711
505406
505615
505337
504778
505454
506257
506434
506321
505228
506056
505773
505994
505369
506551
506440
505371
506361
505813
505817
505869
505814
505415
504991
506345
505704
506220
505892
506004
505304
505891
505768
506292
505973
505989
505923
506267
505850
506642
506563
504965
506076
505428
506050
505554
505641
506829
505727
506464
505996
506540
505604
505891
506136
505832
506154
505556
506757
505601
505532
505895
505688
505408
506768
506405
505720
505119
504984
506030
506235
506322
505703
505848
506017
505050
506296
505533
505565
505097
505393
506160
505609
505908
505431
506939
505728
505412
505416
505661
506250
506419
506039
505572
506632
505416
505673
506536
505948
505928
506901
506590
505645
505943
505483
505692
506113
505616
506232
505319
505225
506086
505163
505819
506092
506121
505775
505529
506071
506721
506197
505372
506119
505985
506115
506494
506285
505469
505584
506077
506673
506372
506140
505954
505274
505678
506510
505865
505343
505892
505856
506444
506242
505034
506038
505999
506090
506932
506142
506125
506011
505978
506611
505611
506789
505639
506637
506468
506883
505575
505386
506010
506482
506033
505977
506057
506177
506473
505559
505252
505424
505780
506451
506395
505621
506709
505465
505518
505842
505063
505564
506052
505841
506819
505231
506792
506304
506169
505786
506384
505300
505622
505770
505050
506171
506421
506738
505680
506175
506394
505386
506388
505675
505792
504686
505494
505621
506398
505706
505482
505679
506179
505835
506658
505877
506842
506676
505257
505946
505971
504736
506011
505370
505286
505986
506299
505046
506232
506091
505571
506421
505997
505117
504984
506064
506419
506028
506117
505722
505200
506426
505623
506898
505914
505540
506443
505448
506312
505147
505679
505382
505341
505179
505977
505518
504859
505908
506349
506336
505437
506057
505218
505080
505611
506077
505859
505824
505491
506226
506280
506212
505913
505020
505853
506191
505966
505532
505261
506144
506046
506701
505667
506779
506412
505448
506060
505431
505983
505067
505879
506012
506055
506495
505084
505886
506029
505824
506473
506225
506161
505212
505132
506401
506157
506602
505326
505568
506315
506518
506290
505547
505666
506269
505625
505777
505608
506958
505735
505766
505528
506171
506011
506114
506300
505275
506097
505763
505681
506422
504734
505709
506284
505057
505357
505616
505731
506219
506108
505316
505723
504691
505581
505700
505641
505339
506265
506165
506086
505637
505648
505978
506169
505263
