597252
597028
596521
597292
595876
596901
597493
597361
597097
597375
596870
596975
597195
597041
598245
596972
596548
597810
596878
596339
597436
597586
596782
596593
596615
597153
596879
597233
597172
597684
597211
597295
596738
596626
596206
597008
596760
596474
597578
597244
596740
596489
596427
596327
597423
597955
597874
596532
596004
597016
596945
596335
596866
596243
596906
597261
597106
597577
597086
597097
597932
596238
596781
597029
597067
596971
597058
596598
597179
597564
597056
596807
597170
597009
596496
597139
596911
596746
595625
596210
596936
597791
597228
597872
596710
596892
597013
597909
596612
596789
598153
597015
597155
596118
596688
597457
596719
597076
597228
596503
596891
598352
597235
596555
597793
596037
596679
597958
597618
597206
596742
597655
596621
596741
596815
597244
595977
597053
597541
597568
596701
597176
597084
597361
597296
597301
596516
597200
596645
597189
597648
597092
596829
595930
596974
596691
597289
596963
596395
596697
595990
598266
597126
596734
597223
597269
597084
597252
596938
596522
596642
597607
598064
597318
598003
597224
597094
596834
597296
596958
596940
596893
597139
596186
597002
597507
597288
596888
597242
597588
597547
596740
597100
596898
596937
596880
596814
597231
596899
597061
597522
596409
597089
597018
597243
596533
596283
597814
597258
596800
596992
596972
597439
597527
596714
596905
596897
596952
597141
596863
597129
596291
596474
597361
597627
596826
596869
597191
597266
597026
596737
596328
597050
597152
596726
597299
597349
597199
596913
596726
595941
596960
597015
596814
597011
596930
597525
596812
597167
595929
596633
597884
597189
597600
596518
597604
596318
596981
597719
596975
597364
597244
596692
596337
597399
596002
597728
597752
597308
596635
597335
597557
597677
596818
597067
596679
597712
596557
597105
597108
597718
596552
597268
597952
596139
596633
596900
596347
596639
596689
596831
597811
597097
596888
596923
597135
596817
596685
596441
597440
596375
597388
596679
595959
597728
596715
596619
597181
596892
596709
597044
596967
597248
597692
596604
596854
596409
596928
597406
597456
596794
597873
596640
597128
596690
596426
596345
597125
597152
597733
597241
597418
596814
596963
596860
597376
597985
597781
597351
596862
596924
597078
596884
597172
596076
597094
596801
596084
597015
596899
596615
596758
597732
597144
596880
596652
596598
597563
597207
596816
597079
597138
596733
596326
596153
596941
597953
596720
597104
598050
597442
596776
597741
596715
596690
597008
596848
597489
597037
597149
596513
596564
596461
597489
596036
596986
597750
596357
596991
597579
597345
596609
597339
597393
597180
597074
597818
596863
596772
597426
597629
597742
597023
596804
597857
597364
596866
596896
597064
597427
596758
597000
597117
597321
597482
597353
598040
597330
596895
597224
596826
597498
597515
597024
596839
597076
597295
597707
597442
596846
596451
596786
597018
596606
597018
596486
598399
596874
597138
596409
597158
596935
597443
596998
596216
596646
596594
597555
596727
596421
597219
597204
597445
597206
596942
597023
595850
596547
596966
595822
596950
596882
597326
597784
596296
596332
597068
597357
597711
596042
596399
596787
597067
596992
597194
596348
596937
595966
596377
596961
597389
597431
596869
596715
596782
597076
597093
596880
596211
597529
597377
597124
596865
597732
596212
596645
597499
597757
597141
596848
596693
596725
597872
595913
596849
597083
596623
596530
596902
598171
597549
596740
598166
596665
597687
596651
598202
597593
596745
596595
596670
597704
597071
597187
596211
596583
596372
597379
596584
596052
597038
596659
597026
597292
596961
596738
597504
596540
597172
596947
596774
598016
596788
597055
597136
596884
596201
596320
596870
597372
597402
597528
597308
596947
597690
597283
597261
596959
597388
597511
596651
596353
596923
596561
596704
597510
596527
598033
597219
597602
597380
596917
597378
597657
596897
597157
596230
597054
597449
596956
596932
597517
596874
596726
596989
597284
596873
596336
596120
596852
596709
597117
597374
597021
596976
597482
597088
598366
597298
597000
596568
596177
596563
596911
596668
597610
596134
596513
596889
597635
596352
596594
597446
596354
596473
596667
596430
597397
596752
596969
596322
596153
597041
597077
597768
597173
596669
596429
597782
597576
596533
597513
597423
597038
596566
597541
596151
596996
597307
596836
596860
597158
597112
596931
597070
597117
596947
596466
596955
597393
596792
596396
596837
597293
596872
597768
597750
597024
598521
597440
597511
596975
597159
597124
596682
596648
597449
597279
597128
596110
596824
598000
596057
597411
596885
596814
597364
596834
596287
595239
596552
596805
597816
597280
596609
596768
597010
597803
596166
597210
597426
596633
597758
597222
597087
597163
596421
597426
596763
596662
596478
596379
596438
595667
596224
597196
596204
596872
597311
596403
596443
596763
596316
596714
597044
596738
596741
597646
597436
597293
596822
597516
596899
597080
597496
597977
597247
597994
597487
597502
597248
597027
595977
596765
597454
596214
596716
597963
597069
596292
598155
596682
597030
597413
596983
596722
597358
597390
597180
596348
597484
597938
597360
597589
597152
597308
596124
597353
597247
596898
597096
595999
597437
596796
597305
597708
596729
597504
595913
596226
596770
597115
596353
596306
597024
596907
596964
597034
596447
596286
597841
596994
597675
597055
596508
596631
596995
597072
596144
597938
596681
597327
597519
597343
597020
597968
596521
596660
597539
597232
597221
597196
596568
597892
596400
597066
596709
596984
597727
597633
597686
597364
597098
597487
597346
597162
597869
597802
595967
597480
596590
596631
597382
596820
597648
596890
597750
596779
597032
596985
596183
597935
596759
596645
597212
597534
596720
597072
597706
597222
596677
596952
596878
596887
596698
596870
596656
597242
597205
596672
596027
596501
597409
596733
597177
596467
596728
596749
596881
596930
597126
595512
596485
598356
597021
597318
596178
597290
597692
597258
596569
597038
596868
597022
597092
597224
597313
597052
596424
596905
597577
597252
596683
596837
596955
596583
596669
596630
596772
597105
596844
596681
596697
596017
597216
596298
596843
597281
596949
597698
597649
596814
597994
596557
596966
597911
597270
595999
596941
597142
596163
596846
597016
597490
596737
596856
597594
596597
596655
596668
597450
596785
596798
598064
597042
597260
597181
596539
596979
597839
596804
596694
596660
596834
597145
597955
596493
596112
597113
596682
597450
596525
597046
596995
596929
596639
596567
596960
597165
596250
597377
597071
596730
596169
596949
597309
596495
595975
596278
596502
596810
597119
596660
596673
597586
597905
597462
597650
596841
596839
595886
596836
597070
596728
596563
596978
596019
596895
596390
596573
596814
597221
597016
596121
597439
598016
595978
596663
597064
596134
596341
598620
597251
596293
597265
597727
597112
596986
596943
597319
596376
597105
597099
596735
597256
597122
597096
596955
597448
596360
596999
596782
597026
597328
596817
597112
596686
596313
595764
596744
