907576
907222
908079
907589
907368
907166
907291
907518
907694
907486
907659
907623
907650
907945
907616
907634
907688
907035
907265
907793
907385
907456
907544
907610
908289
907178
907199
907274
907284
908108
907421
907469
907084
907899
907456
907384
907984
907433
908144
907500
907355
907494
907349
907474
907554
907315
907308
907075
907410
907474
907401
908265
907829
907645
907657
907405
907232
907649
907877
907998
907792
906831
908025
907671
907572
907545
907532
908220
907324
908086
907441
907718
907487
907508
907174
907454
907319
908064
907834
906869
907723
907633
907795
907312
907628
907384
907788
907493
907577
907724
907156
908045
907164
907363
907437
908260
907583
907920
907764
907782
907392
907484
907669
907515
907394
907609
907736
907263
907447
908147
907435
907739
907994
907345
907599
908057
907194
907501
907253
908082
907326
907878
907547
907799
907518
907614
907266
908016
906946
907806
907546
907230
907951
908048
907434
907547
907806
907449
908077
908033
907770
907317
907607
907825
907190
907361
907651
907864
907473
907841
907383
907516
907384
907670
907944
907401
907220
907883
907432
907545
907376
907705
907285
907801
907343
907485
907665
907141
907774
907865
907408
907415
907546
907558
907695
907454
907643
907654
907467
907142
907242
907420
907696
907905
907736
907601
907639
907407
907150
907197
907729
907839
907745
907733
907404
907513
908112
907401
907600
907231
907659
907342
907234
907505
908036
907639
907242
907935
908149
907246
907592
907849
907551
907586
907652
907816
907892
907509
907526
907048
907195
907438
907661
907814
907382
908086
907059
907981
907605
907378
907601
907430
907564
907517
907499
907846
907929
907265
907496
907271
907856
907780
907461
907048
907809
907502
907270
907314
907642
907215
907219
907502
907930
907935
907541
907481
907240
908020
907520
907271
907694
907420
907187
907663
907586
907310
907643
907778
907822
907766
907555
907734
907301
907010
907988
907388
907560
906948
907647
907409
907832
907702
908051
907348
907612
907010
907855
907734
907695
907306
907426
907735
907913
907195
907771
907679
907228
907228
907471
907789
907662
907900
907346
907672
907603
907393
907515
906870
907745
907814
907772
907130
907775
907942
907695
907058
907296
907665
907805
907348
907603
907950
907512
907758
907887
907329
907469
907708
907759
907956
907446
907411
907511
907867
907745
907711
907336
907934
907770
907775
907324
907144
907456
908121
907178
907864
908054
907788
907417
907678
907727
907968
907504
907198
908166
907455
907333
907671
907472
907347
907312
907748
907868
907010
907805
907447
907569
907584
907640
907582
907608
908210
907570
907526
907604
907714
907543
907787
908289
907774
907395
907344
907970
907650
907569
907861
907730
907711
907558
907807
907502
907745
907451
907486
907007
907677
907386
907841
907819
907576
907372
907665
907926
907322
907866
907460
907480
907835
907073
907117
907461
907517
907539
907773
907829
907291
908087
907128
907506
907513
908003
907414
907510
907252
908067
907769
908008
908073
907476
907282
907603
907272
907183
907215
907280
907832
907876
907878
907932
907498
907723
907610
908233
907502
907618
907507
907450
907321
907497
908063
907744
907625
907575
907926
907481
907277
907401
907411
907755
907757
907681
907199
907752
907911
907748
907769
907870
907223
907378
907957
907781
907761
907239
907774
908127
907873
907383
907585
907889
907488
907232
907331
907709
907658
907656
906983
907443
907592
907303
907500
907757
907135
907926
907711
907500
907630
907769
908003
907698
907753
907347
907610
907540
907362
907586
907579
907337
907268
907846
907436
908093
907442
907702
908039
907299
908315
907630
907357
907429
907421
907592
907636
908092
907028
907852
907505
907921
907539
907342
908032
907544
907721
907513
906931
907739
907694
907747
907295
907565
907598
907445
907434
907303
907629
907617
907669
907949
907466
907572
907801
907425
907913
907666
908067
907783
907465
906800
907252
907236
907449
908451
907767
907744
907264
907658
907885
907545
907342
907913
907461
907757
907261
907431
907372
907721
907656
907611
907366
907376
907243
907246
907433
907695
907706
907846
907271
907624
907239
907813
908069
908115
907525
908053
907654
907433
907521
906992
907435
906963
907413
907274
907487
908081
907654
907366
907841
907754
907791
907894
907669
907366
907437
907579
907351
907747
907523
907772
907529
907351
907913
907303
907951
907676
908000
907111
907661
907146
907537
908133
907513
907895
907354
907325
907546
907928
907414
907482
906974
907783
907822
907901
907749
907096
908162
907563
908313
907694
907501
907355
907165
907529
907562
907976
907947
907805
907466
907480
907928
907764
908390
907508
907770
907181
907180
907683
907321
907194
907263
907694
908038
907845
907606
907537
907411
907538
907497
907535
907877
907186
907420
907285
908123
907229
907562
907745
907461
907499
907573
907265
907310
906952
908052
907644
907957
908392
907651
907367
907746
907146
907794
907728
907370
908022
907449
907036
907468
907300
907704
907541
907110
907601
907442
907341
908077
907779
907208
907421
907034
907406
908081
906910
907413
907678
907358
907684
908005
907383
907645
907481
907070
907647
907501
907817
907464
907773
907494
907202
907946
907892
907596
907625
907506
907950
907106
907468
907387
907927
907718
907473
907048
907603
907138
908082
907654
907671
908225
907177
908092
907561
907848
907366
907916
908152
907909
907301
907509
907527
908637
907598
907581
908008
907928
907920
907513
907403
907815
908006
907716
907352
907486
907896
907701
907640
907358
907566
907661
907708
907825
907592
907649
907441
907540
907529
907949
907652
907463
907126
907466
907359
907988
907336
907924
907796
907549
907949
907982
907370
908121
907272
907041
907677
907771
907572
907754
907762
907825
907448
907996
907937
907762
907486
907737
907436
907510
907585
907330
907379
907720
907143
907406
907845
907345
907692
907638
907596
907385
907779
907447
907845
907927
907395
907341
907518
906864
907364
907582
907673
907287
907130
907780
907268
907826
907479
907553
907525
907688
907570
907207
907355
907598
907257
907927
907996
907052
907331
907274
907962
907376
907555
907733
907621
907210
907134
907520
907774
907189
907993
908024
907634
907639
907222
907648
907244
907255
907713
907520
907650
907317
907418
907639
907847
907822
907312
907834
907604
907978
907524
907251
907626
907171
907571
907516
908116
907885
907173
907868
907615
907772
907830
907626
907650
907159
907875
907321
907295
907522
907895
907560
907529
907289
907716
907860
907297
907614
907241
907541
907483
907333
907602
907937
907458
907444
906793
907671
907434
907323
907568
907435
907039
907683
907454
907633
907652
907429
907835
907181
907815
907870
907515
907693
907109
907802
907343
907827
907514
906747
907680
908112
907848
908026
907616
907435
907631
908006
907934
907497
907552
907396
907520
908014
907589
907362
907346
908113
907609
907747
907486
908026
906978
907169
907699
907479
907042
907783
908147
907811
907592
907678
907275
907181
907147
907645
907684
907252
907300
907416
907446
907294
907591
907478
