802953
802383
802147
802297
802703
802189
803510
802804
802528
802581
802195
802473
803217
802851
802569
802771
802152
802535
802389
801729
802595
802891
802516
802986
802701
802708
802353
803272
802435
802387
802184
802425
802879
802746
802647
802568
802791
803385
802780
802217
802994
802587
803060
803145
802721
801744
802898
802718
802782
802757
802330
802688
802622
801945
802628
802133
802783
802611
802336
802690
802280
802768
802166
803370
802135
801730
802453
802072
802414
803255
802345
802612
802651
802754
803004
802205
802963
802978
802378
802746
802842
802430
802963
802669
803003
802755
802884
802026
803238
802712
802417
803252
802795
802878
803151
802721
802284
802672
801995
802497
802488
802377
803121
802929
802708
802710
802353
802639
802839
802390
802919
802770
802664
803591
802528
802126
802525
802937
802456
802552
803116
802359
802169
802523
802598
802566
803471
802437
803003
802703
802106
802601
802925
802480
802943
802800
802556
802442
802751
801582
802563
802789
802271
803066
802529
803304
802094
802545
802435
802127
802495
802914
803094
801878
802117
803175
802554
803066
803115
802360
802219
802799
802619
802130
802188
803138
802886
803254
802874
802660
802676
802776
802462
802201
803235
802239
802063
802936
803210
802931
802363
802293
803213
803238
802462
802927
802498
802547
803162
802561
803113
802893
802294
802846
802604
802915
803564
802198
802908
802733
802748
802774
802535
802943
803029
802708
803169
802531
802759
802338
802502
802800
802576
802327
802737
802973
802455
802261
802908
802750
802432
802942
803011
802411
802525
802551
801794
802674
802498
802100
803105
803848
801627
802281
802661
803079
802905
802442
802657
802985
802644
803093
802500
802900
802976
803489
802588
802800
803372
802770
802115
802228
802695
803052
802288
802524
801941
802800
802426
802815
802902
802877
801893
803022
802722
802198
802651
802906
802759
802339
802203
802558
802692
802985
802955
802152
802443
802386
802464
802683
802168
802688
803347
802753
802488
802503
802766
802219
802907
803033
802359
802319
802662
802649
802124
802165
802618
802375
802392
802524
803539
802629
802933
802003
802814
802865
802558
802165
803143
801961
801414
802143
802612
802832
802796
802706
802555
802273
802382
801884
802791
801968
803043
802912
802380
803101
802747
803180
802212
802073
802565
803381
802602
802472
802019
802418
801552
802741
803211
802250
802026
802483
802388
802146
802029
802385
802349
802984
802546
802336
802302
803091
803404
803018
802510
802754
802763
801897
802295
802236
802574
802101
802338
802500
802405
803048
802759
802440
802208
802206
802960
802516
802415
802447
802533
802730
802393
802843
802573
802814
802950
802315
802415
802238
803268
802837
802592
802360
803041
802804
802796
803387
802701
802996
802323
802933
802375
802492
802445
802107
802338
802039
802803
802419
802035
802919
802895
803285
802840
802782
802210
802381
802687
802875
802447
802700
803120
802790
802714
802218
801877
802349
802466
802015
802545
802223
801577
802711
802703
802420
802685
802202
802186
802903
801801
802282
801929
802866
802904
802297
803016
802530
803026
802727
802994
802109
801991
802369
803078
802357
803090
802547
802669
803017
802448
802597
802141
802670
802896
802464
802797
802559
802838
803218
802696
803373
802405
801978
803325
803230
803121
802541
802629
803229
802048
802050
802632
802363
802221
802789
802828
802828
802868
802889
802628
802279
802154
802680
802754
802539
802178
801927
802390
802526
802328
802498
802398
802998
802964
802722
802813
802105
802412
802064
802495
802349
802734
802546
801890
802812
802475
802297
802577
803047
802319
802612
803124
802552
801498
802916
802612
802769
802743
802544
802047
802510
802866
802692
802883
802617
802224
802461
803507
802356
802286
802715
802675
802373
803066
802875
802691
802230
802260
802990
802733
802134
802425
803194
802781
802179
802648
802395
802757
802757
802745
802769
802987
802835
802813
802639
802385
802836
803181
802600
802030
802898
802424
802355
802681
803097
802774
802592
803186
802495
802500
803136
803080
801810
802661
802618
802071
802277
802769
801492
802908
802697
801931
802774
801704
803035
803096
803452
803665
802483
803152
802721
801919
802693
802642
802775
802491
802927
802203
802529
803329
802594
802506
802548
802316
802538
802352
802492
802861
802925
803457
802429
803146
802834
802189
802292
802384
803073
802398
802820
802899
802471
802674
802158
802668
803262
802130
802939
802994
802329
803003
802492
802459
802452
802742
803193
802628
802156
802315
801963
802667
803071
802724
802285
802358
802820
802412
802227
801855
802708
802282
803034
802808
803140
802338
802569
802456
802410
802891
803456
802617
802963
802611
803719
802238
803309
803157
802742
802650
803251
802650
802325
802348
801687
802615
802231
802078
802485
802325
802603
802665
802824
801841
802661
802734
803324
802782
802456
802472
802806
802938
803077
802555
803508
803087
802295
802557
802357
801868
802283
803208
802941
802745
802941
802980
803271
802766
802823
802524
802692
802769
802101
802201
802666
802540
802464
802518
803113
802435
802363
802244
802166
802590
802043
802474
802435
802754
802586
802884
802462
802897
802091
802509
802882
803234
802964
801962
802749
802744
802789
802522
802082
803141
802934
802683
803132
802519
802369
802990
803700
802284
803370
802551
802250
802163
802863
803029
802371
802609
802896
802418
802428
802693
803188
802578
803030
802121
802126
802973
802807
802626
802676
802282
802501
802291
802369
802105
802625
803053
801943
802463
803178
802866
802483
802390
802498
803170
802179
802421
802182
802845
803164
802497
802055
802718
801812
803063
802232
803278
802306
802781
801960
802677
802867
802343
802821
803137
802757
803407
802630
802090
802392
802606
801404
801975
802154
802141
802530
802603
802611
802094
803468
803084
802808
802088
802698
802589
802652
802358
803381
802014
801887
802510
802944
802495
802555
802434
802772
801962
802679
802513
802639
803053
802464
803390
802165
802818
801840
802164
802688
802317
802801
802662
802532
802183
801714
802146
802354
802830
803545
802262
802495
803253
802549
802067
801739
802694
802441
803225
802647
803182
802433
802324
802415
803023
802597
802527
802812
802701
802505
802753
801894
802620
802463
802679
802816
803090
803177
802379
801916
802361
802924
803182
802336
802746
802536
802685
802550
802990
803083
802673
802809
802543
802436
802499
802840
802169
802922
802438
802614
803044
802686
802569
802768
802576
802356
802720
803259
803154
802852
803121
802944
802282
803015
802843
803149
802399
802393
802310
802690
802943
802756
802856
803256
802509
802740
803212
802894
801570
802988
801912
802715
802914
801436
803024
802585
802810
802586
802338
802676
802568
802756
802867
802435
802190
802287
803019
803051
802245
802645
802362
801960
802156
802940
802340
802095
801768
803364
802382
802383
802724
802597
803021
801735
803727
802241
802461
803140
803086
802662
802591
802788
802540
802810
802539
802885
803173
802306
801929
801705
802930
803501
802059
802870
802965
802490
