349357
347893
347830
348378
348191
348358
349117
348986
348607
348646
348295
348465
348404
348187
348422
348995
347730
348806
348324
348466
347091
348887
348502
347660
347612
348565
348569
347528
347828
348397
348429
347994
347682
349193
348376
347922
348043
348488
349136
348065
348304
348444
348718
347815
347879
348502
348752
347993
349162
348936
348874
348325
348912
348425
347784
348416
348960
347795
348760
348834
348731
347324
348052
347864
348706
348169
349027
349218
348476
348427
347857
348824
347320
348513
349323
348556
348156
348389
348353
347817
348453
347971
348937
348295
347686
348934
348079
348177
348683
347512
348702
348266
349673
348270
348730
349141
348821
348216
348736
349070
347529
348040
348776
348927
349021
347933
349710
348788
348798
348490
348121
348704
348486
348003
347690
348640
348598
348009
347746
348663
348861
348057
348862
347595
348419
348752
348631
347570
348052
348421
348624
348134
347813
347934
347818
348397
348877
348880
349086
347909
348547
347983
348084
348540
348738
347880
348014
348331
349240
347584
348926
348286
348394
348446
348208
348652
347022
349322
348644
348181
347407
348935
348196
348497
348319
348486
348210
348538
348484
348574
348303
348886
349215
348732
347988
348618
348941
347512
348170
349040
347946
348431
348403
348805
347906
348837
348393
348495
348045
347749
348003
349334
347975
347616
348334
348974
348498
347914
347916
347789
348106
347444
348488
347911
349080
348940
348412
348316
347902
348152
347819
347927
348366
347582
347945
348195
348102
347754
348957
349213
348636
347667
348571
347971
348622
348303
348974
348461
348188
349257
348249
348467
347790
348512
348449
348535
348178
348126
348057
348057
348496
348513
348490
347981
349538
348637
348160
348076
348561
347985
347269
348602
348242
348539
349007
348699
347285
348094
347715
348660
348933
347327
347770
348219
348413
348994
347562
347563
347193
348895
348719
349356
348549
348804
348005
348027
348347
348167
348522
348446
348390
348429
348986
348938
348884
347876
347666
348648
348385
349053
347759
348076
347552
348574
348088
348788
348033
348489
348070
348426
348345
348033
347999
347275
348431
347506
348255
348478
348220
347991
348016
348955
347696
348079
348336
348575
348717
347360
348739
348299
348017
348563
348715
348745
348107
348016
348994
347789
347783
347537
348392
348423
348200
347546
348545
348745
348557
348567
348279
348801
349019
347576
347986
348126
347853
348442
348434
348946
349028
348938
348194
347763
348192
348722
348087
348458
348047
347747
349152
348445
348157
348147
347515
347904
348358
348666
348414
348168
347810
348519
348256
348225
347723
348910
347768
348621
348015
348335
348179
348485
348283
348196
348118
348013
348714
347663
348353
347966
348542
348657
348704
348238
348416
348774
348217
347897
348465
348773
348214
347897
349106
348567
348533
348661
347557
348407
347888
348027
347989
348337
348621
348589
347623
348544
348563
348689
348622
347726
348271
348147
348315
348025
348727
347773
349448
348501
347988
347745
348568
348486
348994
348984
348702
348590
348371
348341
348408
348828
348279
348579
348622
348677
348240
348250
348199
348453
347666
348395
347560
348989
347459
349029
348900
348362
347459
348566
347951
348299
348252
348534
348065
348078
348386
349543
347564
348818
348065
348083
349675
347296
348595
348522
347577
348712
348593
348134
348034
348373
348509
348181
347662
347400
348794
348880
347893
348256
348776
347752
347469
348798
348439
348633
348282
347978
348064
348369
347772
349370
348064
347544
348204
348343
348411
348089
348135
348849
348213
349191
347424
348766
348218
347695
348383
347711
347576
349211
348728
348487
348952
348422
348192
348019
349080
348132
348499
349270
348616
348581
348883
347621
348193
348617
347855
348528
348174
348621
348435
347733
348427
348030
348110
348417
348118
348539
348117
347801
347632
347583
347595
347976
348702
348396
348337
347119
349047
348833
348323
348496
347733
348453
348588
347800
348115
347878
349036
348738
347965
348256
348020
349028
348558
347628
348055
348001
347988
348874
348167
348221
348204
347900
348279
348604
348483
348230
347729
348952
347941
348801
348459
349089
348166
348695
347637
348803
347247
347792
348200
348189
348363
347491
348279
348413
348038
348522
348712
348864
347764
349115
347893
347849
349096
347397
348776
348181
348248
348346
347921
348167
347540
348435
348081
348512
348599
347683
348579
348696
347700
349140
348305
348090
349090
348884
348503
348515
348555
348957
348333
348740
348403
348248
348771
348125
347853
348038
348274
348841
347847
348279
348070
348189
347896
348491
348155
348539
347457
348799
347967
348262
348131
348154
348800
347844
347936
349264
348941
348974
347764
347531
347762
348704
348001
347908
348050
348298
348720
348501
348528
348066
348683
347742
348474
348419
348103
348611
348930
348612
348002
349069
348853
348492
347879
347927
348772
348619
347719
347597
348871
348495
348272
347774
348195
348423
347906
348055
347789
347427
348325
348411
348237
348635
348272
347675
348802
348806
348702
348400
347891
348026
347848
348521
347875
348679
348451
348305
349257
349271
347603
348763
348266
348173
347690
348549
348436
349128
348810
348047
348270
348984
348153
348439
347362
347916
348317
348611
348023
348186
347669
348047
348474
348278
348575
348892
347178
347454
347997
347745
348159
348025
347584
348606
348729
348484
347611
347887
348390
348115
348303
347696
348005
347311
348100
347894
348006
348605
348377
348399
347582
348321
348410
349091
348577
348885
348730
348901
348226
348073
347141
348405
348234
348063
348616
348273
348486
347891
348176
348497
347760
347930
348737
348131
348244
348377
348325
347956
348451
348456
348417
348640
348568
348301
348241
348060
348873
348217
347659
348112
348841
348069
348055
347829
348142
348727
348410
348345
348337
349106
348407
348982
347948
348555
348173
348542
348438
348312
348526
348856
348516
348006
348510
347904
347959
348011
348251
348194
347703
348587
348995
348308
349161
348017
348859
348496
349208
348093
348600
348069
348412
348129
348167
348672
349008
348235
348403
348123
347908
348070
348589
349160
347308
349164
348070
348132
348271
348659
347875
348722
348886
347792
347723
348202
348671
347786
347506
348870
348350
348831
347891
348914
348858
347652
347859
347651
348468
348540
348425
348750
347553
348174
347827
348988
347700
348528
347455
348318
348334
348819
347184
348575
348059
348435
347513
348129
348410
348367
348641
348096
348294
348527
347716
348701
347533
348890
348135
348647
348095
347949
348353
348406
348719
348635
348111
349152
348436
348319
348047
348668
348063
348466
348211
348561
348728
347951
348353
347916
348765
348270
347762
347902
347790
348113
348856
348462
348149
348242
348651
348166
347420
348210
349463
348681
348476
348680
348640
347824
348497
348190
347366
348114
348171
347936
348815
348395
348675
348444
348429
347230
348218
348336
348402
348936
348264
348431
348893
348469
348329
348331
347914
348451
347608
348585
348594
348458
347629
349277
348332
348907
349029
348442
348777
348217
