426797
426218
426395
425903
425729
426532
426361
426399
426267
425933
426410
426489
426192
425327
425977
426860
426154
426159
426037
427159
426440
425129
426403
426123
425402
425794
425911
426307
425881
425823
426374
426647
425479
426170
425829
426970
425765
425487
426246
426199
425959
425908
426548
425759
426807
425375
426791
426681
426040
425754
426857
426036
426282
424938
425905
425343
425822
425997
426057
426538
426015
426360
426461
426422
426246
425658
426188
425770
425760
426276
425914
427440
426003
426320
426031
425609
426094
426543
426871
426216
425316
425326
426448
425602
426536
426010
426281
426032
426277
426763
426770
425594
426112
425969
426664
426292
426063
426503
425158
425754
425629
425558
425702
426934
426076
425719
426050
426688
426359
425040
426216
425731
426309
425798
426274
426237
426669
425575
426411
425507
425848
426119
426077
426266
426505
426467
426100
426213
426418
426566
426070
425677
425906
426254
426111
426108
425682
426472
426677
425842
426064
425782
425293
426967
425794
426029
426499
425661
426228
425236
426220
426161
425402
425673
425232
426148
426009
426189
425410
426201
426100
424783
425911
424935
426251
425974
426497
426158
425666
425661
425209
424783
425284
426476
426246
425128
426370
426553
425462
425679
426220
426365
425705
426530
426543
426229
426243
426554
426336
426750
425516
426268
426130
426019
425468
425688
425621
426723
425665
425709
425352
425247
425992
426885
426442
426301
425875
425826
425938
426020
426820
425573
425685
426824
426902
426310
426048
425839
426957
425733
426455
425420
426483
426665
425632
425767
426919
426243
426120
425610
426099
426659
426425
426294
425874
426294
425464
426283
425639
426265
425999
426308
425932
427255
426650
426343
425564
425824
426092
426255
425636
425943
425629
425457
425446
426412
426037
425582
425590
426359
426323
426624
425969
425773
426605
426218
425783
426627
426707
426289
426574
426311
425983
426688
425760
426444
426516
426377
425961
425742
426525
426313
425345
426379
426474
425529
425817
426041
427182
425703
426318
425732
425377
426874
426817
425870
425733
426440
426391
426274
425520
426324
425685
425397
425902
426182
425398
426971
425687
426319
427343
426639
427306
426326
425839
426324
425972
426223
426419
425924
426450
425989
425404
425866
426402
425743
426069
426709
425153
426305
426961
425657
426986
426123
425811
425550
425567
426948
425598
426471
426790
427098
426100
427123
426433
425034
424821
426292
425712
425942
425813
425847
426127
426193
426334
425409
426122
426361
425409
425757
425610
426686
425373
426082
426244
426154
425541
426071
426245
425813
426024
426522
425708
426510
425500
425649
425926
426549
426117
425409
425286
425726
426839
426759
426367
426054
426885
425476
425886
426928
425936
425892
425917
425987
425900
426291
426093
426362
427117
426196
424763
425964
425856
426351
425954
426245
426246
426102
425924
426634
426993
426545
425997
425350
426411
426600
426576
425608
425715
426983
426414
425926
425443
426575
426475
426020
425970
426334
426274
426768
426655
427219
425782
425763
426317
425719
425550
426501
426092
426542
425935
425499
426502
425868
426965
426699
426036
426018
424952
426063
425270
426485
426180
425988
425220
426749
425761
426129
425746
425513
427134
425944
426113
425978
426411
426501
426397
426208
426831
426517
426196
426620
425948
425892
425451
425938
426627
425525
426318
425791
426576
426250
426102
425506
425813
426778
426363
426619
425915
426273
425676
426470
425864
425118
425922
426426
425975
425728
425605
426218
426197
425145
425953
425773
425783
425656
425784
426957
425399
426490
426275
426439
425323
426182
426722
426427
426292
426562
426014
426393
425701
425815
426390
426132
426332
425493
427182
426257
426236
426529
425828
425592
426308
426011
426000
425950
425920
425447
426337
426855
426517
425331
426091
426209
425811
425747
426178
425676
426345
426237
426378
426418
425891
425521
426263
425705
425565
426117
425606
425908
426520
426332
425967
426727
425224
426083
426399
426350
426931
426179
426208
426159
426087
426270
425848
426355
425623
425793
426760
425342
425905
426529
426654
425702
425815
426561
425662
426122
426779
426110
426179
425915
427203
426482
425416
426353
425768
425399
425818
425321
425769
424487
426357
426135
426921
425260
426294
427172
425876
425629
426395
425924
425948
426124
426650
426072
426204
425619
426510
426589
425213
425974
425064
425869
425713
426279
425784
426137
425750
426408
426521
425169
426027
425516
426025
427026
427221
426069
426781
426422
425656
426468
425500
426637
426610
425625
426602
426818
425564
426432
427004
426844
425936
424903
426247
426053
425991
425942
425384
425308
426349
426331
425997
426419
425556
426020
426346
425892
425551
426307
425724
426417
426653
425976
425421
426343
425933
426272
426589
426792
425188
425840
426213
426222
425282
426656
426066
425311
424830
425290
425654
426196
426103
426213
425386
425664
426327
426313
426297
426651
426249
425487
425950
426165
426557
425842
425763
426534
426077
425773
425621
426412
426295
425113
425248
426327
425793
427040
425435
426193
425870
425726
426458
425504
426022
426287
426929
426493
426256
425792
426209
426677
426360
426280
425017
425585
425920
426346
426098
425707
426809
425655
426002
426855
426108
425701
425981
425015
425376
426212
426132
426077
426625
425361
426482
425845
426561
426748
426735
426363
426831
426280
426414
425684
426210
425354
426124
425917
425600
426914
425372
426033
425995
425274
426633
425377
425800
426994
426155
426914
425850
426377
425938
425975
425963
425863
425661
425751
425728
426514
426164
425668
425547
425013
426122
424944
426114
426120
426557
425664
426196
425845
425875
426280
426092
426230
426594
425769
426397
425673
425633
425616
425900
427193
425314
425070
425698
425672
426192
426228
426524
426217
426115
425595
425685
426292
426072
426246
426482
427044
426376
425742
426098
425661
426536
426162
425998
426636
425260
426099
425832
425483
426526
426209
426680
426585
426229
425040
425754
426475
425937
425839
425268
426528
425494
425592
426190
426424
425941
426345
426081
425962
425942
426770
425655
425672
426956
425822
426257
426586
425770
426596
426807
426492
425176
426276
426235
425793
426703
425492
426110
425943
425598
426084
425865
425448
425365
426172
426325
425477
426564
425923
425954
426128
426134
425429
426446
425829
426527
427167
426249
425653
426356
425192
425776
425321
424821
426191
426115
425349
425724
426306
425630
425839
425361
425632
426017
425947
425092
425455
426158
426441
425859
426128
425804
425889
425380
426592
425896
425424
425728
425842
426380
426492
425422
426297
426220
426076
426263
426469
425904
425162
426362
426290
425829
425411
427280
425982
426166
426024
426627
426237
425354
426153
425869
426149
426053
425490
427036
425490
426273
425698
426060
426377
425953
425486
425629
425512
426122
425407
425399
425935
426811
425549
425968
426199
425481
426329
425954
426081
426579
426054
425996
426428
426541
425909
425930
425470
426101
426837
426252
425741
425770
426036
425678
426414
425434
426249
426674
426116
