651723
652377
651411
651852
650997
652030
651872
651653
651849
652100
651645
652271
653387
650836
651484
651640
651593
651835
652033
652051
651901
651806
651536
651525
651720
651757
651886
651358
651002
652466
651997
651232
652093
651405
651722
651757
651404
652038
651647
651262
652027
652195
651819
651714
652065
652722
650454
651662
651469
651940
651901
651458
650665
651548
651382
651137
651247
652255
651933
652302
651120
652181
652295
651243
651844
652385
652051
651395
651746
650204
651442
651336
652141
651241
651880
651387
651429
651496
650526
651918
652152
651794
651448
650678
651906
651997
651330
651821
650808
651253
652331
651006
651794
652032
652182
650992
651504
652375
651076
651911
651559
650998
651462
651316
651846
652127
652146
652132
651351
651153
651389
651563
652997
651739
651186
651703
651691
652084
651514
652422
651918
651555
651438
652205
650993
652155
651364
651218
652088
652541
651539
651950
651266
650903
651464
651910
651624
651504
652307
651584
651594
650869
651310
651647
652328
651557
651825
651452
651964
651939
652034
652470
651806
651546
652020
652201
652074
652232
652168
651756
650949
652174
652273
651554
651298
653033
651853
651309
651694
651860
651196
652339
651809
651933
652426
651510
651468
651585
652085
652460
651498
651935
651332
651867
651331
651444
651261
651567
650917
652041
651654
652249
651443
652373
651982
652145
651321
652429
651618
651560
650863
651199
652121
652709
651206
651592
651932
651962
652142
651862
652319
652139
652269
651553
651458
651061
650667
652657
650934
651174
651818
651295
650993
651446
652510
652304
650958
653194
652645
651138
652092
651802
651056
650926
651740
651048
651386
651418
651483
651294
652375
652096
650653
652302
651630
650364
651812
650600
651224
652035
651384
652313
652349
651466
651656
651592
652017
651605
651771
650988
652029
651008
652058
651240
652111
651992
651564
651018
651991
651105
651145
652137
651571
651282
652254
651371
651907
651303
651238
651003
651150
651956
652161
650670
652043
651719
651266
651649
651934
651024
651881
651671
651433
650949
651121
651574
650942
651229
652293
651051
652441
650886
652579
651075
651987
651935
651934
651789
652137
652010
652164
652108
652048
651384
651333
651779
651149
651331
652183
651248
650967
652328
651696
650812
651736
650932
652075
651304
651715
651451
652078
651964
652081
650766
652348
652469
650494
651375
651727
652054
652038
652118
651869
652533
652240
651081
651640
650763
652173
651243
651282
651252
652129
652047
652082
651942
651708
652239
651917
650826
651109
651812
652185
651459
651647
652005
650916
651186
653002
651618
651079
651781
650905
651879
652166
651407
651190
651342
651476
651841
651716
650825
650776
651529
651392
651753
650569
651376
652246
651549
651947
652057
651469
651889
651564
650955
651659
651648
651924
651462
651621
650420
650993
652075
651687
652152
650813
652124
652314
651718
651290
652170
651497
652128
650776
652142
651761
651965
652034
651386
652646
651900
651138
652247
651361
651625
651924
652096
652260
652236
651829
651104
652474
651915
651316
651901
650958
651933
651844
651939
651813
651942
650786
651316
651707
651864
651527
651345
651711
651436
652040
652135
651670
650835
651112
652027
651521
651398
651836
652743
651165
652329
651347
650954
651832
652376
651461
651636
651203
652308
651821
651651
651695
651633
651168
651848
652154
651535
652110
652152
652070
651899
652204
652177
651581
652184
652142
651238
651766
651457
650899
651881
651104
652057
652218
651444
650823
651248
651262
652398
652312
651227
651670
650349
652046
650905
651461
650861
650762
651392
652119
651499
652256
651895
652359
652019
651837
651095
652197
651670
652287
651699
651496
651810
651725
651868
651158
651372
651189
651452
651551
651450
651551
651721
652601
652365
651539
651169
652565
652592
651682
651932
651878
651265
651561
651630
651931
650782
651477
652172
651048
651029
652231
651747
651419
651477
651230
651130
651807
651318
651737
651612
651684
651394
651692
651658
651294
651591
651475
652676
651457
651858
650742
651553
652120
652195
651623
650881
650913
650950
651709
651547
650906
651543
651385
651651
650804
651825
651252
651537
652580
652084
651313
651665
651281
651173
652178
651639
650955
651315
651909
651996
651881
651204
651866
651310
651158
651448
651017
652142
652014
651891
651574
651795
652053
651371
652090
651266
651369
652521
652111
652116
651298
651856
651271
651855
652113
651125
651888
651381
651309
650954
652392
651215
651720
651674
652410
652485
651456
651208
651844
651554
651897
651972
652028
651593
651115
651291
652026
651100
651381
651978
652898
651509
651727
651152
652003
651576
652703
652090
651989
652235
651253
651106
651727
652063
651106
651268
651029
651693
651375
651654
652601
651546
651365
651312
651608
650963
652664
652176
651743
652610
652014
650986
651902
651323
651277
652356
651530
651779
651058
651026
652023
650770
651766
650692
651869
652340
651813
651487
652176
651937
652130
651483
651501
651822
651874
651345
651177
651806
652243
651949
651990
652043
651545
651700
651810
651537
651825
651036
651666
651418
651802
652688
651648
651848
651580
651365
650923
652601
651238
651801
651769
651678
651240
652364
651943
650849
652119
651767
650945
651349
652283
651569
652304
651929
650845
652453
652256
652638
652530
651887
650995
652487
651147
652027
651235
652257
651688
650891
651102
651756
651713
651890
650699
651201
652063
651593
650620
650973
652206
652220
651856
651541
651154
651107
652638
651647
651964
651408
651296
651895
650780
651480
651517
651907
652228
651857
651400
651901
651175
651249
652163
651782
651450
651304
651920
652518
651998
651753
651682
650927
652009
651177
651656
652135
651475
652660
651579
651906
651355
650966
651811
650852
651236
651709
651735
651243
651221
651317
652195
652198
651550
651504
651575
651826
652397
652166
651192
651443
652221
651517
652382
652142
651941
651202
650807
651251
651791
652125
651905
652027
651497
652684
652302
651645
651758
651530
651519
651174
652077
652089
651412
651510
651026
652122
651497
651024
651279
651744
651966
651835
651734
651298
651750
651477
651642
651156
651497
652313
651686
651197
650906
650611
652297
651220
651305
652153
651724
650954
652183
651627
651622
651071
651871
651251
652023
652092
651876
652340
650917
651460
652008
652110
651580
651611
651225
650956
652272
651865
651839
651292
651143
651602
651959
651885
651203
651314
651251
651822
651057
651917
651595
651458
651643
651137
651761
652399
651866
651297
652159
652088
651698
652179
652338
651752
651461
651579
652686
651689
651413
651962
652045
651649
652247
651612
651241
651400
651160
651119
652626
651699
651487
651431
651535
651472
652184
651562
651173
651882
652275
651920
651950
651527
651446
651965
651072
651900
651322
651695
651464
651185
651974
651522
651809
651151
652160
652482
651277
650976
651799
651798
650979
651303
652005
652355
651013
651647
651825
652497
651426
651231
651629
650786
651447
650880
651657
651269
652309
651435
652000
651861
650964
652205
651163
651408
651948
651844
651692
651561
