574242
574580
573611
573839
575104
574345
573756
574191
573448
573987
573087
574187
574056
573388
574670
574250
573345
573417
573919
574302
573577
573525
573874
573227
573961
573199
573906
574171
574771
573821
574816
573957
574343
574047
573930
573899
574358
574453
574114
573651
573815
573766
573218
573865
573275
573120
573737
574459
573586
573039
573922
573561
574260
574070
573252
573089
573746
574842
573764
574106
573508
573458
572935
573809
575055
573561
572987
573501
573726
573515
573805
573769
574197
574659
574320
573898
572657
574388
573855
573405
573521
573814
574648
574440
573518
573518
574385
573600
574210
574441
573851
573532
574426
574374
574376
573828
573657
574030
573875
573908
573226
573578
573758
573665
573082
574275
573576
574987
573902
574778
573706
574239
573175
574269
574101
573919
573510
574154
573738
573273
575080
573200
573719
573649
573404
573393
573948
573623
573890
573476
573173
574015
573815
573700
574222
573849
573986
573871
573032
572899
572983
573611
573798
574379
573549
573607
574370
573288
573593
573894
573523
572896
573765
573354
574406
573954
574271
573811
574155
573438
574033
574008
574409
573521
573337
573033
574267
574298
573978
574149
574333
574013
574668
574560
574076
573930
574175
573712
573575
574731
574453
574045
573857
573139
574154
573146
573945
573218
573756
573627
573877
573588
573865
573791
573649
573572
572455
573982
574055
573318
574178
573823
573379
573734
573896
573699
573633
574215
573105
574506
574162
574864
574684
573710
573834
573524
574439
573895
573775
574008
573699
574382
574964
573860
573408
573725
573877
574670
575196
574030
573053
573848
574765
573737
573895
574278
574068
573613
573227
573823
573890
574173
573838
574207
574229
574024
574616
573713
574074
573294
573704
574013
574000
573826
573803
573771
574571
573562
573914
573651
573714
572849
574038
573841
574598
574198
573716
573693
573939
573787
573344
574702
574377
573663
574892
574858
574686
573348
574020
573857
573478
573186
574432
573664
573877
573390
573844
573377
573924
573494
573865
573427
573520
574734
574740
573119
573911
574229
572784
574707
574502
573437
573915
573573
574018
573172
573329
575057
574864
574004
574426
573526
573153
573970
574309
573371
574048
573587
573523
574450
573522
574961
574248
573202
574155
573752
573762
573627
573797
573451
573119
574698
574367
574522
573270
573038
574282
573494
573514
573389
573417
573905
574350
574085
573757
574066
573911
573516
574843
573899
573688
574683
574484
573579
574244
574541
573894
574200
574097
573648
574085
573740
574651
573643
574447
573865
572882
572855
574078
573538
573586
573953
573566
574076
574242
573950
573940
573485
574390
572679
573314
574649
573978
573845
573888
573763
573744
574000
573759
573191
574479
574101
574083
574649
574244
573262
573455
574245
574083
573478
573695
573155
573913
573918
573477
573256
574131
573895
573434
574176
574611
574162
573998
573756
573693
573899
573839
573250
573734
574416
573394
573961
573207
575114
574445
574718
574395
573171
573687
574775
574774
573547
573388
573705
572681
574461
574230
574241
573516
573510
574146
573999
574077
573869
574289
573659
574977
574143
573753
573832
573098
574011
575019
574219
573599
573575
573705
573423
573906
574149
573892
573634
573618
574492
573884
574554
573995
574049
574405
573347
573686
573995
573852
573752
573722
573965
573853
573782
573679
573306
575248
572830
573963
574115
573831
573504
573681
574210
573038
574374
573941
573792
574305
573037
574108
573669
573590
573767
574276
573745
573708
572892
574604
573763
573998
573854
573655
574087
573234
574400
574014
574137
573281
574023
574141
574435
574011
573606
574317
574037
573795
574010
574068
573802
573521
573859
573851
574238
573940
573775
573615
573166
573649
572903
574767
573662
574297
574001
574370
573716
574219
574281
573367
574106
574263
575050
573467
573054
573325
573397
573020
573454
573589
574518
575088
574399
573465
573158
573770
573746
573987
573270
574605
574263
574214
573675
575204
573512
573964
574817
573371
573851
574111
573501
573640
573023
574068
574073
573067
573989
573779
574069
573892
574423
574166
574881
574340
573927
573824
574186
574544
573900
574048
573963
572959
573426
574432
573724
574166
574408
574197
573758
574233
573785
575260
574004
574017
573822
574020
573372
573517
573917
574158
574342
574028
573059
574335
574471
574121
573595
574435
574429
574407
574399
574172
574093
573727
573256
573839
573958
574099
573671
573671
574082
572953
573299
573913
574719
573775
574317
574408
573197
574335
573390
574206
573735
573614
573361
574288
573939
573168
573749
572924
573348
573653
573810
574200
573672
573522
574044
574720
573551
574474
573798
574045
573660
573788
573623
573493
573775
573393
574014
574159
574232
573167
573676
573805
573259
574120
573515
573747
573827
573670
573942
573510
574411
573990
573376
573454
573699
573580
573989
573391
572721
574061
574477
574568
573644
574335
574203
574220
573852
573965
574202
574109
574576
574338
572859
573163
574645
573465
574257
573932
573673
574165
573619
573960
574180
573356
573819
574066
574191
573710
573843
574230
573851
572837
573468
573578
573428
573334
574074
573316
573835
574605
574294
573403
574549
574523
574156
573942
574076
573286
573234
574250
573672
574833
574535
573398
574679
574074
573939
573500
574079
573879
573951
573902
574459
573338
574089
573677
574130
574673
573900
574643
573396
573940
573834
573328
573231
573847
572914
575175
574615
573008
573620
573645
574198
574305
574487
573293
574224
574649
573946
574043
574202
573274
574349
573265
573952
574486
574216
574168
574137
574084
574846
574492
574264
573708
573958
573968
573236
574899
573683
574609
573774
573172
572911
573413
573082
574256
574346
572972
573356
573357
573097
573824
573798
574751
573638
574057
573457
573725
574963
574100
574210
573580
573435
573462
574253
573763
574333
573901
573677
574406
573845
574390
573621
573370
574362
574512
573590
574042
574194
573727
573243
572901
574527
574543
573513
573856
573453
573630
573999
573849
572526
572869
573244
573663
573174
573787
572646
574588
574185
574091
574019
574381
573074
573785
573434
572953
574203
573276
574278
573855
574364
574651
572707
574104
574117
573992
574217
573990
574845
573629
574266
574072
574037
574789
573901
574565
574499
574413
574550
573567
573919
573848
574201
574620
574239
573364
574141
574124
574002
573987
574481
573495
573568
574079
574041
573975
574114
574615
573402
573708
574243
573032
572878
574065
573763
573719
573636
574168
573643
573489
573385
573752
573772
574050
575590
574177
574101
574463
573597
574096
574133
573272
573885
574856
574113
574314
573502
574217
573915
573710
574004
573866
574126
573656
573659
574041
573819
573027
574910
573816
573981
573704
573299
573203
573863
574514
573481
573567
573666
574423
573764
573715
573776
574346
574396
573891
574394
574179
574139
573631
574266
573251
573444
573526
573343
573846
573686
574151
573867
573383
574288
574101
574155
574245
573800
574248
573269
573695
573877
574673
573282
574605
574408
574172
573238
