506334
506224
505621
505553
505697
506005
505844
505902
507328
505728
505525
506029
504251
505222
504820
506052
505113
506125
504998
505713
505419
506921
505896
505657
504916
505269
506054
505515
505305
505967
506055
505697
506091
505676
505670
505933
504669
506546
506021
505776
504918
505985
505545
504582
505785
506295
505315
505712
505930
505034
505621
506618
505156
505781
505814
505127
506088
506216
506464
506581
505221
505806
505300
505626
506016
505653
506109
505621
506765
506647
506427
505487
506654
505180
506605
506261
506685
505955
505429
505022
505785
505720
506007
504953
506434
505333
505406
505385
505800
506405
504737
505357
506722
505156
505229
506168
505809
506201
505648
505649
506390
506114
505361
506054
506104
505461
505196
505542
504853
506271
505585
505392
506521
506616
506487
505927
506024
506422
506469
506140
506496
506396
505380
506425
506057
504971
506466
505344
506123
505872
505076
505427
506324
506198
505299
505486
506465
505597
505480
505281
505552
504947
506194
505904
505947
505331
506136
505992
506254
505925
506250
507025
505894
506351
506398
504905
505579
506310
506199
506099
506892
505643
506114
504692
505717
505841
506159
506079
505736
505354
506913
506210
506022
506624
505550
506591
505289
505410
506123
505628
505209
506027
505881
506238
506836
506987
506149
506222
505760
505813
506234
505666
505497
505268
504932
506552
505510
506167
505595
505201
505823
506056
505622
506502
505945
504839
506628
506134
505225
505781
506052
506243
506098
505751
505309
505681
506264
504785
505360
506132
505737
505577
506925
506189
505705
505612
505612
506026
506329
506189
505842
505188
505632
506335
505742
506468
506232
506593
506228
506238
505738
506008
506243
505145
505954
506171
505846
506601
505679
505221
505961
505843
505224
506312
505110
506227
505746
505230
505568
506102
505892
506065
505809
505662
506274
505228
505268
506336
506645
505629
505800
505957
506224
505613
505597
505017
505326
505014
506591
505993
504674
506500
505383
505676
505417
505156
506091
505234
506683
505736
504335
505716
506184
505905
505440
505841
506218
506088
505058
506203
505618
505433
505896
507041
505431
505257
507146
505004
505588
506371
505561
505152
504910
505476
505748
504536
505169
505484
505065
505907
505614
505021
506314
505302
505320
505519
506433
505259
506146
506128
505081
505179
505652
505673
505355
505603
505525
505148
506186
506230
505093
505760
505970
505646
506330
505868
506164
505415
505135
505545
505311
505789
505962
505809
505916
505510
505997
505781
505506
506680
506529
505873
505976
506032
505804
506385
506091
505901
506086
505865
505599
506617
505374
506339
505782
505846
505398
505342
506264
505368
504881
505522
505707
506395
506219
505122
505909
506208
506198
506400
505635
505313
506168
506325
505290
507425
506431
505873
504828
505779
505226
506691
506179
505724
506350
506399
504935
504850
505849
506256
506008
506540
506285
506152
505251
505466
506153
504501
506866
506243
505877
506803
505355
505713
505525
506098
505886
505381
505800
506083
504914
506133
505114
506635
505538
506687
506523
505999
505372
506190
505769
505284
505558
505930
506035
505760
505388
505460
505440
505065
505571
506234
505930
506004
506144
504627
505659
505660
505147
506431
506324
506481
505544
505947
506437
505535
506120
505564
506498
506004
505178
506164
506686
506016
505702
505158
506034
506509
505354
506144
505875
505971
505772
505483
505647
506207
506244
506074
506227
506342
506133
505239
506291
505958
505448
505683
504656
505862
505470
505326
505355
505941
505114
506251
505861
506309
505345
505317
506464
506200
506060
505400
505422
506073
506107
505151
506168
505156
505623
504462
505831
504836
505549
505485
506546
505677
506454
505547
505969
505783
505412
505869
505800
506753
506862
506097
506749
505438
505442
506048
506409
505244
505666
505825
506304
505054
506504
506163
505587
506329
506530
505859
506183
505760
506091
506538
506165
505709
506430
504821
506970
505883
506002
506319
504998
505842
505686
505585
505940
506117
505799
505155
505895
505196
505072
504636
505146
506639
505450
505575
505326
506195
505983
505423
505748
506000
506125
505279
505906
504890
506237
506525
505000
505179
505530
506216
506040
504930
506027
505917
505458
505072
505192
506104
505691
506585
505658
506479
506583
505642
505992
505149
505311
506633
505818
505725
506086
505858
505547
505742
505941
505801
506558
505579
506132
505924
505841
506147
505517
505611
505026
505178
505265
506091
505472
506733
506611
505703
505907
505130
506183
506582
506377
505903
506349
505553
504990
505772
505948
505772
505811
505935
505791
506080
506009
504760
506801
506263
506337
506361
505391
505635
506000
504908
506958
505667
505928
505378
506766
506195
504754
505327
505609
506167
505187
505934
505559
505981
506012
505841
506189
505603
504981
506245
506585
506273
504947
506192
506270
505988
506032
506137
505711
506254
506718
505924
506073
506899
505413
506043
506002
506003
505684
505099
506416
504800
505086
505802
506102
505743
505591
505600
505587
505475
506498
506158
505659
506456
505680
505776
505621
506389
506272
505799
505489
505930
505461
506280
505755
506115
505853
505402
506261
505804
504732
505147
505530
505931
505625
506005
507244
505909
505794
505310
505842
506022
506330
506147
505381
505489
505530
505796
506006
505730
506209
505797
506415
505569
505974
505623
505961
505530
505630
505631
505918
506192
506040
505712
505262
505036
506025
505858
504773
506692
505472
505639
505715
505861
505530
505763
505324
505516
506073
505428
505814
505919
505821
506223
505640
505318
506832
505751
506004
505672
506227
505706
506028
505661
505834
505547
505249
506056
505301
505173
505638
505592
505357
506059
505045
505673
505811
506359
505700
505287
505973
505912
505543
505564
506282
505225
504729
505652
506380
505427
505202
506202
505296
504888
506296
506613
506017
506031
505351
505980
506577
505591
504874
506043
506157
505588
505528
505433
506370
505394
505063
505841
505812
505493
505379
505949
506178
505151
505372
505649
505892
506245
505712
504840
505345
505842
506583
506598
505905
505552
506366
505805
505553
506337
506310
506492
505558
506112
506066
506147
505342
506287
506387
506428
505900
505837
505281
505412
505851
505876
506312
505735
505649
505548
505068
506251
506310
505226
506312
505684
506587
506218
505932
504659
505683
506766
505695
505342
506270
506061
504375
505794
505568
505832
506102
506577
505474
505041
506487
505231
505485
506092
506089
506437
506385
506474
505180
505978
505544
506123
505434
506542
505794
505661
505935
505930
506583
505191
505798
505704
505905
506106
505974
505144
505276
505822
505930
506255
505544
506390
506857
505732
505724
506199
505907
505298
505109
505903
505529
505740
506437
506306
505929
506022
506343
505747
505805
505219
505423
506465
505163
505551
505682
506260
505571
506458
505671
506309
505783
505550
505384
505342
506085
505638
505885
504963
506336
505545
505945
505923
506193
506613
505756
505577
506243
505653
504820
505994
506725
505438
506361
505697
505901
505983
505688
506448
