596478
596629
596441
595434
596402
595678
597281
595885
596643
596225
596541
596267
595956
596136
596263
595794
596176
594966
595658
596546
595807
595881
596498
596105
594863
595825
596616
595064
595652
595713
594999
595824
595354
596577
595916
595281
596338
594963
595545
596456
596573
595442
596733
595320
595779
595690
595726
595346
595525
596497
595713
595791
595610
596405
596143
595631
596338
596215
595268
595863
595392
597316
595318
595933
595111
596279
595978
595757
596094
596156
595564
595112
596505
595550
596313
595283
595818
596544
596187
596447
595782
596366
595845
595902
596717
595000
595210
595772
595937
595187
596764
595900
596553
595358
596413
594727
595615
595335
595775
595475
595403
595765
596189
596133
595335
596211
595298
595760
596757
596279
594804
596294
596110
594388
594974
597111
596160
596033
595728
595248
595518
596193
596068
596035
595707
596125
595970
595554
595625
596435
595583
595903
595685
595797
596257
596257
595236
596104
596841
596352
596897
596235
596204
596083
595754
594661
595475
596540
595782
596088
595658
595863
595302
595760
595580
596769
595222
595954
595034
596266
595561
596031
596176
595769
597298
596410
596490
596046
595747
595828
596679
596465
595585
595697
596782
595536
596369
595429
595557
595070
595560
596088
596374
595910
595703
596048
595573
595100
596025
595915
595883
596316
596192
596808
596180
596061
595387
595325
596282
595079
595784
595796
596012
596390
596459
595077
596142
595657
595706
596559
596659
595714
596205
595394
595530
595318
595460
595614
596154
595711
595871
596039
595557
596380
596046
595291
595623
595771
596181
595416
595651
595497
595411
595673
595410
596354
596039
596383
595765
596326
597191
595571
595932
594743
595628
596101
595238
595983
596248
595853
597058
596314
596016
595590
595577
595944
596441
595761
595446
596364
596036
595887
596139
595963
595784
595862
595996
595889
595843
596374
595722
595470
595823
595950
595302
595705
595671
595732
595583
596259
595655
596006
596356
595159
596969
595805
596438
596288
595168
595065
595591
595948
595863
595706
595803
596144
595752
596342
595434
595887
596003
595769
596998
595364
597170
596544
596621
595619
596442
595194
595619
595479
595929
595131
595638
595824
595869
595812
595871
595869
595956
596179
595387
595791
595774
595806
596041
595365
595751
595891
596150
596268
595256
596049
596653
596456
596950
596021
595536
596067
596592
595531
596238
596015
595807
595003
595537
595610
596386
596201
596397
595835
595783
595864
595577
596468
596392
595762
595921
596303
595691
595897
596279
596047
595460
595619
595874
595986
595688
594883
594947
595910
596128
595980
595716
595895
595495
595737
595677
595302
594907
595574
596430
596240
595568
596397
596061
596041
595499
595241
595316
595951
596507
595175
595518
596379
595531
595034
596598
595648
596749
596329
595467
595972
596071
595995
596008
596249
594951
595808
596161
595776
596007
595775
596619
596045
596444
595693
596084
596318
596279
595889
595928
596389
595465
595973
595733
595536
595161
595733
595055
596263
596747
595893
595399
596020
595904
595724
595678
596117
596453
596320
596078
595796
595959
595944
595201
595377
595884
596453
595551
596081
596267
596244
596631
595968
595791
596200
595605
596004
595848
596532
596509
595933
595633
594617
595700
594953
596113
595747
596768
595751
595130
595535
595739
596635
595542
595816
596101
595576
596418
595334
595093
595360
596098
595854
595428
595629
595855
595181
596523
595215
596440
595402
595386
595790
596321
595669
595364
596482
596145
595995
596070
595385
596101
595958
595180
594940
595777
596041
595947
595472
596218
595818
595537
596141
595238
596232
596378
596215
595836
595194
596019
595768
595873
596866
596298
595733
596213
596202
595361
595795
596715
596196
595734
595553
596276
595420
596392
595912
595176
596491
595535
595340
595887
595652
596088
596276
595550
595790
594891
595165
595237
595782
595556
595840
596415
596004
596572
595938
595926
595913
595421
595606
596664
596377
596418
595770
596743
596431
596181
595993
595208
596277
595861
595552
595748
596251
596518
597275
596313
595493
595501
595384
595849
595870
595211
596085
595421
595754
596996
596788
597020
596456
596280
595452
596116
595908
596782
594566
596502
596948
595644
596602
596174
596831
595582
596241
595526
594934
596685
596398
595925
595851
596698
596474
595682
595917
595346
595884
595742
595912
596390
595447
594929
594855
596508
595201
595593
596184
595372
595959
596357
596018
597039
596556
595581
595678
596215
595505
595870
596292
596389
595583
596132
596072
595998
596818
595964
595300
595393
595421
595501
595483
595855
596219
595106
595804
596168
595813
596298
595717
596698
596228
596264
595778
595362
595738
595179
596219
596380
596146
596719
596878
596603
595094
596082
595538
595292
595891
595947
596740
595728
596196
595813
595499
596429
596735
596674
596047
595541
595767
596505
595773
595762
595329
596515
595524
595747
596175
595652
595661
596015
595898
595825
596625
595681
595919
595532
596031
595191
596206
596426
596423
596492
595342
596854
595765
595614
595949
595604
595455
595250
596329
596068
595615
595524
596203
596537
595364
595745
595302
595771
596141
596051
596258
595982
596377
596689
596175
596128
595486
596417
595180
595989
595860
595980
595923
596442
596001
595889
596007
594810
595295
595307
594945
595297
595379
595408
595819
596883
595778
596019
596240
595582
595882
595657
595883
595622
595957
596103
596188
596034
595553
596380
595754
596176
595850
595696
595715
596311
595173
595230
595972
595457
595687
596702
596987
595692
595971
596110
595783
594883
596508
595409
596472
596767
595403
596193
596474
596536
596228
596485
595504
595585
596706
596119
596421
596183
596330
595843
596015
595824
596897
596301
595813
596422
594580
595736
595497
595995
596666
596431
596647
596269
596865
595344
596510
596786
595633
595201
596047
595881
596103
595642
595887
595918
595290
596408
597262
595446
594651
596024
595536
595509
595779
595992
595793
597775
595380
596145
596228
596205
595982
596208
596547
596067
596608
595381
595690
595665
595847
596677
596127
596645
596778
595831
595958
595533
596700
596433
596257
596174
595638
595360
596660
596288
595802
595686
596380
596362
595292
595997
597225
596063
595256
595575
596251
596345
596634
596717
596417
596492
595049
594400
596208
595332
595876
595805
595208
596411
596717
595306
595274
595569
595824
595674
595977
595506
596351
595897
596364
595805
594872
595436
595595
596157
596207
595937
595367
596152
596237
596446
596633
596020
596496
595861
596723
596442
595999
595768
595487
595610
596198
596599
595920
595179
596126
596235
595469
595611
595493
596147
595302
597314
595924
595371
595548
595496
595464
594806
596156
596778
595768
596880
595922
595552
596564
595543
596144
595862
595843
596184
595160
595267
596058
595729
595895
595451
595640
595643
595673
595437
595634
595954
595504
596218
595109
596725
596351
595818
595342
596526
596719
595763
596783
595649
596594
596124
595705
596402
595970
595824
595576
595984
596079
595839
596863
594978
595323
