906427
907126
906337
906333
906444
906563
907043
906867
906691
906326
906411
906155
906979
906264
907108
906805
906083
906757
906430
906667
906588
906599
906479
906862
906360
906585
907139
906359
906128
906344
906657
906309
906260
906293
906559
906437
906327
906608
906359
906273
906310
906532
906991
906556
906583
906420
906636
906908
906331
905958
906201
906492
906757
906723
906142
906436
906353
906018
906160
906051
906894
906117
906885
906632
906413
906275
906618
906557
906374
906652
906370
906353
907106
906343
906321
906627
906723
906582
906225
906595
906293
906529
906313
906871
906614
906458
906557
906737
906807
906825
906873
906585
906977
906543
906626
906652
906903
906314
906620
906888
906637
906230
906633
907263
906422
906466
906523
906502
905907
906969
906254
906448
906391
906814
906035
906639
906225
906219
906955
906556
906069
906269
906304
906319
906890
906119
905975
906819
906465
907157
906664
906343
906161
906770
906542
906796
906368
906729
906462
906735
906649
906322
906663
906224
906810
906906
907034
906579
906649
906441
906169
906508
906760
906350
906567
906582
906494
906294
906021
905961
907104
906377
906200
906423
906565
905962
906504
906444
906512
906313
906770
906627
906281
906697
906315
906473
906630
906450
906668
906510
906778
906549
906842
906135
906806
906935
906108
906407
905945
906870
906755
906907
906184
906614
906518
906777
905780
906557
906724
906587
906533
905956
906668
906293
906414
906571
906974
906198
906826
906702
906573
906774
906505
906509
906883
906295
906611
906386
906555
906690
906211
906487
906381
906142
906108
906082
906761
906347
906607
906777
906359
906727
906736
906747
906847
906265
906142
906529
906057
906465
906483
906898
906496
906953
906287
906041
906266
906618
906744
906608
906575
906437
906922
906634
906633
906368
906461
906386
906224
906105
906356
906556
906652
906418
906939
906786
906368
906596
906307
906704
906436
906749
906568
906671
906435
905729
906055
906413
906736
906253
906413
906208
907177
906401
906335
906506
905939
906912
906317
906388
906633
906478
906558
906280
907190
906700
906225
905921
906498
906126
906630
906296
906754
906646
906286
906588
906593
906036
906322
906375
906648
906452
906977
905968
906445
906616
906321
906766
906647
906674
906575
906321
906122
906904
906718
907036
906812
906459
906243
906704
905990
906594
906796
907085
906215
905912
906820
906327
905804
906912
906366
906229
906800
906542
906540
906731
906934
906322
906498
906565
906347
906262
906784
906705
906694
906387
906373
906250
906814
907087
906829
906224
906931
906797
907239
906816
906211
906257
906415
906623
906530
906485
906594
906235
906556
906670
906636
906474
906502
906318
906411
906683
906317
906509
906468
906125
906491
906358
906436
906872
906540
906416
906427
906551
906816
906687
906385
906210
906319
906212
906345
906644
906705
906860
907017
906355
906458
906411
906449
906604
906864
906560
906803
906473
906057
906755
906920
906732
906664
906578
906622
906504
906757
906927
906351
906579
906919
906946
906775
906945
906900
906551
906301
906526
906511
906308
906320
906235
906565
906276
906704
906302
906376
907071
906457
906566
906857
905941
906713
906288
906674
906644
906785
906782
906304
906181
906194
906399
906660
906558
906654
906495
906626
906504
906543
906635
906301
906273
906807
906533
905996
906190
906648
906431
906158
906578
906512
905972
906549
906815
906708
906208
906857
906245
906568
906808
906447
906505
907022
906635
906884
906329
906240
906247
906538
906667
906857
906285
907109
906360
906922
906565
906407
906682
906491
906706
906239
906575
906365
906773
906627
906029
906715
906746
906957
906253
906330
906601
906541
906428
906502
906472
906372
906636
906440
906728
906590
906000
906409
906196
907274
906554
906768
906971
906390
906777
906516
906330
906880
906382
906685
906538
906616
906684
906458
906536
906281
906548
906333
906418
907044
906596
906202
906151
906935
906321
906581
906811
906753
906505
906472
906595
906380
906299
906244
906514
906323
906335
906355
906817
906130
906311
907264
906282
906590
906338
905984
906394
906344
906184
906725
906992
906231
906714
906681
906239
907137
906306
906800
906700
906599
906669
907022
906393
905834
906514
906903
907164
906628
906366
906896
906330
906182
906291
906912
907007
906556
906740
906639
906555
906442
906632
906649
906301
906445
906511
906684
906167
906426
906846
906841
906698
906504
906592
906229
906587
907055
906541
906259
907112
906969
906633
906661
906769
906487
906875
906079
906934
906750
906653
906246
905910
906761
906421
906167
906629
906506
906788
906684
906611
906604
905745
906271
907109
906259
906476
907046
906691
906559
906338
906464
906113
906853
905989
906765
906403
906695
906592
906590
906166
906254
906494
906182
906239
906123
906375
906627
906465
906763
906659
906578
906312
906447
906812
906057
906913
906866
906668
907051
906520
906227
906678
906481
906703
906420
906255
906674
906240
906599
907002
906843
906551
906620
906501
906412
906747
906803
907082
906609
907013
906559
906955
906765
906549
906962
906179
906348
906625
906916
906429
906668
906281
906723
906506
906466
906822
906875
906967
906192
906657
906598
906511
906605
906362
906296
906247
906467
906965
906091
906872
906237
905929
906945
906635
906740
906323
906834
906749
906743
906489
906381
906377
906250
906316
906282
906237
906827
906398
906330
906251
906697
905953
907052
906592
906592
906705
906710
906417
906560
906777
906344
907061
906431
906094
906590
906730
906225
905972
906446
907387
906485
906892
906303
906707
906283
906841
906414
906719
906519
906497
906510
906251
907225
906518
907052
906558
906778
906615
906388
906604
906661
906241
906752
906349
906775
906642
906735
906867
907278
906315
906547
906925
907593
906821
906101
906591
906730
906754
906405
906576
906563
906597
906397
906337
907118
906853
906034
906651
906332
906840
906964
906586
906459
906394
906518
906752
906482
905833
906629
906755
906859
906388
906550
906117
906972
906637
906565
906566
906592
906448
906706
906840
906496
906509
906548
906266
906487
906624
906451
906453
906773
906618
907024
906408
906716
906380
907276
906549
906640
906833
906542
906415
907208
906831
905968
907038
906315
906904
906050
906458
906609
906319
906395
906179
906515
906562
906899
906976
906062
906746
906505
906574
906694
906768
906646
906208
906931
906429
906271
906597
907062
906008
906550
906698
906791
906766
906517
906493
906175
907003
906962
906819
906476
906312
906913
906731
906172
906708
906962
906904
906486
906100
906501
906526
907002
907054
906555
906425
906257
906303
906066
906801
906388
906570
906145
906590
906730
906274
906388
906239
905959
906905
906387
906697
906589
907080
906704
906494
905571
906670
906116
906067
907067
906855
906431
906857
905992
906463
906196
906065
906458
906592
906090
906804
906740
906223
906348
906751
906083
906771
906392
906448
906197
906476
905867
906677
906775
906399
906094
906510
906798
906075
906804
906787
906470
906705
906282
906645
907061
906484
906338
906341
906544
906306
906487
906530
906430
906883
906377
906520
