800647
800751
799801
800718
801491
800567
800323
800375
801231
801311
800244
800074
800286
800398
800924
800363
800874
800471
801072
800100
801083
801155
800591
800924
801663
801345
800964
800791
801112
801301
800343
801062
800076
800933
800813
800838
800428
800795
801190
800992
800861
800717
801155
800728
799627
801446
801425
800408
800148
800850
800601
800813
800736
801190
800879
801077
800069
800622
801035
800793
801168
801797
800720
801170
801375
800650
800600
800681
800277
800218
800518
801369
801038
801054
801018
800883
800510
800892
800649
801083
800289
801079
799959
800680
801144
801678
799708
800880
800929
801378
800576
800312
801535
801249
801840
801393
801044
800010
800817
800778
800636
800154
800948
800758
800214
800029
801070
800669
800632
800785
800684
800219
800719
800695
800835
800575
800143
800795
800876
800166
801044
800274
800773
800805
800457
800776
800985
800496
800966
800833
800550
800943
801226
800908
801242
800488
800542
801424
801164
800054
801386
800231
800130
800972
800863
801907
800887
800369
800046
801167
800227
801054
800788
801367
801282
801355
800575
800564
801587
801075
800394
800573
799981
800903
800575
800812
800699
800389
800835
800134
801239
800468
800275
800942
800706
800890
800650
801580
800983
800788
801626
800970
800502
800640
800782
800962
800995
800628
800527
801033
801094
800307
801104
800639
800724
801151
801390
801368
800513
800761
800630
800504
800111
801076
801508
801349
800337
800531
800569
800758
800377
801099
800931
800937
800233
800767
800670
800679
800364
801585
800661
800693
800053
800908
801229
800521
800767
801234
800211
800894
801127
800615
800383
800823
801221
800713
801323
801012
800540
800835
801189
800483
801047
801209
800643
801073
801071
801146
800802
800872
800547
800755
800488
800679
800876
801132
800533
800652
801248
800639
800450
800651
800890
801062
800090
800815
800834
800547
800805
800871
800535
800726
800260
801227
801401
801321
800313
800697
800708
801039
800471
801061
800453
800330
800154
800132
800917
800645
801198
801031
800766
801499
801690
800208
801091
800340
801345
801131
800841
800532
801026
800580
801340
800278
800728
800259
800487
801458
801142
801359
801747
800788
800264
800809
800599
800642
800723
801334
800498
800510
799838
801077
800768
800537
800295
800434
800764
800545
800990
801407
800740
800670
800998
800637
801033
801052
800463
800324
800549
800806
800792
801440
800424
800666
800441
800751
801445
801532
800470
801131
801496
800560
800438
801326
800499
800116
801007
801201
800314
801135
800837
800492
800597
800804
800646
801071
800570
800492
800382
801449
800961
800618
801225
800622
801431
801019
800783
801093
800825
801061
801649
800796
800983
800889
800866
800791
800207
801303
801003
801357
800559
801332
800778
801010
800207
800943
800462
800315
800914
801066
802203
800804
800309
800627
800810
800775
800811
800413
800804
800431
800635
801081
801630
800981
800408
800831
801457
800794
800869
801432
801243
801025
800368
801266
801097
800536
801041
800248
801018
800363
800436
799882
800452
801094
800365
801292
800440
800819
800594
800488
801114
801640
800065
801293
800851
801036
800871
800772
801481
800423
801184
801176
800476
801348
801142
800718
801143
800782
800947
800341
800811
800847
801237
800771
800373
799783
800683
801014
800540
800928
800099
800970
800678
800818
801048
800949
800698
800397
800630
801498
800996
801087
801359
800993
800396
801217
801796
800890
800036
801367
800793
801029
800638
800668
801135
800735
801312
800012
800718
801638
800852
800217
801526
800703
801162
800763
801161
800562
800778
801128
801488
800912
801360
801253
800921
801938
800486
800646
800095
800649
801017
800646
800710
800359
800910
801014
800541
801204
801131
801109
801331
800758
800963
801764
800379
800157
801375
800591
801138
800514
800936
801241
800691
801623
800960
801136
800850
800729
800282
800712
800888
801362
801363
800119
800788
800565
801108
801285
800846
800852
800924
800845
800834
801089
800669
800665
801628
800802
800989
800855
801028
800921
800554
801402
800760
800588
801107
800916
800488
800243
800957
801229
800210
801320
800479
801286
800779
800709
801658
800581
800628
800817
800433
801027
800935
801123
800884
800250
800955
800873
800876
800639
800903
801734
800355
800552
800793
801407
801051
800668
800774
800515
801575
800426
800587
800647
801338
801507
801835
801207
801396
801485
800573
800764
800788
801168
801341
800212
800579
800918
800914
800808
800950
800802
801654
800210
801576
800028
801646
801173
800461
801059
800907
801068
800680
801434
800215
800634
800211
800408
801027
800784
801214
801255
800434
800819
801102
800228
800826
800746
800707
800459
800801
801465
800456
800849
800367
801401
800553
800490
801126
800564
800533
801041
801413
801195
800516
800353
800856
800611
800241
800092
801078
801123
800892
801041
801357
801002
801459
801389
800984
801473
800699
800785
801168
800905
799580
800908
801694
800224
800487
800327
801252
801093
800778
800575
800760
800611
800635
800656
801313
799876
800569
800888
800118
800963
801196
800319
801047
800302
800602
800771
801141
799917
800441
801003
801131
801232
800374
800741
801585
800272
801008
800656
801185
801211
800799
800456
800917
800917
800230
801821
801135
800364
800830
801271
800862
800399
801037
801034
800968
800925
801015
801126
800878
801476
801894
801104
800674
801148
800681
800519
800721
801152
800894
800682
800531
800357
800392
800272
799810
801170
800255
800492
800701
800846
801112
801070
801114
801367
800511
800538
800848
801006
801675
801802
800252
800426
800377
800612
800962
800948
801207
801699
801038
800463
800248
800686
800695
801255
800710
800922
800038
800885
800935
800403
801107
801553
800567
800664
801312
801514
800387
801520
800021
801333
800588
800415
800696
800875
801222
801345
800755
800550
800828
800924
801354
800575
801351
800916
801280
801089
800567
801012
800494
801196
800500
800537
800714
800552
800334
800690
801083
800594
800767
800160
801250
799925
801063
800222
800782
800780
800719
800527
800951
801008
800390
801260
800991
800950
801023
801053
800820
800942
801047
800634
800126
801656
801011
800665
801029
800204
800281
801042
800752
800817
800489
801230
800518
800390
801500
800060
800603
801470
800473
800830
801138
800868
800461
800547
801335
800089
801053
801130
801424
801041
801196
800142
800757
800328
801051
801183
800238
801405
800577
800826
801273
801089
801092
801065
800916
800463
800296
800961
801041
801233
800520
801398
800362
800174
800525
800764
800847
801021
800919
801035
800872
801346
800735
800481
801014
800763
800984
800858
801110
800834
800838
800823
801139
800813
801034
800542
800871
800152
800109
800834
800037
801563
800930
800372
800865
800709
800840
800805
800935
801540
800318
800558
801047
800336
800443
800737
801306
800626
801044
801140
801185
801186
801059
800991
801218
799957
800979
800977
800945
800849
800685
800757
801323
800322
800426
800805
800222
800589
800119
800355
801027
800578
801172
800860
801318
800907
800894
801324
801657
800871
801338
800771
800778
800705
