385560
384995
384931
385414
384433
385151
384726
385511
385715
385297
385075
384361
385208
385745
385124
385015
385129
384724
384673
385721
385203
385284
385945
385204
385857
384910
385188
385419
384584
385295
384905
386208
385434
385564
384886
385426
385316
384814
385112
384849
385125
384900
385442
385073
384979
384671
384153
384377
385659
385350
385039
385072
384207
384446
384438
384858
385183
385024
385227
385354
385092
384825
384805
385184
385374
385700
385850
385501
384645
384935
385098
385026
385460
385263
385169
385131
384598
385212
385015
385443
385497
385333
385510
384722
384792
384995
386239
384975
385156
385358
384066
385717
384945
385651
385292
385893
385425
385796
384592
385385
385498
385778
385430
385047
384857
385524
384579
385488
384181
384901
385940
385652
384560
384739
385984
385917
385471
385107
385120
385119
384234
385194
385922
384846
385427
385062
384165
385316
385200
385181
384875
385304
385099
385077
384607
384309
385261
385356
384819
384684
385405
385852
385217
385025
385950
385203
386249
385504
385503
385288
385848
385311
385342
384361
386530
385826
384990
384805
385557
386019
384918
384267
385811
385262
385251
384429
385294
384422
385486
385220
383560
385468
385050
385077
384326
385583
385447
385112
384584
385621
385125
385280
385657
385894
385145
385181
385070
385016
385143
385314
385725
385149
385280
385411
384519
384758
385229
385821
385150
385015
385096
384443
385227
384896
385970
385428
384930
384450
385405
384957
384559
385616
385868
384969
384499
384930
385720
384941
384717
386356
385289
385188
384968
385134
385125
385388
384412
385009
385030
385267
385062
384605
385250
385285
385544
385151
384428
385239
384978
385483
384616
384721
386215
384873
385674
385279
385055
386016
384607
385556
385350
384226
385604
385153
385208
385672
384352
385817
385703
384872
385630
385010
384831
385273
384512
384698
384992
384907
385159
385616
385693
385528
386531
385349
385577
385453
384916
385792
385375
385229
385223
385172
384704
385765
384961
384872
385801
384565
385303
385617
384960
384518
385744
385294
384621
384419
385983
385568
385082
385273
385147
385802
384619
384398
385688
385015
384782
384981
384614
384550
384951
385433
385620
384933
384777
385411
385187
384500
384906
386141
384896
385466
385585
385480
385508
385629
385636
384468
385572
385157
385785
384539
385434
385270
385419
385427
385263
384202
384803
384842
384967
385094
385417
385035
385017
384739
385187
384763
384686
385310
385125
384744
384066
384528
385130
385446
385051
385368
385039
384717
385061
384967
385125
385341
384470
384653
385534
384580
385665
383855
384424
384718
384743
384954
385573
385010
384127
385148
384946
384443
384807
384723
385094
385462
385230
385266
383910
384386
384831
385626
384882
385434
384780
384527
384581
385461
385165
384532
384649
384576
385332
384580
384876
384973
385195
385792
385251
385515
384615
385898
384739
384759
384548
385447
384903
384913
385399
383992
385251
385574
384568
384755
386069
385191
385730
384356
386016
384680
385645
385195
385259
384570
384795
384189
385161
385436
385374
385911
385396
385465
385006
385635
384887
384601
384739
385516
384602
385064
385518
385582
385557
385376
385677
385061
385565
385919
384660
384806
384839
385221
386209
384864
385367
384145
384807
384246
386035
385701
385084
385095
385065
385801
384632
386090
384902
385087
384747
385419
385144
384780
385490
384963
384957
385091
384475
384738
385533
385377
384457
385724
385893
384939
385469
385263
385941
385054
386138
385034
385750
385691
384802
385048
384563
384938
384983
385843
385065
384825
385277
384785
384833
385685
385318
385495
384713
386330
385963
385531
384978
385937
385249
385699
384320
384934
384983
384559
384382
384802
385156
385292
384786
385465
385113
385446
384650
385602
385525
385100
384841
385601
384815
385534
384431
384718
384945
384828
384596
385056
385246
384997
384721
384458
384265
383873
385347
384785
384581
385056
384172
384423
385496
385558
384584
385353
384994
385033
385762
385001
384378
385504
385285
385312
386374
385046
384590
385060
385192
385314
385734
385073
385263
385083
384790
385656
384887
385556
385159
384734
385128
385454
385361
385288
385059
384687
384915
385193
385177
384691
384942
385134
385930
384925
385913
385611
385232
384896
384817
384531
385035
385288
385329
385820
385127
385164
384866
385393
385043
385054
385350
384791
384648
385237
384898
385110
385191
384675
385681
384652
385903
385348
385005
384619
384702
385217
385353
385322
385254
385332
385039
384812
385132
384862
385319
384739
384499
385406
385196
385580
384779
386093
384741
384304
384949
384970
384854
384043
384657
385545
384551
385072
385584
385385
384646
384118
384966
385396
385175
384008
384237
385206
384768
384736
384747
383920
384631
384077
384647
384208
385002
385745
385122
385111
385124
385504
385532
384683
385780
384968
385173
385762
384780
385130
384811
385084
385928
385823
385237
385052
384928
385340
385600
385224
385551
385931
384274
383818
384754
385477
385228
385172
384590
385017
384635
385219
385373
385602
385647
385211
385365
385237
384620
385973
384873
384796
385301
385241
385045
385627
384689
385176
385315
385711
385189
384682
385381
385446
385086
385801
385524
385295
385891
384745
385285
385530
385467
385309
384896
384335
384732
385310
385164
384643
385065
384438
384894
384739
384588
385657
385853
385227
384673
384852
384909
385898
385829
385719
384861
386151
385953
385162
385005
384710
385011
385055
385023
385845
385636
385683
384960
384446
385817
385001
385560
384823
386103
385939
385481
385275
384883
384324
385300
386641
385701
384455
385492
384857
384048
385168
385645
384338
385531
384731
384944
384644
385502
385671
385434
384750
384436
385329
385204
385627
384795
384737
384422
385310
385922
385241
384952
384264
385062
385975
386001
386126
385662
385698
385507
385689
384247
384868
385136
385034
384252
384961
384572
384592
384883
385047
384881
385004
384909
384288
385226
385198
385247
385600
384565
385937
385413
385266
385293
384200
385542
384912
385428
384957
385464
385103
384916
384522
385659
384401
385844
385027
385649
385139
384539
385141
385262
385400
384892
385608
385553
385662
385189
385233
384752
384962
384763
386493
385006
384576
384810
386118
385213
385790
385162
384966
383983
384381
385421
384984
384285
385139
385313
384636
385110
385135
384762
384577
385358
384728
385588
385732
384733
384935
384965
384824
384341
385190
385557
385554
384050
385348
385836
384749
385113
385066
385805
384503
384953
384167
385466
384820
385523
385300
385168
385443
385505
385805
385243
384979
385556
384770
385269
385270
385189
385893
384856
384985
384466
384869
385239
385095
385902
384290
384764
385800
384409
384860
385407
385113
385937
384773
385116
385182
385824
385833
385341
385733
385699
385064
384778
384835
385297
385477
384593
385057
385012
385125
384601
385625
385345
385944
384635
385236
385079
385196
385221
386388
384383
384722
385411
384730
385914
385234
384306
385465
384946
385392
384625
384176
385874
384571
385157
385732
384922
385319
384372
384802
