443233
444175
444602
443726
444249
442861
444890
444439
444608
444523
443887
444774
443554
443978
443982
442741
444090
443048
443525
443478
443348
443942
443837
444133
444752
442732
443558
443947
443192
444210
443698
444241
443780
444383
443453
444903
443879
443749
444910
444082
443732
443807
443513
443997
443107
443204
443075
444262
443099
442863
443448
443642
443685
444170
442702
443715
444166
444852
443992
443404
443542
443711
443377
443314
443679
443273
444939
444344
443229
444189
444273
443985
443932
444579
443181
444470
444250
443724
443607
443794
443933
444131
444200
444388
445306
444555
443300
443542
443377
443415
443027
443976
444028
443765
443669
443671
443563
443989
444914
444195
444180
444295
444421
444114
443462
442912
445609
442883
443211
443604
443793
442667
443928
444302
444377
443715
444013
444004
445255
443896
443583
444122
443448
444388
443374
444055
443156
444526
444142
444470
444088
443191
444327
443767
443643
444442
444012
444202
443935
444664
444208
444027
444061
443499
444349
443344
443774
444180
443309
444343
443570
444349
443855
444059
444217
443633
443824
443906
443295
443558
444358
443156
444464
443995
443648
443637
443541
443728
443910
444716
443837
443065
444354
443908
443746
443272
444452
444202
443551
443921
443918
443518
443807
444597
443256
443454
443554
444018
443545
443414
444014
443954
443314
443882
443708
443312
443064
444557
444235
443749
444017
444655
443302
444066
442222
443471
443270
443898
444016
443721
443720
443998
443151
443149
443425
443662
443701
443488
444344
443814
443182
444433
444121
444701
443383
444740
443644
445005
443844
443561
443815
443879
443525
444282
444495
443355
444516
444126
444008
443221
443500
443889
443686
443948
443686
443782
444189
443988
444272
444238
443939
443837
444067
444081
443978
443605
443684
443647
443940
444043
443966
444449
444471
444346
444643
443983
443753
444469
444292
444680
443999
444518
442677
444023
443161
443857
444013
443677
443938
443620
444086
443926
444918
444032
444275
443370
444031
443253
444543
444185
444194
443967
444342
443972
443825
443944
443854
444036
443915
444120
444141
444245
443364
444766
443815
442995
444063
444704
444457
444068
444223
444614
443137
443957
444480
444370
443582
443458
444241
444425
443648
443642
444428
443142
444008
443997
443880
444646
443618
443915
443770
444270
443593
444718
443523
444849
443753
443957
444092
444116
443791
444431
444620
444252
444935
444136
443812
443895
444480
445111
444181
444340
444124
443800
444007
444069
444507
443776
443807
443947
443017
444392
444153
444628
444674
442581
443334
443978
444202
443799
444588
443760
443457
443699
443252
444592
443661
444660
444159
444029
443009
444615
443535
444239
443909
444349
443698
444215
443405
442870
444321
444544
443909
443285
443216
444128
443661
444417
443781
443256
443934
443896
443670
443113
444436
443792
443572
443768
443811
443055
443560
443697
444591
443316
444012
444648
443599
443949
444088
444208
444207
444672
443553
443245
444745
443953
445203
443771
443766
444381
443640
444297
443404
444155
444086
444029
443446
444374
444203
444377
444485
442830
443346
443775
443757
443513
443034
444076
444100
443637
444499
443207
444018
443255
444047
443621
444080
443357
443923
443103
444860
443750
444498
444025
444158
443546
443209
444006
443838
444147
443770
443296
443424
444710
443396
443429
444537
443151
444726
443572
443299
444008
444240
443099
444235
444239
444376
443609
444140
443866
444123
443523
443519
443590
443771
443362
443856
443769
443704
443711
443480
443173
443937
443452
444010
443921
443000
444005
443472
443864
444071
444621
443706
442913
444104
443952
443480
444569
443872
443203
444034
444220
445242
443112
442969
444005
443249
444474
444315
443260
444272
443681
443507
443378
443781
443709
443523
442554
444263
444020
444138
443137
444354
443444
444539
443442
444506
443954
443641
444415
444499
443874
444203
444008
443658
444993
444183
443985
443615
443481
443841
443752
443565
444048
443528
444013
443578
442990
442980
443812
444296
443945
444512
444049
443912
444120
444344
443303
443706
443077
443343
443944
443931
444537
443327
443698
443521
443836
443064
443692
443088
443602
443775
443533
444028
444248
443819
443770
443616
443977
443548
444181
444578
444628
443917
443890
443639
443642
443357
443260
443805
444930
444407
443651
444148
443745
443936
444294
443767
443388
443439
444371
444131
444425
444083
444352
444756
443508
444046
444114
444597
443302
443663
444272
444615
444370
443999
443458
443407
444240
444156
443768
444792
443408
443570
444027
443614
443556
444192
443120
443815
443048
443593
443691
444288
443768
444034
443645
443369
443225
443755
443294
443838
443851
444983
444300
444009
443501
443831
442919
444075
444066
443930
443692
444193
443140
443669
442868
444269
444338
443507
443510
443578
443717
443933
444447
445117
444263
443801
443168
444137
443692
443826
443390
443644
444391
444024
443845
444428
443223
443567
443271
443112
443172
444094
443423
442521
443222
443625
445091
444568
443543
443258
443716
443835
443782
443696
444116
443907
444135
444255
444781
443673
443652
444496
443797
444301
443660
443913
444612
443379
444471
443709
444259
443587
444039
443319
444394
442912
444203
444234
445096
443327
443558
444589
443593
443950
444838
444548
443174
444623
443505
443483
443866
444003
443408
443715
444226
443888
443713
443938
443801
444778
444649
443774
443999
443642
443536
444108
444312
444047
445132
444030
443948
443389
443671
443541
444722
443562
443436
444217
443862
444191
444189
443912
444479
443506
443994
443955
443570
443747
443535
444296
443916
443404
443244
444066
443883
443237
444775
443618
442142
443780
443666
443738
443858
443556
444005
444152
444185
444055
443354
444247
443587
443807
443699
444428
444276
444100
444273
444198
444091
444934
442641
443804
443724
443024
444212
443927
443615
443684
443845
443235
442984
443549
444255
443137
444185
444077
443461
442966
445404
444360
444230
444143
443610
443977
443981
443295
444550
444304
443509
443724
444284
442816
443122
443939
443940
444527
443895
444531
443850
442806
443983
443270
443875
443702
443214
444742
444435
444481
442983
443952
443343
444450
443756
444601
444232
443960
443772
443980
443121
443241
444152
444107
444039
443159
444551
444159
444030
444386
443596
443376
444412
443913
443697
444065
443573
444496
444817
444349
443698
443547
442947
443737
444889
443403
443562
443851
444414
444698
443821
442989
444184
443136
443762
444187
442398
443723
444748
444271
444587
444468
444046
443108
443590
444887
444067
443700
443370
443742
443993
443686
444655
444129
444406
443983
443965
443586
444023
442652
443685
443397
443657
444857
443561
444153
443753
443723
443871
442881
443872
443864
443839
445050
443975
443814
442840
443149
445247
443306
443110
443630
443772
442731
443563
443435
443330
444124
443824
443499
443925
443482
443890
444175
443623
443942
444074
444247
444479
444293
444705
444220
444020
443443
443880
443759
444471
443656
443480
443225
443732
444868
444256
443787
443678
443139
443569
444076
444800
