614653
615001
614540
616177
615241
615209
615282
614923
615028
614053
614398
613812
615692
615152
614488
614469
615540
615037
615489
614168
614901
615058
614476
615296
614662
614277
614796
613872
614938
615259
615080
615350
614692
614321
615518
614398
615156
615423
614371
615181
614139
613827
614155
614210
615559
615004
615056
614141
614065
614706
612866
615408
614329
615029
614702
615034
615213
614818
614869
615160
614831
615113
614819
614671
613945
613972
615167
615146
614798
614651
614643
614989
614498
614642
614378
615063
614518
615188
614558
615306
614491
614854
614577
614807
615832
614486
614034
614512
615324
615642
614777
615554
615332
614316
615260
615112
615368
615672
615281
614775
614687
614874
614236
614940
614935
615445
614856
614514
615305
615204
615017
615102
615218
615093
614678
614468
614551
614552
614903
615354
614188
614987
614725
614514
614852
614262
615096
615893
614738
614534
615079
615153
614952
614625
614752
615123
615571
615654
615486
615075
614823
614862
615236
614491
615342
615333
615089
615881
614615
614921
614684
615027
614263
614501
614981
615652
615282
615223
615149
614731
614944
615056
615674
615083
615237
614272
615036
614460
614982
615060
613948
615152
614126
614831
615271
614519
615478
614954
615194
613900
614888
614543
614742
614931
614266
615887
615410
615422
614577
615497
615088
615783
614589
615473
614277
615246
615213
615091
614431
614089
614796
614717
615684
615481
614345
614858
614716
614231
614793
614441
614195
615234
614924
614197
614483
614175
614976
614113
615153
615058
614706
614503
614907
615262
615091
615350
614399
614369
615168
615240
614650
615155
614909
614673
615020
614762
614753
615755
614574
616187
615020
614642
614936
614723
615117
615573
614328
615268
614577
614745
615935
615644
615083
615226
614084
614640
615661
614512
614409
615570
615328
614144
614623
613911
614333
615376
615113
614440
614945
614800
615163
615065
615220
614788
614236
614190
615478
614370
615334
614372
614229
614169
614246
615504
614053
615232
614775
614723
615527
614727
614507
614584
614774
615235
614886
614678
614600
615310
614556
614102
615097
615267
614562
615376
615127
616003
614691
614499
615194
614718
615506
615824
615438
614277
615291
615075
615414
615265
614595
615287
614773
615636
615222
614091
615008
615553
615563
614832
614847
614694
615123
614538
614672
614724
615055
614674
615518
614307
615218
615293
614478
614993
614212
615339
614966
614793
615659
615633
614981
614363
614902
614842
615264
616238
614923
614815
615074
615038
614678
614065
614761
614453
614303
614257
614314
614341
615467
614584
615568
614132
614606
614253
614618
614922
613987
614895
614793
614803
614546
614772
614875
614858
614909
614580
615306
614627
614446
614494
614729
615562
615140
615036
614582
614837
615611
614995
614572
614191
615566
614496
614705
614750
614380
614908
614161
614267
614999
615036
615125
614405
614888
614958
614886
614668
615157
614652
614457
615527
615425
614175
614501
615132
614704
615281
615370
614043
614784
615481
614446
615582
614989
614621
614759
615039
614743
615237
614080
614519
614317
614776
614975
615016
614469
615194
614433
615359
614512
615330
614631
615838
614351
614808
615349
615022
614655
614165
615540
614622
614625
614181
615095
615384
614939
615011
614459
614184
615689
613938
614674
614329
615509
615448
615654
615333
615307
614415
615602
615260
615027
614918
614465
614926
614541
614425
613960
615067
615532
614936
615250
614009
614336
615133
614799
614619
614472
614484
614503
614910
615335
614676
614927
615502
615072
614598
614821
615510
614661
615050
614602
614711
615126
615389
614954
615395
614657
615140
614686
615084
614483
614736
614296
615763
614735
614987
614734
614709
614507
614761
614896
614043
614795
614318
614480
614606
614384
614914
614252
615580
615254
614218
614838
614875
614789
614330
614385
614837
614714
615328
615442
615218
614340
614321
614481
614805
614556
614254
614954
614494
614541
615254
615287
615356
614390
614683
614949
615749
614419
614786
615759
614262
614332
615562
615376
616004
614034
615517
615209
614434
614814
615515
614394
615147
615395
615126
615110
615298
614189
616226
614181
614204
615212
614459
615353
614822
614816
615011
614850
614309
615155
615569
615245
615249
615012
615958
614971
614327
613610
614874
615059
614379
614819
614521
614957
614835
614163
615229
614066
614584
614371
613935
613690
614827
614713
615359
614858
614496
615020
614792
614862
615265
616065
614228
614667
614314
614538
613965
614830
615002
615328
614590
615006
614644
615442
615271
614343
615083
615113
615303
614824
614525
614914
613980
614661
614975
615330
615329
613859
614755
614992
615378
614976
615293
615280
613709
614904
614813
614518
614724
614910
615509
615149
614739
614708
614388
614038
613921
615103
615103
615044
614288
614280
615478
614571
615179
614973
614164
614875
614563
615805
615178
614186
615041
614329
615272
614631
614372
615650
615555
614326
615234
614651
614625
615882
614797
615533
615926
614662
614183
614780
614614
614448
615512
614192
614987
615531
615518
614724
615181
614853
614709
615850
613941
615526
615141
614916
614321
613836
615088
614154
615119
615021
614798
615563
615396
614487
614569
614477
615233
614773
614261
614452
614905
614490
614136
614858
614641
615505
615086
615239
615081
614495
614221
614950
614794
614240
615315
615013
614849
615807
614766
615336
614622
614625
614975
614713
615132
614775
614030
614690
614192
614936
614469
615294
615996
613730
614321
615383
615086
614984
615011
616311
615090
614212
614710
614383
615121
615310
615394
614711
615087
614984
614666
615652
615047
614669
614974
614282
614436
614934
614472
613433
614568
615026
614886
614288
614473
613660
615508
614397
615172
614050
614539
614917
614574
615277
614679
614900
616137
614485
615165
615453
615424
615126
614943
614478
614543
614130
615727
614641
614942
614240
614951
614505
615178
615415
614597
614628
614963
614550
614593
614822
614669
615776
615829
615235
614261
614421
615550
614314
614550
614544
615132
614963
614997
614340
615449
615201
615500
614414
614701
614776
614335
615120
615004
614269
615129
614993
615037
615231
614991
615177
614632
615569
615843
614596
614531
614868
614348
614739
614296
614485
615088
614951
614537
616123
614466
614754
614733
614244
614754
614528
614898
615207
614396
614059
615418
614931
615686
615592
614443
615024
614611
615506
614719
614512
615513
615145
615471
614910
615152
614009
613930
614866
614478
614818
614433
614930
615288
614880
614396
614940
615129
615415
615651
614848
615798
615498
614169
615405
615730
614953
615933
614725
614562
614082
615523
614663
614220
614799
615054
615400
614966
615234
614820
615013
615233
615323
615073
614980
615586
614474
614301
614787
614907
614183
614292
614728
614964
614789
613823
614736
614488
615458
615240
614642
615169
615261
613865
615562
614959
614545
615400
614896
614094
614185
615031
614442
614419
613930
614991
615141
615882
615756
614714
615126
614872
613872
615243
614763
614330
614361
614728
615675
614662
615203
614721
615000
614857
615917
614993
