555989
556424
557299
557012
557271
556440
555671
556675
556016
556330
556564
556605
557297
556308
555148
555202
555990
557630
556196
555806
556700
556110
556290
555583
555664
556830
556629
556638
555947
556108
556439
555970
555329
555748
556259
556069
556524
556629
555346
555754
555701
555438
555490
556353
556190
556920
557464
556235
556416
555815
556469
556808
555473
556529
555521
555345
555213
555232
555737
555542
556226
555091
556719
556784
556426
557187
555797
556828
556001
555895
555371
555718
556767
555708
556253
555338
555789
557020
555947
555630
556042
556248
555898
555959
556521
555494
555629
556552
555821
556318
556889
556408
555969
555860
556380
556132
555932
556176
556869
555162
555536
556723
555746
555784
555824
556382
555317
555574
556092
556871
555350
556242
555798
556216
556213
556115
556371
556718
555373
555863
557163
556527
556037
556372
555789
556613
556184
555967
556287
555906
556293
555683
556240
555642
556000
556657
556701
555749
556188
555823
556188
556306
555825
557095
555515
556179
555997
555735
556544
555432
555237
555861
556941
556418
556491
555949
554475
555672
556452
555408
556627
555915
556003
555560
555851
556488
555838
556145
555956
556148
555727
556208
556480
556558
555754
556585
556445
556346
556236
556474
556272
556239
555904
556533
556776
555618
555521
556194
556921
556177
555091
557251
556014
556037
556016
555822
556409
556460
556373
556725
555644
556954
555904
555412
556645
556062
557142
556302
556268
556743
556738
555744
555791
556430
556881
556008
555654
556148
556343
555685
556163
556181
556256
556304
555479
555685
556084
556482
557014
556040
555730
555494
556749
555388
555309
556203
556229
556135
556184
556509
556360
555972
555219
557081
556648
556065
555904
556179
555847
556763
557182
556141
556348
556949
556128
555265
556100
556387
555484
556211
556217
556659
556207
556216
556720
556763
555665
556504
556041
555618
555938
555182
555812
556038
555504
555997
556773
556458
556091
556414
556915
556141
556625
556008
555594
555486
555987
555756
555631
556228
555620
556080
556171
555595
556533
555615
556495
555552
555900
557174
555081
555712
556339
555878
556215
556478
555879
556206
555970
556758
556168
555162
556927
556038
555854
556616
555266
555470
555192
556392
555926
556480
555963
556258
555439
554869
556034
556160
555991
556062
555426
556459
556126
556352
556232
556242
556336
556547
555328
555895
556018
555952
555922
556347
555802
555979
556746
556479
555397
556612
555814
555563
555816
556148
555772
555937
555925
556034
556162
556181
555838
555704
556104
556506
556244
556001
556244
555335
556647
555303
556651
555696
556212
556053
555809
556307
556026
555741
555577
555700
556008
556104
556436
555843
556883
556188
555971
556002
556734
555243
556071
555941
555847
555936
556224
555581
555544
556290
554985
557010
555834
556600
555642
556016
556878
556193
556319
555987
556280
556365
556061
556890
555755
556528
555966
556325
555733
557057
556035
555504
556286
556063
556762
556341
555566
555595
557266
555227
556106
556366
555601
555545
556133
556459
556134
556285
556460
556076
555898
556978
556290
555513
555690
556712
555476
556763
556397
555202
556497
556101
556494
556433
555399
556085
556138
556595
555444
556396
556380
555763
556078
555565
555521
556021
555995
556712
555712
555372
556105
554930
556252
555143
555830
556303
555866
555955
555554
555582
556684
557180
556087
556398
555784
555868
555295
556417
556147
556135
555688
555309
556249
556376
556491
556215
556274
556167
555963
555825
556316
555838
556022
555414
556422
555753
556259
555106
557385
556467
556321
555675
556203
556614
556838
556541
556506
555792
555698
555907
555109
556439
556643
555549
556288
556373
556272
556538
556622
555773
555658
555619
557346
556111
556319
556436
556020
555880
555506
556720
556600
556048
556397
556026
555900
555866
556142
556313
555609
557223
556827
556351
555927
556235
555533
555784
555771
555714
556319
555929
555674
555851
555031
555869
556526
556129
555675
556681
556540
556726
556285
555755
555654
556333
556337
556629
555316
555846
557519
555400
556455
555762
555396
555787
555536
555773
556230
556381
555794
555462
556313
557006
556402
556010
556028
556009
555975
556001
556521
556266
555399
556271
556825
555899
555950
555980
555911
556258
556313
555683
555275
556912
555704
556117
556172
556107
555672
555998
556012
556380
556483
556345
556046
556722
556063
556546
556418
555856
555622
555575
555320
555807
555795
556768
554976
555934
555507
556591
556099
555404
556105
556378
555859
556900
556155
556126
556944
556695
555800
556708
556520
555423
555652
555695
556170
555938
555652
556079
555627
556127
555833
557006
556624
555644
556775
555993
555395
556649
556620
555466
556299
555908
556060
556274
555915
556508
555100
555928
555550
556063
555589
556605
555846
556481
555580
556118
556637
555989
555262
556426
556036
556067
555884
555721
555655
556428
556877
555733
556742
556209
555938
556643
555842
555791
556359
556375
555564
555723
556709
556162
555585
555740
555132
556518
556492
556545
555665
555579
555620
556146
556606
555803
557122
556067
555954
556037
557080
555568
556131
556260
555477
556102
556098
556047
556158
556158
556663
555856
556455
556784
556592
555848
556472
555950
556005
556638
555059
556307
556660
556737
555665
556328
556287
556268
555495
556138
556853
556571
555949
555109
556659
555543
556390
555671
556205
557092
556293
555255
555007
556933
556267
555683
557209
556046
555300
555706
557016
556178
556163
556951
556012
555681
555947
555718
555679
556399
555965
555798
556479
555557
556588
555973
555390
555837
555597
555679
556435
556247
556510
556317
556853
555460
555351
555918
555740
556521
556591
555436
556318
556111
555919
555566
556350
555706
555865
556776
556088
555484
555854
556641
556106
556432
557064
556454
556772
556027
556632
555404
556533
555715
556061
555704
555759
556216
556246
557220
555176
555639
555665
556688
556991
556660
556577
556221
555981
555811
556422
556247
556691
556495
556391
555843
556791
555257
555893
556538
554979
555780
555667
555156
555384
556375
556195
555372
556365
556823
556498
555581
555983
556769
556922
555932
555122
555654
556165
555744
556619
556361
556402
556475
556571
554726
556522
555425
556735
556956
556069
555803
556746
555888
556195
555154
555403
556415
556504
556671
556257
555893
555482
556705
555695
556303
556148
556601
555756
555855
555513
556112
554978
555457
556087
555896
556536
556456
556162
556496
556618
555545
556482
556409
556658
556267
556323
555493
556361
556838
555069
555946
556690
556028
557007
557024
555875
556337
556426
556132
555831
555848
556037
556085
556774
556786
556191
556396
555878
554885
556691
556355
555235
556151
556825
556072
555829
556153
555006
555933
557301
556319
555275
555708
556605
556182
556478
555654
555752
556472
556275
555561
556134
556237
556822
555632
556363
555954
555739
556019
555227
556339
556113
556050
555439
555747
557023
556459
556362
556513
555816
556590
556018
557226
556017
555877
556523
555499
557144
555549
556058
556662
556090
556706
556356
555328
