400250
400715
400001
400503
399890
400202
400275
399344
400072
399997
400167
400597
399615
399786
400933
400282
400661
400168
400474
400119
399528
400666
399832
400682
401237
400435
400366
399942
400451
400394
400475
399487
399416
399923
399947
399578
400007
399711
399451
399433
400493
399091
399820
401008
399706
399678
399872
400469
399343
400261
399957
400468
399852
400604
400743
399300
400317
400460
399591
400562
400646
400644
400798
400494
399902
400303
401335
400881
399921
399422
400376
400513
400193
400218
401295
400382
399960
400890
400263
399578
399987
400742
400110
400531
400619
400576
400017
400197
399312
399858
399343
400120
400372
400629
400304
400173
399104
399595
400242
399972
399799
401265
400226
400022
400021
401872
400501
400181
400773
399500
400239
400629
400348
400734
400961
400130
401041
400800
399118
400503
401011
400598
400041
400320
399781
401369
399676
400190
400088
400078
400804
399266
400549
401281
400522
399966
400391
399150
400283
399513
399247
401035
400681
400635
400563
400569
399497
399816
399894
399791
400388
400508
400220
399463
400451
400218
399697
400005
399677
400137
400497
400406
399735
400512
400443
399489
400191
399759
400380
400233
400203
400334
399818
400308
400193
400283
399901
400823
400288
400598
400742
399913
399706
399501
399676
400432
400089
400687
400341
399550
400007
399390
399774
399888
400390
400529
399726
399944
399714
400110
400525
399091
399499
400667
400032
400396
399273
400681
400987
400116
399735
400378
400106
400696
400697
399978
401085
400952
399793
401044
399983
400325
399991
399541
400971
399937
400190
400079
399870
400938
400105
400649
399605
400488
400170
400795
400042
399222
400182
400295
398860
400313
399827
400274
400884
399772
401041
399847
400991
399920
400134
400701
399892
399739
399774
399885
399319
399314
399605
400154
400630
400191
399120
399780
400675
400112
401059
399694
400816
400851
399914
399882
400314
400246
399759
400106
400126
399239
401118
400584
400314
399049
400326
400160
399944
399688
400416
400028
400152
400043
400115
400459
400163
400352
400886
400474
400977
400030
400402
399853
400045
399593
400333
400140
399815
400478
399791
401006
400389
399820
400892
399903
399797
399216
400124
399975
400773
400003
400220
399916
400209
399702
400220
400558
398919
400098
399919
400109
400595
400109
400249
399812
400376
399665
400452
400197
400543
399520
401018
400964
400425
399114
400881
400547
400400
400551
399593
399442
400320
400240
400228
399646
401217
399736
399820
399234
400796
400895
400145
400242
399870
399209
400005
400239
399633
399885
400857
399719
399560
400730
399375
400459
400436
399989
400543
400512
401148
400658
400456
400513
399983
399715
400478
400178
399347
400640
400185
399871
400547
400028
400213
400346
400418
400095
400311
400016
400356
400864
401402
399992
399606
401432
400552
401364
400098
400383
399687
400158
399939
399718
401091
400339
399617
400299
401105
399658
399697
400347
399810
400822
399627
400629
399526
399922
399911
399684
401453
400172
399988
399796
400112
400703
400148
400141
400233
399518
400562
400060
400289
401155
400128
400367
400731
400462
399804
400555
400397
400291
399773
400528
400199
400255
400183
400610
400644
400635
400321
399585
399538
399973
400597
400049
400040
399977
400493
400310
399538
400424
400235
399804
399634
399682
400125
399374
399647
399050
399812
400600
399542
398842
400615
399381
400292
400253
400612
401455
400307
400666
401045
399524
400949
400945
400086
399983
399767
399894
400003
399249
401179
399389
399792
400645
399415
400269
399645
400882
400138
400899
399576
400113
401028
399976
399960
400808
399841
398875
400036
399830
400523
399954
400219
400683
400229
400426
400311
399680
400102
399966
400534
400491
400409
400848
400033
399967
400396
400047
400571
400104
399478
400587
399436
399769
400365
400105
399831
401115
400258
400029
400038
399835
399673
400302
400220
399247
399855
400514
401262
399980
399182
400246
399609
400638
400691
400254
400406
400141
400369
399411
400322
400466
399514
401139
400007
400367
399909
400425
400103
400129
400748
399780
400357
400461
400055
399560
400349
400653
399172
399503
400087
400590
399999
399989
400364
399654
400052
400925
401259
400405
400079
399578
399743
400348
399764
400528
400443
400948
399376
400233
400342
399500
400387
399640
400745
399954
400137
399803
400729
399198
400496
399769
400192
399613
398916
400401
400887
399808
400466
399548
399964
400100
400293
400704
399983
400154
400207
400955
400672
400713
400292
400244
400209
400789
400369
399801
400082
398682
399908
399716
400228
400710
399834
399138
400498
399842
400311
399251
400186
400257
400826
400041
399417
400423
399761
400382
400726
400327
399932
400565
399782
399925
400196
399326
400699
400245
400203
400513
400295
400025
399620
400047
400303
400377
399006
399831
399378
399793
400299
400536
400118
400079
400160
399407
399573
399239
400100
400086
400398
399308
400388
400515
399691
400468
400152
399974
399469
400044
400748
400536
399645
400811
400184
400225
400883
399387
400131
400726
399585
400236
399996
400490
400006
400028
400538
400131
400545
399637
399728
400918
400856
399208
400065
399668
400264
400781
400115
400286
400088
400382
400277
399495
399843
399746
400993
400230
399854
400207
400451
399752
400256
399787
399591
399817
401320
399689
399959
399576
400089
400263
399694
399049
400761
400289
400092
400171
400320
400047
399754
400107
400083
399707
400512
400563
400045
400726
399140
399046
399989
399874
400159
400176
400245
399139
399926
399826
399838
399705
400232
399809
399736
400561
399454
400056
400172
399491
399296
399882
400494
399777
400322
400454
400733
400187
399614
400123
400115
399897
399994
399922
399599
400380
400179
400769
399805
399953
399747
399973
401162
399679
399614
399741
400643
400768
401103
400083
399939
400545
400169
400148
400339
400055
399915
399774
400080
399766
400200
400841
399922
400008
399574
400190
400663
399772
400050
399708
400670
399936
400583
399338
400266
399498
399268
399909
399815
400638
399989
400402
400684
400354
400066
400553
400521
399136
400285
400029
400073
399941
399544
399216
399572
400578
400282
399685
399811
399690
401501
400255
399957
399510
399350
400714
400389
399462
399306
399854
399931
400318
400513
400557
399639
400790
400352
400104
400692
399272
399813
399357
399161
399825
400169
399751
399870
400523
399994
399071
399745
399817
400991
401172
399327
400467
400286
400896
400891
399412
399559
399424
400237
399894
400362
399406
400574
399853
399966
399928
399509
400583
400680
399928
400261
399980
400050
400443
400107
399810
399967
400557
400294
400909
400100
400141
399537
400378
400687
399590
400171
400054
400307
400132
399993
399982
400088
399665
398971
399589
400183
400795
401147
400671
399891
400899
400978
400535
400594
400901
399947
400435
399297
400428
399545
399415
400307
399880
400545
400536
400373
400413
401150
400436
400477
400372
400164
399505
400575
399748
399634
400393
400646
399404
399723
399613
399149
400079
399827
399741
398871
399964
399419
400072
400300
399287
