599909
599559
600630
599372
599545
600082
599660
599447
600990
599894
599867
599561
599503
601168
599591
599879
600005
600557
600341
599698
600756
599326
600049
599914
600549
599723
600418
600284
600748
599579
600412
600261
599253
600143
599923
600333
600515
600439
600853
599759
599943
600732
600028
600211
600769
599610
599254
599634
601174
600468
600096
600570
599669
599709
600570
600799
599830
600024
600357
600307
599904
600267
600250
600671
600299
600310
599604
600902
600138
601103
600549
599952
600279
601308
599779
600793
599853
600198
600601
599632
600197
600037
600822
599659
599881
600089
600225
599630
600121
600374
600526
600687
601075
600894
599533
600400
600388
600282
600399
600366
600076
599761
601419
600769
599285
599887
600339
600292
600174
599285
600876
600699
601183
599806
600095
601120
600232
599634
600833
599765
600730
599600
600704
600250
598825
600842
600231
600761
600658
600540
600111
600071
600568
599874
600664
600490
600768
600806
599193
600133
599840
600300
600228
600140
599662
600354
599721
600089
600271
599749
600604
600460
599872
600013
600232
600706
599324
600541
600351
599591
600892
599656
600251
600539
600854
600147
600160
601016
599807
599539
599862
599504
600479
599946
600466
600824
600744
599437
600485
599819
600569
599741
600185
600074
600120
599590
601451
600322
600191
600609
600130
600500
600075
599633
600009
600993
600089
600602
599612
599982
599749
600668
599078
600115
599686
600151
600513
599584
601268
600237
600594
600357
600142
601043
599342
600454
600222
600778
600614
599786
600455
599792
599354
600151
600195
601378
600740
600702
598523
600515
599808
600325
599492
599813
600235
599567
599810
599409
599652
600365
600886
599441
599932
600037
599960
600665
600281
600321
600124
600158
600471
599674
599528
600520
600684
599982
601104
599872
600647
600418
601106
600114
600627
599768
599459
600226
599805
600140
599801
600163
599817
600652
599760
599395
601407
600781
599553
600406
599530
600747
600629
600169
600908
599272
600041
599740
600394
600185
600107
600695
600204
600075
599837
600263
600375
600254
600100
600993
600430
600749
600959
600145
599922
599366
599439
600261
601084
599828
599727
601479
599467
600701
599521
599547
601036
599464
599715
600295
600192
599780
600158
600840
600518
599473
599824
601179
600199
600520
600143
599995
599470
601092
599748
600683
599496
600576
599204
599477
600706
600289
600606
600499
600123
600375
600666
600335
599819
599260
599418
599952
599645
599795
599634
600120
599607
599769
599831
600313
600080
599687
599542
599882
599875
599693
599687
599626
600637
600383
600129
599915
600644
600484
599646
600650
599845
600715
600155
601291
600067
600778
600194
600383
600311
600717
600045
600877
600179
599959
600315
600703
599948
600032
599654
600019
599993
600306
601039
600354
600735
600091
599756
600687
599687
599824
599677
600246
600561
599872
599819
600217
599881
599795
599638
600525
600683
600309
599384
600411
601149
599924
600135
600477
600824
599801
600509
600331
599919
600269
599870
599115
599905
600157
600267
601285
600389
601150
599977
600249
600450
600521
600229
600968
600088
600857
600747
600105
600693
600700
600316
600005
599192
599283
600785
599815
599751
600062
600211
600592
600407
599681
600180
600577
600370
600685
599971
600710
599942
601050
600652
600062
600605
600094
599772
600671
600503
599204
600322
598703
600478
600016
599739
599775
600136
599570
600613
600623
599909
600171
600575
600482
599672
600635
599904
600497
600133
600671
600905
600432
600435
600952
599872
599564
599734
600031
600777
600347
599927
599797
600505
600270
600762
600428
600152
600209
600548
600703
601160
600281
599746
599995
599643
600011
599997
599439
600363
599435
599504
600055
600559
600740
599594
600443
600087
599934
600114
601009
600134
599789
600092
599817
599812
599889
599775
600708
600466
600024
600795
599650
600281
599541
600118
599634
599237
599964
599987
599592
600565
600585
599699
599860
600067
600386
600132
600335
599774
599540
599643
600584
600294
600386
600112
600404
599646
600388
600936
600123
600699
600111
599278
599022
600729
600142
599020
599619
600469
600709
600720
600710
600556
599742
601030
599544
600017
599558
599920
600444
600538
600248
600339
599409
599187
599581
600309
600181
600503
600052
600648
599483
599821
600443
599884
599777
600330
600105
600560
600413
599782
600330
599371
599904
600014
599685
599844
599696
599412
599775
599420
600953
600010
600759
599374
600290
599972
600672
599339
600931
599989
600861
600378
599454
600439
600130
600811
599873
600040
599841
599764
600190
599989
599965
600073
600975
598507
599516
600830
599698
599931
600487
599952
599461
600959
600176
600246
600767
599562
600775
600397
601329
599669
600312
600786
600519
599521
599397
600193
600656
599902
600202
600495
599687
600479
600044
599350
600143
598761
599932
600428
600190
598888
600554
600815
598904
599903
600619
600663
599900
600284
600444
599274
599494
600026
600197
600834
600086
599805
600354
600020
600214
599858
600385
601114
599641
600558
599328
599782
600006
599799
599832
599895
599724
599738
600013
600037
600875
599880
600112
600052
600007
600007
600025
600073
599962
600533
600318
599663
600078
599220
599954
600282
600355
599479
600083
599818
600452
599640
599726
599982
600285
600184
600306
600396
599855
599253
600498
600122
600726
600698
600149
599776
601265
600692
600525
599207
600069
600099
599709
600371
600542
600267
599942
599552
599707
599752
600352
600106
599397
599562
600341
599713
599978
600134
599510
600152
599821
599478
599758
600669
600802
600054
599289
600109
600263
599888
600154
600471
599013
600448
599341
600535
599738
600104
600290
600390
599657
599972
600725
599622
599603
600237
600181
600043
599404
599169
599887
600437
600535
600022
599828
599789
599508
600947
601281
600069
600353
600309
599464
599858
600899
599815
599286
599887
600131
600037
600078
600023
600176
600213
600216
599711
600261
600115
599797
600002
599740
600957
600408
600214
600535
600823
600462
599600
600719
600154
599773
600607
600635
599956
599513
600926
599673
600505
600772
599968
599618
600697
600084
599879
600351
599241
600080
600291
599966
600709
600351
600259
600212
599933
600236
599566
599931
600792
600839
599749
599877
599435
599887
600021
600272
599947
600110
600108
600116
599707
599836
600990
600010
600366
599981
600425
599632
600148
599738
600213
600344
600572
599740
599612
599867
600364
599904
598962
600052
600273
600287
600316
600728
599744
601048
599680
600779
599407
600525
599872
599828
600443
599790
599840
599679
599894
600315
600569
600391
599874
600195
600175
600654
600269
600352
600443
599731
599593
600495
599982
599790
600651
599794
600217
600572
600117
599986
599780
599760
601130
599552
600641
599617
599578
600119
600570
600858
600149
600156
600281
601071
599902
599696
599475
600709
601043
600399
599615
600374
599682
600526
601528
599943
599443
600231
600522
600013
600029
600613
600471
600175
599450
599199
600159
599292
599900
599688
599519
599772
599769
600379
600303
600757
599751
600253
600345
599363
