299052
299757
299429
299680
300694
299837
299321
299811
299699
299444
299619
300051
299500
299655
300391
299664
299352
299980
300189
300035
299150
299540
299950
300495
300784
300088
300091
300341
299470
299792
300393
299185
300442
299978
299605
299533
299995
299829
299934
299279
299427
300431
299575
299942
300191
300098
300684
300079
299413
300559
300030
299556
299488
300138
300534
299590
299520
300336
299950
299315
299931
300492
300429
299788
300301
299514
300771
300026
299541
300206
299660
299665
300234
299756
300309
299531
300196
299292
300338
299296
299360
300010
299979
300118
300675
299836
300089
300253
299235
300039
300690
300446
299841
300679
299930
300635
300193
300072
299608
299242
300237
299894
299488
300828
299452
300030
300681
300600
299733
300021
300379
300063
300391
299031
299778
299342
299746
299765
300097
299829
299958
299973
299759
299701
300020
299513
300155
300123
299852
300187
300455
300673
299984
299042
300433
300905
300120
299453
299759
300312
299742
300639
299870
299479
300037
299676
299960
300182
299254
299979
299923
300403
299402
300160
299330
299962
299930
299748
300547
300096
300490
299624
299774
299902
300094
300095
299973
301183
300225
298908
300403
299874
300034
300015
299953
300341
300103
299569
299388
300286
300911
300563
299385
299464
299959
300151
301121
300481
299652
300129
299445
300174
300545
300194
300386
300298
300044
299849
299290
299774
300382
299782
300090
299428
299603
299411
300466
300136
300064
301309
301268
300219
300700
298858
300485
299479
300028
299529
300211
299822
300012
299650
300117
299629
299986
300800
299985
299699
299455
300302
299602
299042
300375
299687
300269
300428
300250
299897
300254
299680
299718
300667
300065
300560
300470
299650
299816
300440
300031
298968
299230
299551
299621
300109
300353
299719
299939
300749
299847
299484
299853
299437
299163
300069
300248
300954
300422
299329
299564
300116
300082
300348
300537
299980
300529
299601
300431
300137
300391
300307
300074
300462
300395
300963
300055
299928
299541
299783
299712
299430
299753
299952
300094
299311
299953
300369
298980
301117
299473
299333
299221
299603
300712
299924
299870
300105
301025
299682
300375
299814
300031
300485
300499
299985
300433
299648
300639
300620
300113
299813
299884
300128
299542
300207
299813
300022
299804
300064
300704
300481
299890
299647
299898
300710
299669
300512
299428
299546
300035
299948
299987
300072
300751
300798
299102
299594
299019
300315
300285
300588
299338
299537
299662
300528
300493
300633
299471
300464
299469
299652
299356
300162
299884
300109
299909
299432
299848
300114
299973
300667
300682
300701
300153
299508
299516
300683
299510
300344
300194
299900
299889
300292
299761
300080
300149
299370
300449
299783
300374
299605
299382
299626
299615
299807
299962
300167
299776
299470
299761
300397
299682
300403
300906
300003
299553
300493
300163
299967
300150
299641
299304
299838
299966
300018
300579
299607
300010
299578
300258
300229
299814
300126
300114
300762
300423
300366
299849
301074
300087
299900
300117
301157
299971
300104
300259
300813
300391
300510
299825
300429
300166
300318
300028
300115
299946
300135
299743
300077
300332
299783
300972
299070
299853
299789
299431
300265
300023
300657
300755
300083
299442
299391
300541
299658
300048
301022
300194
299807
300299
300182
300102
300100
300173
299519
299143
299684
300277
300332
300495
299698
300175
299784
300353
299841
299413
299393
300193
299201
299770
299446
300205
299867
300446
299892
300019
300371
300828
300545
299455
300105
299983
299943
299565
299609
300508
300146
300613
300441
300076
300535
299327
299525
300245
300369
299466
300066
300036
300092
299233
299604
299358
300667
300133
300037
300302
299940
300602
299507
299561
299693
300222
299468
300449
299469
300165
299301
300728
299355
300900
299568
300849
300395
301027
299066
300109
299385
299535
299489
300039
299793
300637
299815
300061
299845
300528
301278
299586
300766
300002
300395
300700
300566
300047
300268
299376
300740
299729
300244
299785
300736
299610
300083
300037
300785
299836
300098
298843
300302
300376
300030
299894
299719
300338
300144
299459
299180
299578
299922
300490
300817
299461
299523
300348
299782
300322
299607
299786
300006
299763
300164
300070
299797
299109
300183
299637
300769
299962
300505
299911
299821
300476
300040
300292
300128
299917
299858
299909
299783
300182
301128
300174
298981
298706
300237
299925
300025
300191
299866
300520
299705
300959
299611
300564
299986
300517
299723
299664
300495
300368
299995
299118
300174
300446
299423
299857
300842
299956
300461
299669
300712
299282
299686
299545
300568
299452
300764
300119
300088
300803
301210
299402
299733
300240
299819
300165
300242
300082
299886
299621
299247
300149
299638
300283
299232
300805
299940
299823
299787
300282
300203
300659
300502
300218
299976
300472
299839
300093
300327
299906
300052
299904
300361
299340
300290
299919
300429
300306
299889
300007
299578
300415
299677
300677
299630
300067
299722
300390
299698
300026
299921
299394
299665
299561
300224
299556
299413
300190
299803
301037
299916
298511
299294
300492
298762
299564
300388
300591
299625
300594
299313
300047
299455
300044
300772
299379
299756
300850
299376
299508
299247
300054
299501
299754
300285
300665
299959
300757
300111
299594
299755
300885
299514
300683
299863
300534
300803
298899
299646
299765
299686
299981
300391
299923
300578
300376
300223
300025
300440
299475
300431
299815
299564
299787
300076
299380
298917
298890
299955
300461
299874
299756
299691
299461
300381
299588
300060
299411
299809
299992
300392
299878
299132
299634
299539
300629
300369
300013
299787
299591
299608
300007
300364
299947
299649
299979
299905
299723
299469
299816
300401
299842
300877
300169
299622
299765
300611
300884
300189
299929
299497
299779
299932
299677
300129
299572
300663
300056
300037
299763
299275
299733
300240
299417
298660
299981
299856
300964
299358
299330
299865
298927
300204
300070
299169
300012
300516
299657
300090
299280
299712
300782
300031
300370
300232
300076
300639
299412
300392
299581
300260
299920
299942
299842
300069
300131
300120
300405
300557
300521
300468
299762
299772
300597
299970
300082
299981
299357
300436
300133
299759
299651
299720
300481
299898
300984
299710
300137
299940
300478
300092
300231
299936
300356
299904
299837
299304
299782
300327
300772
300826
299434
299802
299994
299970
300006
299743
300521
299154
299933
300111
299739
299537
299790
301300
299837
299771
299946
299898
300515
300508
299208
300226
301294
299141
300348
299089
299810
299292
300189
299963
300516
299267
300174
300341
300092
299682
299830
299635
300547
300249
300803
300499
299779
299846
299948
300377
299987
299911
300266
300697
300564
300647
300498
300502
300662
299838
299280
300031
300547
300290
299598
299988
299476
300540
300351
299289
299466
300123
299670
301436
300092
299793
299509
299824
299414
300045
299999
299397
300687
300304
299854
300289
300195
299560
300760
300784
299985
300214
299547
298914
300096
299375
300084
300636
300173
300160
300088
299669
299311
299744
