400518
400427
400045
399803
400506
400068
400197
400215
399903
400297
400252
401117
400284
398783
399604
400030
399976
400428
399070
399965
399357
399328
400201
400268
400341
399636
399717
400018
399394
399784
400175
400149
400540
400289
399846
399829
400471
399881
400156
400431
400199
400551
400918
400258
399972
399652
399850
400065
400330
399923
400310
399752
399781
399096
400752
399983
399681
399343
400110
400991
400262
401088
399605
399599
399748
399580
399879
399276
399500
400016
399880
400179
399031
400613
399789
399266
400520
399926
400954
400229
400337
400051
400590
400270
400634
399735
399794
400080
400380
399637
400333
400058
400313
400531
400307
400063
400062
399238
400722
399689
400130
400553
399895
400395
400048
400065
399561
399946
400270
399436
399495
399988
399629
400296
399240
400165
399752
399780
399949
399681
399532
400069
400742
400446
400401
400287
400117
399627
400595
399567
400524
400105
399963
399459
400436
399826
399546
399460
399980
400395
399310
399580
399672
399888
399433
399468
399811
400476
399974
399133
399467
400523
400832
399901
400223
400090
399721
400631
399377
399235
399341
400106
400160
400320
400870
399848
400098
399910
400306
399636
400964
399751
399617
400560
399251
399161
399970
399361
399888
399288
400418
399625
400144
400170
400187
399475
400210
399848
399497
400320
399883
399782
400264
400087
399504
399315
401292
400016
400125
399890
401145
400416
400607
400113
400017
400400
399685
399467
400978
399887
400522
400718
400488
399941
399223
399510
399466
399642
400593
399915
399921
400794
400422
400343
400155
400334
399071
399228
399322
399616
400015
399862
399976
400706
399149
399500
400183
400290
398920
400206
399914
399908
399664
399861
399775
399804
398476
400149
399639
400137
399598
400301
399685
400390
400319
400601
399654
400257
399655
400428
399924
399853
401168
400370
400702
399871
399790
400314
399504
399602
400037
400005
400732
400151
400200
401073
400158
400231
399707
399421
399840
400590
399763
400556
400114
399102
399995
399617
399713
399354
400298
399980
400012
400144
398837
399547
400406
399804
400019
399756
399804
400233
399803
399679
399657
400355
400234
400147
399694
400232
399683
400146
400269
399554
400913
400179
400764
400120
400603
400225
399856
399109
400282
399574
399228
399116
399310
399856
399996
399069
400818
399731
399434
400580
399319
400437
401046
400957
399535
400487
400147
400596
399932
399751
399498
400050
400266
400167
399420
400510
400046
399890
400308
399723
399563
400877
399815
400356
400335
399470
399918
399909
400155
399886
399428
399323
400867
399882
399839
399788
400103
400014
400106
400360
400245
400461
400041
400678
400021
400110
400738
400237
399983
400720
400274
400180
399479
400354
400127
399901
399895
399190
399982
399786
399313
399209
400130
400205
400910
399793
399837
400260
398853
400998
398997
399960
399800
400311
399670
399960
399998
400263
400281
399603
400486
399899
400111
400590
399689
399979
399885
400094
399533
399861
399643
399621
400196
400436
400482
399265
399881
399992
399203
399915
399032
399493
399778
400930
399884
400618
399674
399491
399747
400832
399880
400564
400475
400534
400572
400733
400082
399557
400020
401115
399409
400068
400408
400301
400288
399347
399490
399467
399863
399845
399516
399346
399414
400142
400363
400339
400378
399926
400324
400914
399890
399680
400305
399702
400096
399469
399148
399857
400368
399756
399593
400087
399561
400655
401039
400330
400375
400653
400424
400518
399514
399770
400046
399938
400091
400224
400113
400449
400208
400605
400135
399613
399879
399851
399691
400103
401632
400158
399250
399995
399581
399920
400124
400489
398915
399520
399922
400117
400363
399457
399152
399673
400178
400682
399776
400393
399241
399221
398782
400345
400627
399565
399354
399304
400718
400269
400649
399237
399456
398979
399977
400374
399994
399170
400244
399295
399504
399528
399037
400357
399713
400350
400541
400189
400417
400139
399446
399793
399493
398847
400821
399864
400314
399666
399228
399724
399661
400121
399169
400052
399329
399840
400881
400392
400437
399202
399412
399635
399554
400289
400106
399854
401050
399978
401134
399604
399748
399098
399989
399956
399536
399871
400072
400405
401041
399518
398957
399760
399080
400684
400506
400406
400492
400218
400288
399341
399766
401161
399940
400511
399795
400138
400502
400215
400609
399917
400319
400739
400176
401007
400316
399798
400121
400604
400525
400149
398945
399880
399919
400199
399634
399829
400168
399930
399756
400811
399516
401252
399772
399773
399715
399417
400209
399809
399219
399794
399447
400052
400275
399502
398936
400006
399698
398983
399940
399697
400047
399670
399714
400229
399922
399932
399634
400887
400423
399778
400030
400114
399229
400126
400912
399608
398899
399916
399599
399859
400070
399810
400049
399559
399771
400117
399702
400323
400370
400218
399693
399300
399851
399979
399883
399921
399896
399779
399644
400123
399916
400636
400006
400088
399254
400576
399748
400499
400350
399576
400486
400134
400164
400760
400046
399923
400022
399695
399788
399198
399870
400047
399326
399858
400307
400534
401018
399394
400058
400538
400064
399818
398668
400196
400691
400502
400254
400104
399903
401133
400212
399786
399477
400596
400681
400004
400109
399926
399666
400227
400187
399662
399661
400240
400421
399585
400300
399575
399809
400187
400274
400790
400348
399534
399874
401032
400760
399352
400215
399727
400714
399575
400373
399240
400151
400338
399892
399562
400039
399851
399396
399466
399625
399948
399332
399074
399147
399799
400084
399722
399776
399122
399981
399000
400411
400132
399606
399887
400612
400299
400456
400960
399767
399574
399281
399647
400176
399799
399844
400281
400298
400050
399752
399104
399531
401242
398902
400147
400624
399666
400611
399896
398862
400399
400000
399210
399993
400187
399468
400097
399770
401068
400472
399914
399727
400137
399865
399373
400140
400074
400205
400009
400506
400252
400000
399968
401137
399189
399609
400046
399604
400000
400410
399453
399757
399705
399747
399050
399703
399488
400649
400243
399521
398765
399386
400765
400217
399850
399427
399911
400606
399799
400432
399815
400281
400088
400113
399281
400251
400648
399752
399454
401067
399596
399877
400610
399083
399448
400371
399463
400173
400289
400349
399687
399593
400440
398601
399714
400693
400018
398940
399911
399790
399508
399087
398934
399924
400585
400140
400471
399397
400103
399354
400204
400352
399210
399965
400184
400443
400428
399618
400271
400169
399740
400327
400575
399021
399998
399827
399742
401020
400071
399451
399350
399929
400186
400110
399150
400279
399847
401038
400620
400452
399113
400337
399922
399428
400361
400038
400217
398747
400247
400196
399596
400322
400190
399930
400078
400187
399740
400251
400075
399356
400399
400123
399906
399682
400055
399512
401063
399897
400113
399477
400210
399779
400274
400391
400006
400349
400189
400041
400412
400668
400931
399806
399859
400444
400001
400281
399769
399904
398783
400757
400408
400302
400586
400061
399533
399912
400003
