699895
700341
699711
700090
701243
699996
700242
699896
699459
699657
699744
700715
700148
699576
699533
699617
699374
700501
700575
700026
700253
700038
700108
699496
699884
700213
699159
699566
699700
699132
699746
699565
700092
699762
699507
699296
700061
699902
700035
700073
700909
699901
700202
699750
700326
699507
699953
699827
699857
700100
700014
699414
699402
699378
700639
699233
700799
700541
699889
699740
699375
701186
699883
699395
700301
699590
699440
699491
700110
700049
699605
699701
700852
700096
699675
699747
700075
699860
699814
700044
700903
699595
700014
700302
700052
700022
700374
699657
699938
700023
700098
699439
699724
700556
699443
699751
700164
698608
700319
700587
699875
699669
700645
699495
700605
700288
700198
699589
700310
700462
699872
700585
700035
700890
700149
700158
700612
699928
699101
699774
700432
700340
699958
699353
700167
700589
699511
700313
699653
699603
699109
699786
700307
700096
700152
699325
700987
700268
700885
699747
700651
700185
700764
700279
699337
699372
700375
699688
699928
699243
700211
699859
699640
699936
699386
700143
699062
699443
700149
700481
699870
699535
700565
700361
699963
699395
700457
700507
699733
699967
699985
700269
699502
700221
699627
700622
699870
699624
700085
699584
699835
700187
699990
699735
700199
699938
699926
699942
699582
700174
699531
700059
700331
699904
699738
700546
699461
700042
700879
700614
699823
699240
700538
700439
699785
700117
699680
699789
700146
699762
700520
699857
700484
699214
699942
699917
700892
699559
700450
700544
699366
699894
700219
699326
699794
700528
699951
700130
699926
700038
699933
699621
699542
699898
699883
699051
699847
700010
700248
700011
700813
700443
700930
700292
700087
699947
699940
700099
699710
701050
699949
700695
699335
700459
699850
699835
699520
700401
700259
700217
700799
699967
700177
700249
700090
699622
699571
699572
699797
700399
699982
699438
699522
700203
699663
700232
699981
699710
699270
700000
699354
700292
699590
699928
700341
699759
700201
700102
700397
700075
699711
699810
700045
699777
700683
700314
700293
700087
700583
699397
700067
699590
699811
699948
700291
699848
700060
700611
699629
699609
699969
699355
700113
699512
700160
699547
700071
700403
699876
699328
699273
700186
699676
700418
699801
699099
700217
700232
700428
699518
700096
700257
700031
700699
700654
699555
700300
699792
699925
700148
700077
700377
700524
700026
699881
699845
700932
699749
699699
699856
699849
700344
700369
699679
700136
700058
700345
700130
699249
700281
699979
700142
700828
700394
700732
699658
700540
699872
699833
699604
700080
699407
699348
700757
700726
699543
699675
699651
700146
699743
700540
699921
700392
700581
699919
700241
699815
699526
700077
699240
699720
701215
699232
699796
699877
699788
699613
699393
699450
700147
700441
700678
700129
699793
700052
700095
700306
700394
700019
699537
700397
700156
700290
700254
699961
699672
700540
699883
699725
699626
699702
699824
700597
700180
700494
700757
699573
699676
699980
700777
701596
699970
700472
700354
699873
700567
699759
700369
700164
699985
700260
700490
700238
700316
700105
700285
699711
700365
699866
699362
700463
700152
699564
700055
700344
699186
700189
700278
700119
700167
699896
700878
700664
699807
699533
700973
700548
700097
700281
700290
699158
699603
699519
700295
698999
699824
699779
700461
700460
699732
700484
700592
701060
699951
700621
700711
700141
699413
700034
699617
700634
700292
700236
700648
700071
699853
700274
699266
699901
700118
699743
699789
700177
700285
699931
700784
700034
700000
699576
700292
699435
700498
700276
700851
699718
700114
701167
700690
700230
699298
699650
699951
700318
699674
699953
700106
699925
699611
700209
700510
700121
700369
699761
700355
699950
700368
700182
700051
700023
700456
699256
699320
699579
700020
700444
700248
700474
700164
699609
699402
700533
700567
700211
700182
700523
700101
700118
700344
699701
700471
699712
699589
700694
699975
699657
699361
699423
700567
699865
700463
700046
700947
700757
700678
700794
699922
700374
699068
699971
701379
700150
700174
699956
700365
700615
699585
699559
699933
699508
700342
699585
699716
699851
699231
699959
699565
700064
700302
700072
699848
699968
699654
699824
699875
700259
700122
700477
699960
700618
700578
699721
700086
700224
699763
700424
700968
700015
700163
700507
699837
699707
699668
699915
699674
700489
699730
699082
700148
699461
699305
700047
700506
700651
698938
701447
699885
699300
700645
700351
700075
699394
699339
699988
699884
700374
699541
700661
700597
700268
699370
699605
699482
700081
700327
699754
699690
700192
699854
699938
699992
699693
699955
700145
699682
700499
700151
699469
699792
700451
700004
700570
699660
699901
699933
699745
700415
700109
700131
699384
699671
699541
699960
699650
700695
700409
700057
700780
700109
699923
699836
699387
699959
699703
700039
699653
700398
699551
700248
700206
699379
699907
699906
699342
698827
699564
700084
700151
700493
700062
699546
700522
698825
700122
700122
700947
699288
700672
700312
699777
700329
700248
700735
699986
700853
699817
700177
700526
699982
699519
700304
700110
700484
700631
701007
699481
699173
700306
700036
699853
699979
699789
699225
700534
700476
700595
699706
700159
700206
699575
699920
700839
699849
699754
700274
699169
700671
700183
700218
699966
699911
700302
700160
700867
699444
699999
700286
699627
699815
700053
700212
700156
699773
700308
699663
700011
699783
699750
698869
699541
699988
700194
700134
700296
700441
700315
700399
700060
700671
699776
699798
699196
700152
699672
699916
699797
700092
699776
699661
698924
699979
699564
699806
699932
699657
700595
700318
700366
700131
699991
699770
699519
699366
700836
700016
700190
700240
700389
700193
699650
699797
700036
700537
699511
699905
700747
700106
699538
700554
698503
700085
699996
700230
699632
699691
700202
699877
700244
700028
700054
699789
700370
700141
699970
700306
701238
700547
700251
699888
700564
700087
700003
699480
698900
699248
699743
699678
699408
699076
699870
699940
699561
699574
700273
700072
700039
701029
699644
700166
700445
699912
700669
700239
699629
700086
699981
699473
700821
699956
700224
699717
700412
700609
700476
700238
699766
700191
699784
699929
699850
700086
699026
701147
699811
699469
699978
700522
700404
699167
700314
699368
699948
700122
699875
700097
700334
699931
700609
699473
700142
699864
699847
700291
699562
699638
700418
699502
699713
699809
699558
700015
700197
699821
699736
699613
700285
700289
700518
700289
699351
700079
699645
699617
699143
699520
699934
699013
699856
700083
700286
699661
700104
700702
700207
699788
701146
700284
699960
700433
699977
700236
699847
700202
699932
699828
700954
699649
699976
700864
700389
700214
700111
700035
699653
700125
699638
699945
699187
699271
700858
700600
700411
699594
699859
699971
698809
699953
700361
699911
699892
700693
700039
700091
699924
700142
700600
700653
699675
699726
700354
700488
699897
700763
700260
700547
699787
700006
699485
699775
700366
700437
