599566
600018
600042
600042
600568
599864
600266
599540
599745
599406
599996
599970
600027
599752
599249
599636
600246
600739
599346
600131
599910
599808
599269
600255
600011
599969
600010
599927
599856
600044
600293
599097
599447
600239
599617
600634
599726
600151
599623
600079
599430
600063
599981
601041
599978
600516
599472
601266
599727
599653
599755
598803
599523
600002
600059
600103
599864
599883
600603
600589
600169
599789
599789
599776
600184
599397
599826
600573
599401
599272
600050
600563
599864
599980
600308
599867
599972
599704
599257
599430
600154
600057
599984
600632
599419
598967
599231
600281
600661
600624
599616
599999
600220
600200
599859
600240
600208
599434
599417
599743
599572
601013
600194
599465
600338
600087
600323
600426
600270
600251
599584
599468
600431
599250
600446
600221
599451
600040
599954
600749
600110
599873
599288
598783
600448
599708
599286
600904
599169
600812
600132
600180
599258
601040
600337
599707
599699
599484
599392
600505
599827
598481
599480
600192
599743
599426
601279
599977
599117
599827
599293
600802
600251
599769
600127
599574
599542
600265
600007
600364
599629
600047
599812
600311
600009
599665
600101
600395
599387
599681
599876
600826
600606
599708
600241
599828
600455
599839
600319
600776
600102
600300
600432
600091
599990
599857
600580
600223
599500
599659
599725
599859
598791
599258
600473
600843
600355
600933
600148
599431
599637
600239
600387
600256
600319
600653
600707
599834
600042
600953
599695
600062
600648
600071
599916
599603
599978
600383
599835
599628
599995
600262
600141
599503
599929
600287
599404
599988
600224
598978
599464
599551
600436
600178
599795
600391
600116
600915
599888
600071
599716
599162
600200
599421
600050
599844
600491
599169
600231
600585
599856
598614
599374
599980
599324
600433
600615
600034
600923
600014
599378
599701
600614
599746
599939
600052
599694
600604
599568
598773
599933
600041
599849
600380
599765
599343
599968
599123
600267
600002
599441
599895
600410
600376
600034
599997
600168
600212
599890
600074
600185
600536
599780
599965
599861
599928
599654
599252
600332
600040
600919
600789
599353
599432
599524
600242
599572
600064
599712
600239
599847
599883
599949
600118
599773
599939
600314
599279
600734
600168
600196
600305
599321
600443
600547
599258
600289
599466
599050
599990
600142
600045
600206
600078
601053
599885
599498
599908
599657
600359
600355
600344
600313
600591
600359
600429
600328
600043
599648
599924
600713
599571
600574
599782
599753
599471
600007
599831
600295
599890
599552
600758
600083
599944
599484
600370
600401
599926
599147
600300
600487
599676
599647
599421
599460
599849
601189
600067
600043
599382
599562
600048
599975
600565
599812
600498
600466
600691
600151
600290
600155
600147
601007
599296
600511
599613
600415
599770
599663
599699
599692
599444
599751
600001
600548
599990
599695
599995
600311
600258
600613
600093
600510
600397
601176
600510
599701
599689
600183
600065
599455
599965
600006
599840
600151
599815
600274
600236
599792
599292
600149
600164
599684
599355
599949
599876
600535
599714
599575
600150
599548
599993
599874
599989
601178
600598
599347
599279
599896
599796
600758
600866
599584
600146
599636
600703
600660
599888
599579
600048
600153
600144
600693
600053
600006
599393
600318
599367
600218
600286
599419
599745
599925
600136
599475
599290
600000
600608
600253
599032
599531
600340
600213
599828
599371
599917
600232
600007
600673
600148
600560
599448
600786
600496
599675
599192
599653
600195
599363
599368
600381
600200
601180
599665
600019
600183
599933
600360
599979
600200
599307
599630
599654
600294
599955
600147
600239
599886
599366
600018
599939
599933
599800
600637
600154
600002
599884
599722
599554
598932
600140
599602
600342
599814
599517
600322
600103
600073
600219
600097
600387
599693
600166
599780
599639
599806
600861
600507
599779
600475
600991
600778
601083
599771
600149
598980
600538
600620
600364
598888
600642
599443
601350
599480
600515
600050
599466
600177
599750
600794
600024
600743
600338
600004
601373
599809
600059
600234
599822
599582
600398
599241
599705
599671
600679
600966
600035
599944
599373
599948
600111
599414
600502
601096
600050
600526
599567
599382
600653
600083
600058
599705
600432
599330
601172
599597
600063
599206
599766
600491
600254
599493
600050
599547
599685
600322
599770
601120
599183
600978
599899
599877
599403
599449
599789
599982
600244
600072
599374
599881
600217
600306
599564
599840
600739
599120
601278
599214
599782
600219
600033
600042
599703
599261
599590
600255
600542
599526
599907
600235
600517
599972
598479
601036
599685
599934
599483
600312
600123
599588
599851
600331
600030
600729
600753
599668
600489
600892
600216
600334
600201
600683
600330
600720
599727
599706
600207
600456
599363
599521
600244
600571
599452
600141
600112
600481
600850
600121
599330
599665
599967
599858
599614
600410
600286
600239
599419
600001
600115
601006
599525
599483
599740
600193
600176
599491
599067
599879
600093
599240
600038
599322
599728
599937
600569
601083
599072
600579
599643
599606
600287
600133
600023
599546
599489
599837
600108
599456
601030
599620
599708
599499
600932
599642
599465
600383
601009
599879
600528
599489
599968
599455
600433
599882
599953
600240
599944
599830
599415
599758
599280
599426
600819
600593
600328
599579
599966
599411
599865
600701
599811
601222
601226
599744
600639
600460
600104
600015
599313
600210
600430
600172
600704
599712
599410
599729
599776
600676
599638
600608
600428
600386
599827
599675
599518
599499
599424
599282
600003
600425
599867
600381
600430
599725
600050
599899
600152
600834
600141
600099
598738
599687
599641
599845
600588
599965
600630
600076
599551
600248
600018
599452
599320
599864
600332
600163
600411
600390
600666
599842
599103
600059
599656
598335
599564
599829
600761
599889
599819
599860
599451
599868
600228
600268
599482
599905
599991
599316
600666
600044
600072
599657
600459
599730
599762
599294
599156
599850
600306
599278
599615
599737
599823
600718
599997
600619
599586
599698
600008
599851
600486
599794
600263
599954
599833
599976
600512
600340
600415
600468
600098
600153
600704
599853
599773
599142
600023
600282
600308
599925
599986
599989
599730
600910
599519
599783
599900
599994
600127
601206
599936
600301
599691
600334
600385
599857
599959
600505
600980
599657
599763
601156
599931
600234
599513
600066
599827
600148
599784
600378
599762
599670
599684
599265
599678
599884
600669
600424
600238
600241
600799
600432
599329
599912
599522
600388
600389
600487
600278
600366
600144
600354
599405
600066
600236
600389
599796
599000
599880
599835
599612
599837
600371
600644
600076
600211
599795
600883
600335
600555
599363
599729
600042
599896
599995
600471
599884
599028
601111
599557
600873
601074
599838
600192
599706
599963
599909
600991
599864
599857
600339
600513
600423
599589
600334
600374
600230
599379
599654
600074
600221
600153
599594
600290
600055
598955
599668
599785
599170
600379
599983
600411
600342
599554
600373
600271
600169
599709
599655
600681
