506022
505430
506244
505794
505767
504836
505675
505600
506060
504784
505421
505424
505912
505003
504955
505588
505961
506174
506196
505404
506187
505982
505075
506540
506355
506249
505511
506293
505763
505879
506012
505196
506202
505287
505907
506468
506365
506688
506139
506625
506647
506178
506233
505871
505383
505778
505960
504811
506046
506051
505991
505335
505612
505687
505702
504853
506232
505045
505770
506032
505732
505874
506376
506394
504997
506255
505933
505828
506365
505504
505436
505756
506245
505998
506219
505516
505845
505433
506179
505982
505936
505488
505886
506211
506194
506470
507037
506258
506007
505427
505762
505644
505607
505536
505641
505793
505683
507088
505757
505971
506152
505810
506367
505285
506699
505399
506799
506285
505459
505857
505723
505880
505267
506221
505134
505995
506137
506864
505668
506354
506072
506131
505796
506570
505928
505828
506528
506072
505820
505879
505333
506494
506264
506349
506380
506699
505579
506287
505689
505366
505927
506386
505907
505721
506541
506070
506376
504929
506048
505580
505946
505069
506028
505827
506343
505312
505621
506209
505995
506093
505897
506513
505702
505066
505725
506622
506224
505871
505391
506171
505451
505551
505826
506180
505662
505987
506190
505055
506187
506628
506812
504803
506321
505337
505226
505979
506476
506472
505744
506000
506106
505537
506045
505375
506252
505500
506636
505812
505701
506444
505306
505912
506155
506480
506723
506095
505700
506501
505450
506326
506111
505589
506412
506171
505207
505233
505429
505588
505471
505598
505316
505462
504942
505859
506062
505956
505243
505886
505802
506631
504406
506759
505535
505593
506209
506396
505306
506063
506068
505635
505803
505796
506320
505563
504841
505127
506350
505878
506064
505470
506008
505709
506480
505770
505336
505501
506758
505919
505434
505513
505775
505566
506093
505589
506269
505746
505963
505673
506768
506477
506770
505789
505525
506147
506066
506043
506407
505881
506848
505826
505653
506391
506978
504694
505992
505889
505655
506014
505854
505847
506253
506036
505744
505853
506145
506055
506012
505611
505819
506269
505593
506112
505916
505411
506229
506407
505116
504622
505875
504555
506125
505951
505904
506350
506116
505976
506182
505836
505746
505827
506362
506254
506050
505848
505966
506059
506114
505968
505869
506167
505628
505637
506474
505225
505354
505525
505410
505758
505323
505769
505920
506308
505525
505996
505533
505542
505475
506052
506923
505250
505634
505748
506951
505408
505977
506833
505002
506463
506075
506039
506835
505757
505834
505701
505681
505159
505346
504898
505874
505129
505606
505478
506485
505891
506197
505748
506780
506236
506273
506204
505958
506666
505180
505837
505238
505699
505603
505613
506513
506838
505974
505659
505629
505628
506040
505602
506298
505795
505457
505590
505428
505183
504541
505232
505770
505540
506167
505688
505838
505869
506088
505895
505587
507351
505892
505491
505804
505620
506008
505678
505433
506211
504848
505821
505864
505989
506286
505525
506389
506457
507629
506450
506118
505918
506221
505372
505663
505779
506488
505412
505852
506737
506367
505361
505429
505161
505586
505946
505199
505354
506377
505193
506222
505389
506164
506526
505704
505932
505992
505556
506139
506101
505933
505751
505581
505862
505821
506713
506332
504977
504980
505657
505492
506075
506308
505318
505323
505500
505868
505889
505633
506585
505294
506329
505297
505614
506733
505487
505587
506215
506115
505616
505395
506643
505654
505992
505530
506464
505845
505728
505783
505656
505529
505695
506097
505485
504843
505804
505837
506259
505318
505863
505925
505945
506016
505911
506066
506209
505775
505962
506610
505496
505980
505538
506374
506180
505359
505153
505465
505967
504788
505433
506109
505817
505459
505925
505784
505876
505440
506067
505390
505559
506610
505971
505991
506580
506247
505912
505820
506029
505402
505979
505843
506106
505960
505097
505907
506469
505801
505840
506422
505704
504467
506365
505985
506334
506612
506424
505014
505789
506734
505666
505961
506080
505410
506363
505324
506623
506024
505168
505687
505582
505988
506296
505772
505072
505322
506990
506039
504561
506903
506167
506245
506414
506291
505613
504927
505501
507300
505462
505670
505984
505492
504874
506724
505112
507667
506171
506350
506346
506064
505680
506382
506089
506314
505972
505778
505916
506062
506427
506052
505898
505367
505815
505890
506523
505812
506238
506121
505816
505814
505652
505089
506464
505554
506042
506026
505510
505332
506187
505684
505504
506335
505971
506185
505941
506357
505291
506065
506209
506345
505542
505954
505137
505500
505817
505374
505194
505552
505998
505603
505667
506284
505227
506065
506155
506816
505582
505938
505219
505831
506815
505023
505965
505978
506018
505960
506012
507805
506489
505871
505010
505164
506924
505792
505277
506086
506683
506042
505317
506416
505333
505724
505959
506069
505334
506425
506441
505382
505354
506062
506305
506327
505436
505088
505253
505724
505210
505903
506272
505817
506157
505219
505630
506051
505449
505761
505660
506223
506079
505713
505693
505262
505408
506273
505694
506828
505687
506814
506645
505625
505544
506071
506720
506255
506718
505684
506047
505432
505541
506050
504763
505662
506312
505708
505857
506309
505864
505800
505764
505502
506919
505822
505493
506377
505012
506144
506315
505868
505838
506124
505933
505001
506299
505648
505232
505945
506062
505389
506218
505298
506353
506271
505519
505548
506748
505908
505372
505286
506240
505623
506140
505415
505999
505547
507041
505873
505846
504715
506137
506179
506271
506500
505248
505591
506885
505261
506571
506714
505699
506755
505808
506053
505859
504748
505863
506071
506414
506156
506619
506056
505233
505133
505644
505934
505611
505931
505837
506747
506123
505121
506266
505650
504887
505431
506234
505721
505973
505725
506044
506162
506246
504619
506260
505246
505597
505458
505491
505286
504991
506358
505592
505924
505783
505685
505386
506045
506590
505889
505939
506099
505376
505242
506339
505660
505455
506119
506159
505431
505882
505131
506026
505715
505677
505498
506105
505449
506439
506559
505498
506399
505928
505360
505883
505688
504710
505755
505797
505409
506313
505660
505780
504951
505211
505925
505750
506606
505976
505315
506218
506308
506422
505583
505507
505789
506497
506158
505678
506018
506365
504725
505920
505835
506490
505459
505155
505941
505603
506826
506397
506208
505969
505479
506427
506042
506091
505426
505865
505141
505278
506222
505504
506322
506015
506288
505401
505588
506097
505980
505060
505909
506004
506489
505235
505991
506027
506583
505639
505031
507102
505134
506454
505732
505849
504970
505795
505377
505863
505690
506109
505897
505642
506525
505863
505816
506355
505618
505768
505945
506424
506069
506343
505077
505845
506880
506261
505452
505656
506477
506046
505733
505632
505963
505910
506571
505867
506103
505403
505841
506935
505687
505741
506227
505187
505538
506014
505923
505669
505673
505594
506481
505181
505732
505048
506083
505444
504946
505596
505560
505903
