907611
907541
907216
907162
907453
907644
907876
907675
907121
907939
907890
907739
907197
907670
907472
907906
907441
907212
907743
907137
907240
906989
907675
907672
907077
906691
907798
907466
907384
907220
907490
908031
907655
907611
907119
907393
907629
907698
907624
907359
907737
907954
907390
907529
907446
907519
907399
907494
907921
907547
907849
907253
908004
907922
907721
908239
907468
907772
906945
907690
907367
907639
907559
907388
907993
907189
907685
907921
908018
907451
907745
907688
907669
907780
907335
907797
907514
907777
907592
907580
907995
907725
907255
907787
907918
908128
907114
906771
907389
907114
907655
907820
908001
907243
907571
908108
907644
908187
907555
907061
907878
906898
907138
907379
907865
907238
907422
907256
907155
907364
907386
907951
907639
907566
907590
907370
907226
907450
907426
907323
907541
907990
907972
907540
907149
907652
907768
907676
907418
907906
907662
907428
907239
907797
907459
907507
907646
907774
907381
907541
907844
907634
907664
908026
907625
907831
907850
907500
907550
908123
907946
907741
908052
907140
907888
907540
907711
907975
907372
907209
907779
908037
907912
907688
907821
907777
907818
907696
907564
908229
907185
907741
907760
907363
907665
907702
907928
907600
907655
907360
907090
907510
907580
907508
907603
907788
907227
907854
907619
907950
907882
907412
907996
907363
907328
908125
908186
907170
907298
908014
907519
907938
907413
906787
907513
907484
907924
907486
907686
907862
908296
907645
907423
908164
907533
907778
907432
907615
907587
907438
907537
908181
907515
908336
907646
907659
907723
908222
908059
907849
907547
907392
907602
907944
907569
907099
907725
907817
907999
907277
907472
908106
907623
907684
907509
907715
907982
907536
907457
907357
907531
907143
907140
907962
907903
907641
907117
907217
906641
906918
907767
907140
907497
907593
907359
907720
908006
907598
907525
907619
907886
908342
907334
907497
907523
907459
907674
907759
907636
907126
907490
907812
907896
907719
907783
907690
907867
907329
907419
907777
907316
907632
907933
907988
907842
907548
907726
907286
907767
907658
908494
907783
907654
907613
907268
907771
907625
907365
907912
907165
907321
907640
907859
907600
907618
907591
907360
907993
908009
908118
907552
907767
907942
907421
907735
908425
907330
907898
907610
907201
907646
907694
907281
907577
907523
908045
907935
907609
907727
908123
907911
907364
907212
907883
907735
907208
907152
907948
907699
907106
907385
907669
907286
907239
907602
907205
908054
907819
908181
907444
907661
907898
907642
908076
907655
907746
907626
907931
907784
907273
907511
907955
907695
907450
907446
907521
907662
908148
907418
907174
907142
908180
908218
907903
907417
908003
907921
906979
907155
907460
907578
907636
907670
907363
908187
907607
907614
907175
907294
908071
907137
907288
907605
907941
907087
907568
907499
907495
907233
907717
907188
907720
907082
906875
907535
907182
907307
907968
907451
908243
907370
907835
908045
907973
907440
908348
907574
907513
907757
908203
907960
907359
907782
907272
907584
907689
907378
907308
907199
908168
907648
907295
907571
907631
907776
908189
907532
907274
907621
907532
907443
907548
907171
907531
907577
907122
907648
907290
907348
907476
907436
907234
907322
907709
907625
907797
907662
907471
908104
907638
907751
907761
907293
908082
907119
907780
907700
907564
907340
907160
907489
907115
907366
907938
907893
908114
906762
908036
907601
908048
907601
907150
907629
908050
907727
907960
907616
907567
907801
907114
907447
907114
907789
907595
907204
907472
907267
907955
907662
907348
907208
908295
907494
907289
907020
908085
907397
907699
907607
907439
907549
907537
907731
907838
907810
907323
907163
907727
907537
907495
908677
906956
907511
907429
906980
908023
907653
907237
907629
907762
907654
907386
907259
907863
907441
907538
907770
907485
907805
907532
907482
907450
907114
908005
907227
907724
907353
906806
907337
907837
908527
907282
907583
907790
907436
907734
907703
908005
907532
907525
907225
907378
907958
907457
907733
907612
907999
907978
907607
907591
907855
907553
907480
907603
907708
907551
907429
907443
907646
907278
907858
907543
907547
907549
908067
906742
907305
907357
908176
907266
907692
908233
907341
907215
907625
907695
907363
907513
907510
907422
907733
907346
907497
907716
907842
907574
907324
907186
907881
907849
907007
907893
907633
907597
907707
907956
907712
907291
907574
908016
907602
907752
907632
907780
907914
907549
907295
907422
907440
907751
907931
907240
907771
907370
907369
907238
907948
907678
907398
907463
907076
907521
907709
907690
907168
907310
907373
907399
907240
907524
907476
907213
907500
907995
907580
907602
907622
907035
907732
907721
908006
907643
907912
907154
908071
907830
907398
907812
907768
907862
907737
907547
907400
907898
907539
907207
907163
907254
907236
907796
907081
907374
907666
907688
907731
907599
907502
907144
907408
907445
907840
907471
907007
907811
907574
908051
907836
907710
907690
907495
907171
907517
907318
907250
907611
907368
907422
907557
908038
907677
907733
907661
907591
907979
907623
907172
907959
907403
907772
907566
907666
908011
907734
907417
906971
907751
907794
907436
907280
907507
907758
908409
907423
907264
907714
907558
907120
907879
908171
907430
907302
906769
907645
907739
907157
907663
907424
907693
907614
907543
907335
907852
908047
907334
907606
907554
907535
907437
907014
907636
907980
907228
907507
907529
907543
907418
908137
908002
908008
906871
907651
907735
906879
907914
907738
907448
907286
907284
907587
906681
907477
907798
907865
907550
907296
907503
907581
908200
907013
907176
907475
907752
907913
907606
907790
907583
907422
907615
907768
907834
907840
907720
907613
907291
907786
907490
907734
907827
907880
907382
907554
907860
907607
907557
907407
907647
907444
907615
908183
907544
907513
907611
907776
907644
907293
907502
907962
907590
907963
907659
907297
907301
907878
907901
907259
907204
907986
907770
907784
907604
907635
907544
907787
907681
907616
907562
907387
907293
907940
907611
907464
907411
907130
907579
907726
907375
907552
907558
907546
907818
907941
907578
907820
907469
907549
907669
907735
907854
907310
907173
907293
907648
907045
907594
907670
907933
907712
907442
908028
907622
907443
907185
907492
907455
907705
907430
907592
907142
907527
907632
907328
907353
907526
907838
907620
907713
907705
907807
907738
907575
907807
907806
907767
907554
907531
907343
907766
908192
908200
906806
907923
907579
907259
908182
907741
907718
907452
907105
908161
907871
907089
907268
908333
907723
907990
907959
907114
907798
908198
907642
907829
907372
907555
907262
907186
907467
907614
907900
907674
906653
907896
907182
907548
907608
907877
907722
907741
907863
907505
908078
907243
907706
907591
907592
907894
907689
907373
907891
907560
907590
907440
907099
907412
907750
907412
907719
907242
907634
908217
907615
907539
907605
907425
907337
907650
907290
907134
907299
907814
907465
907053
907423
907998
907603
907671
907067
907356
907875
907928
907850
