802331
802122
802651
802426
803037
802535
802575
802790
801905
801651
802563
803077
802650
801905
802913
802293
802211
802343
801719
802406
801963
802229
802549
802545
802354
802405
803228
802416
802117
802305
802710
802024
802074
802522
802499
802500
802144
802374
802123
802486
802564
802958
802334
802570
802505
802876
801975
802470
802898
802719
802734
802474
802435
802895
801892
803348
802784
802391
803228
802745
802532
803307
802753
802672
802586
802365
801307
802369
803063
802769
801909
802787
802319
803179
802997
802275
802096
802871
802099
802189
802348
802956
801775
802279
803220
802483
802716
802118
802394
802590
802476
802349
802288
801846
802717
802967
803399
802848
802889
801909
802762
802258
802861
802256
802505
802726
803315
802981
802468
802504
802706
803497
802259
801891
802785
802618
802406
802192
802198
802654
802496
801965
802909
802887
802654
803043
802750
802290
802816
802701
802379
802988
802677
802755
803105
803185
803097
802424
802774
802746
802923
802324
802583
802709
802749
802939
801722
802395
802473
803341
802214
802809
802400
802198
802265
802027
802328
802391
802238
802694
802468
802892
802820
802869
802881
802805
803003
802510
802091
802680
802406
801801
802569
803028
803115
802897
802888
802361
802734
802369
802527
803257
802907
802808
802462
802002
802102
802451
803174
803035
802684
803159
802691
802716
802560
803086
802706
802562
802212
802622
803056
802479
802965
802605
802485
802393
802699
802477
802137
802754
803155
802909
802651
802850
802607
802400
802190
802505
802857
802453
802717
803075
802751
802441
802235
802005
802712
802567
802360
802656
802823
802788
802912
802261
802386
802998
802581
802732
802036
802758
802459
802734
802453
802888
802377
802471
802442
802619
802179
802302
802591
802489
802806
801707
802799
802079
802831
802210
802901
802788
802150
801852
803128
801955
802183
802990
803221
802349
802684
802436
802515
802742
802776
803078
802645
802523
802206
802721
802025
801565
802286
802281
802189
802620
802490
802983
802330
801727
803006
802448
803078
802389
802869
803043
802611
801886
802199
802433
802370
803086
803020
803227
802548
802385
802412
802623
802938
802240
802507
802463
802298
803168
802435
802404
802693
802188
802038
802855
802880
803162
802178
802768
802429
802663
802741
802793
801889
802411
802048
802127
802293
801635
802726
803257
801915
802526
802792
802310
802360
802297
802515
802442
802858
802844
802949
802889
801454
802896
802576
802466
801912
802085
803043
802922
802568
802447
802096
802722
802797
802844
801891
803493
801872
802530
802442
802386
802389
802319
802529
802299
802478
801954
802314
802085
803141
802313
802252
802569
802401
802110
802878
802614
802748
802901
802591
801805
802254
802791
802712
802677
802545
802405
803319
802652
802786
802315
802542
802140
802273
801911
801993
802059
802557
802390
802380
801684
803060
802300
802981
803132
802578
802107
802591
802275
802518
802480
801954
802189
802593
802977
802695
802726
803292
802504
802288
803056
802106
802577
802220
802388
802268
802471
803498
801624
802875
802323
802598
802527
802036
802478
802724
802227
802750
802429
801827
801902
802399
802820
802959
802510
801833
802586
802377
802872
802966
802905
803220
802727
802258
802718
802379
802075
802823
803631
802563
802189
802611
802239
802558
802574
803229
803242
802623
802483
802176
803473
802151
802316
802732
802124
802042
802576
802518
801668
802944
802856
802346
801873
802467
802553
803067
802833
802169
802175
802586
802218
802984
802241
802438
803019
802478
802423
802505
802231
802640
802587
802791
802687
803400
802240
802101
802555
803006
802679
801840
802230
802677
802844
801913
802796
802654
802126
802715
802684
802695
801908
802596
801920
802985
802343
802807
802282
802867
802580
801842
802153
803101
802874
802915
802227
801936
802767
802751
802295
802980
802072
802860
802372
802609
803138
802677
802985
802194
802159
802382
802629
802153
802289
802529
802584
802860
802239
802459
802810
802214
802488
803102
803162
802070
803217
802202
802432
802644
802417
802455
802071
802327
802449
801728
802646
802583
802914
802186
802450
802363
802146
802993
802809
802225
802391
801759
803299
802097
801811
802809
802711
802308
802085
803022
803252
802698
802499
801995
802676
802595
802405
803193
802060
801918
801426
802320
802262
802803
803082
802541
802095
802329
802810
802229
801748
802671
802661
802748
802907
801879
802420
802412
801978
801726
802105
802357
802349
802262
802227
802997
802336
803342
802645
802729
802851
802324
802669
802791
802045
802134
802231
802416
802239
802950
801849
802634
803307
802202
802489
802553
802000
801978
802130
802172
801782
801939
803135
802680
803197
802868
803155
803275
802463
802277
801801
801922
803007
802620
802353
802764
802445
801598
802662
802267
802677
802147
802375
802312
803163
802569
802832
802549
802890
802250
802451
802448
802373
802089
802677
803157
802482
802504
802360
802660
802539
802250
801872
802496
802808
802789
803503
802836
802179
801653
801997
802833
802531
802427
802996
802317
802481
803440
802422
803323
802965
802546
802787
802135
802824
802006
802579
803368
802822
802959
803066
802948
802220
803331
802865
802289
802187
802749
801991
802761
802905
802512
803004
801950
802756
803194
801721
803305
802536
802679
803013
802813
802325
802306
802789
801903
802117
802703
801865
802845
801895
802368
802992
802822
802178
802829
802626
802380
802814
802082
802194
802086
802540
802100
802663
803299
802472
802318
803089
802631
801756
802856
802686
802718
802740
802782
802977
802609
802844
802758
802539
801721
801970
802926
802493
802110
802766
803304
802190
801939
802658
802620
802346
803079
802781
802471
802571
802404
802003
802373
802845
802042
802087
803012
801980
802777
802865
802190
802058
802730
802894
803037
802179
802450
802643
803076
802001
802550
802709
802268
802305
802918
802357
802629
802092
802438
802252
802936
802781
802205
802933
802132
802881
802253
801999
802404
802480
801971
802555
803033
802125
802532
802939
802693
802548
802222
802080
802612
802423
803006
802154
802634
802442
802284
802257
802395
802867
802579
802515
802320
802665
802417
802765
802383
802708
802729
802795
801792
803046
803125
803117
802599
802539
803165
802167
802433
802628
802685
802385
802258
802945
802717
801750
801800
802477
802284
802551
802616
801567
802396
802096
803094
801930
802538
802244
802352
802547
801933
802151
803485
802639
802637
802540
802589
802580
802796
802836
802643
802365
802664
803021
802076
802410
802303
802828
803076
802655
802557
802561
802156
802657
802690
802683
801875
802305
802569
802518
801956
802252
801753
803044
802376
801559
802991
802385
802579
802396
802706
802477
802822
802945
802391
802727
802489
802620
802793
802407
802727
802468
803099
802638
802312
802786
803095
802489
802953
802644
801655
802819
802839
802690
802699
802036
802842
802236
802480
802981
802621
802543
803123
803041
802542
802305
802257
802711
802448
802384
802279
802549
802452
802314
803016
802401
802313
801835
802508
801757
802660
802888
802801
802521
