347209
347090
347503
347837
347739
347945
348424
347229
347333
347906
348094
346760
347717
347630
348354
347624
347484
349024
347839
348128
348743
348494
348090
348546
348534
347678
347739
348571
348770
348144
347695
348915
347489
347748
348546
348577
348047
349026
347874
348770
347863
347679
348428
348064
348356
348396
348558
348717
348507
348791
348336
348236
347506
348628
348527
348651
348308
349082
348027
348546
348232
347767
348094
348157
347519
348649
348259
348113
348290
346861
347512
347533
346663
347051
347679
347129
347750
348427
347801
347911
347797
348332
347165
347704
347474
347451
347441
348720
348658
347159
347957
348223
348084
348237
348058
348658
348140
347786
347819
348169
348248
347991
348016
347913
348133
348254
347542
347331
348311
348141
348449
348007
347701
347609
347324
348458
349025
348116
348191
348069
347651
348453
348665
348072
347205
349030
348419
348552
347348
348187
348875
347956
347487
348058
347753
348605
347655
348105
347917
348061
347964
347556
348136
348114
347549
348017
347747
347902
347836
347532
347819
348128
347222
347783
348818
348066
348218
348513
347841
347786
347392
347353
347399
348040
347490
347827
347151
347723
348230
347580
347673
347863
347788
347434
348883
347840
348618
347625
347565
347714
347969
348502
347803
347538
348232
347917
348228
347924
348558
348480
348014
348041
348433
347451
347852
347431
346831
346433
347150
347546
347642
347670
347054
348039
347298
348185
347182
347317
347460
347728
347035
347940
347897
347563
348340
347472
346931
347016
347330
348224
347825
347895
347225
347755
348067
348386
347662
348214
347315
347557
347337
348254
347825
346981
347444
347732
346711
347968
347816
346647
347524
347695
347629
347682
348136
346973
347760
346916
347504
347104
347374
347441
347645
347076
348375
346793
347758
347817
347363
348637
347923
347903
346411
347647
347414
348476
347045
347400
347498
346797
348073
347080
347634
347218
348408
348466
347739
347761
348249
347931
348314
347670
348090
348055
347402
347769
347327
347503
347393
348112
347701
348147
347223
347958
347084
348402
347801
348732
348336
348286
347229
347483
347679
348600
348045
348257
347582
347511
348848
346836
347165
347702
347631
347253
347994
347613
347843
347901
347469
347003
347217
347710
346832
347355
348024
348272
347809
347045
348187
347811
348561
346810
347675
347653
348104
347358
347441
347558
347864
347149
347985
347326
347808
347908
347609
346889
347181
347562
347472
348952
347929
347666
347010
347704
347400
348804
347678
346594
348001
348857
347511
347506
347116
347617
347116
347433
348282
347696
347783
347153
347587
347953
347394
347374
347875
346920
347747
347796
347661
347167
347570
348981
347441
347927
348147
348402
347232
347423
347538
347506
348330
347138
348120
347809
347443
347915
347951
346612
347579
348069
347448
348234
347227
347197
347771
347966
348119
348076
347969
347994
347957
347639
348330
348288
347988
348405
347772
348069
347488
348800
348292
348506
348516
347848
347632
347799
348434
348609
347847
348008
348086
347229
347205
349406
348773
348102
347719
348227
348176
348751
348179
348044
348622
347695
347358
348562
347879
348438
347772
348326
348331
348245
348117
347848
347403
346967
348650
348422
347073
347480
348198
348993
348357
348047
347670
347263
347256
347336
347800
347167
347301
347760
348283
348148
348446
348333
348725
348120
348281
348479
347091
348043
347445
347607
348190
347432
348015
348207
347752
348052
347860
347959
347655
348632
347917
347258
348061
347758
347580
347772
347901
347047
347970
347396
346892
347117
347476
347995
347245
347836
347067
347255
347236
347528
348260
347789
347790
348367
347791
348125
348442
347871
347806
347337
347846
347243
347393
347448
348217
347687
347921
348616
347582
347728
348109
348295
348088
347184
346745
347985
347510
348034
347734
348107
348056
347741
347946
347509
347661
347724
348460
348535
348049
348366
348297
348409
348052
347439
347217
346788
348228
347499
347799
347303
347536
347986
347341
347653
348602
347707
347225
347572
348277
347892
347571
347637
347354
347569
348599
348028
347999
346765
347997
347976
347606
348518
348322
347213
347469
348459
347754
347884
348859
348361
347667
347444
348147
347633
347521
347913
347792
347031
347229
348200
348448
347683
348150
347692
347431
347004
347739
347634
347490
347594
348015
347691
347356
347829
347467
347659
347615
348782
347414
348107
348319
347422
348074
347370
347531
347741
348304
347374
346664
348557
347689
346704
348510
348185
346792
348064
348339
347766
348266
348336
347567
348113
347233
347487
347389
347233
347381
347536
347680
348176
347930
347774
347858
347948
348468
347420
347909
347571
347292
347270
347295
347775
347426
347634
347584
347507
347691
347631
347632
347765
348470
347493
348553
348804
347330
347612
347269
347132
347663
347874
347254
348309
348500
347725
346955
347975
347528
347916
348452
348104
347949
348660
347423
347276
347640
347479
348730
348050
348110
347327
347793
348964
347825
347661
347616
347205
347316
346997
348616
347925
347541
347455
347275
348255
348814
347269
347609
348272
347360
347934
347364
347551
347467
349207
348214
347563
347001
347846
347669
346593
347329
348387
347888
347811
347532
348717
348193
347891
348174
347448
348342
347417
347877
347868
347600
348211
347435
348563
347415
347807
348075
347844
348638
347702
348498
349148
348004
348048
348006
347658
347655
348285
348049
347651
348434
347699
347995
346983
347347
348443
348397
348157
348310
348311
346981
348022
347497
348137
348100
347286
347497
347807
347848
347605
348009
347854
348076
348170
348789
347956
347868
346869
347433
347877
347335
348506
348118
348368
347762
347213
347431
347612
348324
348106
348553
347893
348332
347592
347930
348460
347045
347849
348633
346862
347799
348347
347040
347469
348386
348096
348036
348648
347853
347588
348164
348462
348122
349211
347733
347411
347181
347676
347422
348384
348046
348144
348174
347674
348251
348963
346640
348819
347482
347264
347871
348110
348825
347562
347490
347904
347972
348280
347849
348737
347899
348197
347970
347926
348399
348640
348162
348112
347989
347749
347321
348302
348091
348177
348418
347944
347844
347753
347548
346980
348173
347915
348254
348342
348343
347462
347758
347196
347737
347489
347388
348432
347844
347301
348768
349164
348798
348478
348370
347150
348043
347932
348272
347712
347626
348237
347826
347296
347264
347389
347811
348055
348243
349050
348191
348679
347755
347903
347584
348438
348560
347699
348013
348646
348494
348490
349020
347980
348259
349082
348440
349146
347067
347746
348605
348767
348738
348599
348034
347226
348413
348623
347763
348408
348574
348642
348491
348146
348893
348619
349986
347966
348542
348106
348622
348267
347363
348523
348215
347694
347858
347949
347638
347236
347848
347137
347684
348032
346822
347411
346672
347033
347421
346606
347578
346712
348508
347031
347932
347820
348173
347525
347889
348213
348460
348467
348342
347476
348128
347204
347003
347703
349004
347694
347704
347156
347899
347617
347170
347307
348345
347225
