425431
425982
425406
425954
425078
424408
426057
425879
425694
426218
425729
425788
425705
426363
425400
426206
426136
425326
426556
426479
425868
426077
426221
425445
425703
425973
425964
426151
426812
425887
425816
426308
425998
426475
426286
426040
426028
425287
425799
425330
425903
426034
425758
426492
425930
426188
426779
426300
426847
425667
426117
425958
425395
425988
426013
425950
425755
425535
425818
425891
425874
426241
425610
425858
425544
426259
425346
426767
424525
426224
425385
426058
425658
426063
424923
426457
424875
425897
425437
426324
425270
425818
424878
425517
425981
425198
425440
425692
425203
425699
425712
425596
426168
425379
424955
425272
425402
426222
425814
425799
425723
425351
425268
426427
425886
425126
425163
425909
424884
425638
425340
426410
425046
425408
426900
425841
424989
425643
425422
426046
426272
425488
426222
426041
425944
426843
425603
425543
426470
426157
424747
426561
425587
425929
425982
425011
424769
425799
425139
425806
425295
425020
425803
424979
426341
426070
425684
426513
425356
426004
426767
425878
425562
425683
426143
425974
425715
425538
425778
426704
425278
425549
425356
425677
424903
425796
425306
425734
425175
425950
425313
425331
425390
425946
425639
425965
426211
425711
426444
426543
425968
425781
425795
426571
425350
425693
425079
425468
426658
425720
425495
425652
425121
425935
425605
425088
426059
424932
425164
425789
426728
425355
425002
425479
424048
424650
425029
424634
425577
425068
425001
424591
424400
425566
425785
425543
425220
425541
425478
424551
425225
425611
425032
424235
425192
424650
424158
425420
425683
425122
425269
425612
425088
425140
424447
425473
425560
424381
424899
424942
424805
424780
425486
425326
425540
425320
425274
425427
426077
424727
426108
425963
424796
424551
424812
424979
424420
425297
425765
425184
425444
426157
424626
426275
425868
425659
424449
424768
426145
425243
424767
426099
426094
425890
425992
425710
424740
424962
425388
425550
425332
426302
425097
425305
425277
425265
425470
424658
425051
424944
424858
426540
425161
426042
425847
425121
424897
425017
425323
425420
425457
425814
425857
424915
425241
424686
425495
425933
425657
425702
425114
425550
424680
425243
425673
426490
425216
425657
425691
425276
426285
424862
425946
425219
425684
425845
425592
425379
425080
425564
425653
425266
424904
425224
425948
425155
425682
424726
425176
424302
425547
425992
425571
425574
426034
424257
425407
425408
425020
425573
425665
425549
425710
425794
424751
424802
424537
425780
425454
425864
426071
425766
425774
424899
425610
424863
425654
425735
425461
425604
425224
425335
426112
425498
426003
425384
425680
425871
425378
425098
425083
425404
425757
424587
426034
425097
425702
425919
425630
426160
425114
425639
424904
426773
425790
425819
425317
424889
424545
425211
426740
426030
425424
426098
426331
425639
425881
426245
425628
425427
425777
425419
426416
426745
426495
425604
425606
425831
425429
426133
425960
425714
425827
425844
425938
425047
426429
425722
424342
424965
425315
425777
425199
425102
425592
426263
425877
425760
426044
425171
425786
425806
425719
425676
425523
426074
425951
425412
424522
425092
426537
425764
426321
425363
426273
425027
425559
425961
426010
426533
425392
425347
425411
426771
425432
425576
425412
425168
426243
425449
425102
425476
426310
425732
425575
425805
425355
424549
426282
425585
425667
426389
425406
425514
425625
426113
425574
425838
424900
425148
425619
425872
425320
425799
425288
424373
426124
425436
425593
425606
425180
426493
425194
425756
425829
425565
425384
425795
425744
425226
425428
425976
425059
425862
424937
425255
426010
425516
425787
425106
425699
425925
426151
425807
426181
424894
425725
424882
425022
426013
425497
425492
424952
425809
424616
424989
424826
425704
424987
425412
425091
425073
425858
426107
426030
425710
425562
426166
425742
425629
424699
424924
425376
425702
424974
425622
425099
425322
425508
425374
425168
425603
424906
425308
425950
425496
425121
425596
425736
426816
426387
425801
425025
424727
424838
425381
424981
425529
425864
424601
424350
425250
425307
425323
426184
425283
425106
424691
425507
424857
425285
424765
425432
425787
426253
425648
424892
425646
425317
425518
425067
425680
425543
425216
425390
425947
425661
425717
425626
425199
424854
425272
423956
424637
425549
425309
425528
426039
426379
426222
424242
424863
425835
425246
425458
425464
424626
425700
425777
425078
425039
426152
425723
425368
425679
425610
424497
424732
425354
424265
424288
424580
425957
424867
425506
425661
424777
425840
425630
425613
425314
425992
425333
426006
425157
425948
425270
425064
426165
425261
425037
425427
425956
426393
425505
426239
425350
426348
425471
425915
426866
425237
426854
426133
425492
426027
425492
425432
425785
425644
425805
424603
425793
425493
425934
425978
425468
425832
425694
426497
426181
425746
426840
425636
425771
426005
424791
425627
424287
425451
425561
425668
426850
426047
425716
425234
425554
425888
425768
425616
426032
425071
425778
425676
425843
425771
424809
426303
426255
424748
425591
424549
424707
425275
424933
425278
425123
425861
426613
425473
425324
425107
424705
425946
425582
425256
424962
425718
425506
425448
425021
425382
425746
425619
425234
424911
424598
424400
426152
425485
426138
424630
426120
425614
425156
425215
425945
425422
425634
425442
426015
425843
426328
425443
426045
424805
426204
426787
426595
425762
425552
425579
425696
425650
425714
426399
425852
426214
426556
425771
426102
425949
426389
425681
425552
425261
426056
425195
426641
425702
426555
425555
425803
425965
425980
425587
425424
425505
425374
425301
425673
426297
425867
425487
425319
425289
425627
425652
425556
425463
426119
425366
426554
425577
426374
424903
424814
425320
425199
426146
425238
425742
426099
425319
425410
426153
425919
426524
426306
426694
425435
425843
426019
426580
426547
425702
426674
425192
426162
426513
427376
425711
426454
426676
425959
425950
426507
426463
426216
426467
426120
425054
425784
425848
425593
426196
425589
426860
425840
425306
426413
426260
427094
426892
425383
425628
425885
425731
425798
425496
426186
425732
426348
424893
425613
425929
425817
426086
425707
425593
426506
426651
425085
425606
426041
426505
426110
426008
425519
425728
425537
426619
426306
425602
426589
426447
426253
426201
425223
426209
426430
426010
426201
425975
425289
425485
425339
425214
425047
424511
426076
424957
425793
425605
426229
425909
426413
425999
425709
425936
426730
426232
426720
425469
425443
425735
426214
426671
425211
426765
425680
426190
425969
426192
427028
425281
426277
425864
425713
425661
425427
425672
426100
426045
425779
426133
425380
426256
424811
426220
426501
425847
425073
427164
425011
425344
426323
426006
425971
426205
425059
425022
425265
425495
425313
425367
425017
425118
426401
425324
425956
425436
425263
425433
424905
424295
426469
426646
426157
426022
426204
425930
426459
426386
425882
425989
426413
425661
425927
426602
426214
426084
425571
425424
425846
425548
425283
426044
424532
424791
