651469
650371
650628
651100
651630
650849
650771
651671
650682
651287
650596
651098
651001
651721
651437
651185
651125
650963
651323
651435
650868
650289
651442
651650
649859
651505
650304
650459
651200
651320
651016
651338
650954
650963
652322
650853
651311
650717
650891
650963
650449
650868
650683
650952
651154
651098
651298
651094
651250
652340
651448
650835
652738
651068
650966
649712
650619
650979
651137
650993
650417
650892
651449
651527
651764
651376
651095
650497
651292
650851
652119
651414
651746
651241
650871
650694
650485
651500
650834
650752
650993
651219
651242
651416
651610
651121
651506
651994
651086
652409
651402
651155
651436
650927
650817
650890
651699
650569
650652
651671
651875
651152
650564
650126
651365
651672
651517
651509
651087
650897
651279
651025
650902
651077
650950
651315
651156
651563
651291
651567
650733
651244
651705
651109
651036
650551
651659
650796
651354
650212
650811
651203
650665
650056
651148
651457
651380
650425
650326
650780
650573
650210
651015
651149
650675
649470
650000
650773
651061
651375
651018
651227
650684
650151
651237
650796
650190
650599
650026
650493
650224
651633
652444
649956
650902
650597
651162
651272
650115
650450
651056
650557
650953
650718
651089
651110
650744
651846
651160
650754
651201
650502
651120
650735
650805
650168
651410
652110
650534
650579
651357
651757
650634
650721
650665
650982
650696
650678
651844
651008
651071
650882
650289
651314
650700
650692
651446
650229
650715
650501
650368
650139
650719
651421
651273
650908
650219
650635
650708
650506
651934
650325
650722
650906
651879
652091
651062
651472
651709
651503
651456
651979
651856
651809
652153
650654
651296
651614
651981
650932
651474
651702
651304
652350
651476
652345
651138
651913
651140
651305
650756
651616
651635
650689
651309
651034
650077
651188
650812
651106
650008
652122
651130
650139
650426
651131
651501
650817
650718
651244
650637
650286
651502
651373
650693
650666
650876
650198
650009
650457
650851
651323
650296
650140
650025
650552
651023
651819
651065
650770
650450
651998
650698
652068
650553
650603
650705
650098
650950
651144
650479
651287
651094
650012
650902
650931
650552
651386
650444
650304
650643
650703
650318
650790
650940
650482
651106
651072
650778
650815
650560
650735
651150
651098
651032
650085
650875
651066
651181
651575
651012
650612
651467
651713
651268
650753
652318
650463
650262
649885
650633
651135
650745
651299
651305
650673
650582
651072
650378
650227
651112
651659
651714
651159
650525
651037
650420
651373
651199
650386
650839
651234
650746
651259
650421
651342
651340
651980
651102
651300
651348
650639
649814
651186
650382
651622
651320
651583
650870
650730
650733
650657
651673
650297
650741
651084
650887
651476
650028
651496
650853
650588
652058
651247
651190
650586
651377
650816
651279
652344
651246
651038
650885
651220
650875
650799
651518
651042
651641
650326
650775
650474
650652
651890
650603
651561
650449
651058
650526
650393
651678
650963
650353
649749
651334
651599
650732
650834
650248
650829
651129
650974
650485
651028
650560
650285
650156
649971
651287
651443
650910
650377
651424
649600
650227
651225
650775
650415
651112
650666
650490
651031
651556
651148
650540
650234
651145
651137
650649
650832
651367
651434
651797
650596
650838
650637
651557
650981
651600
650256
650699
650813
651810
650611
650073
650628
651116
651308
650891
651171
651020
650561
651113
650448
651057
651049
651232
652026
650869
651293
650590
651190
651167
650569
651013
650858
650745
651899
650674
650170
650481
651111
651264
651085
650883
650428
650786
650843
650729
650650
649766
650717
651560
650418
650831
650549
650574
651282
651344
650345
651052
651120
650626
651612
650101
650264
652049
651013
650635
651690
651044
650871
650411
650857
650689
650574
651268
650916
650494
650984
650216
651448
650998
650877
650545
651527
650468
650086
651150
651052
650496
650965
650427
650377
651308
651071
650974
650953
651560
650376
650568
650459
650869
651127
650734
651370
651890
650861
650641
650453
650877
650246
650854
650995
651054
650111
650928
651366
651349
651297
651212
650898
651170
650312
650623
651316
650887
651404
650828
650566
651185
651052
651259
651075
651461
651525
650782
650787
651005
651027
650514
651349
650726
650843
650618
651186
651364
650705
651215
651852
649961
651068
651052
651241
650759
650522
651264
651349
651540
650916
650003
649993
651184
650425
651502
651062
650975
651539
650370
651219
650638
650886
651530
651051
650375
650827
650605
650936
650624
650970
651874
651821
651096
652184
651045
650446
651983
651085
651616
652486
650197
650097
651430
651417
651056
650719
651611
650582
651257
651067
650307
650345
650156
651529
650183
651385
650626
650974
651722
651456
650815
650626
650424
651359
651443
651578
652419
651113
651082
651319
650865
650393
651028
651118
650615
651488
650664
650866
651472
650361
650996
651056
651165
650413
650986
650311
651252
650304
651074
650062
650868
650748
650787
650501
650749
650107
651967
651353
650685
651358
651098
650896
650455
649858
651158
651299
650525
650977
650999
650473
651283
650444
651043
650452
650059
650596
650300
650279
650767
650533
650919
650372
651443
651599
650649
650946
651249
650703
649754
650953
651180
650221
650455
650807
650823
649615
650754
651222
650609
650864
650512
651098
651158
651109
651615
650836
651271
651049
650975
652051
651044
651011
651295
650982
650742
651169
650239
651336
651465
651003
651325
651454
651248
651712
650934
650829
651019
650121
651354
651911
650291
652074
651494
650733
651438
651434
651392
651236
650367
650668
650813
650259
651050
650472
652186
651233
650756
651215
651111
650539
651173
650687
650718
650682
650339
650557
651330
650251
651039
650766
652460
651167
652081
650041
650102
650155
649897
650719
651169
650888
651171
650336
650613
651632
650430
651057
651925
650743
651329
650625
652206
650410
652013
652265
651351
651230
650560
651463
651821
651282
652050
651846
651931
651169
651785
651183
651505
651066
650659
651619
651184
650368
651312
651302
651561
651641
651067
651690
652016
651826
651058
651267
651858
651271
651069
651526
650866
650589
650953
651598
650666
651229
651420
651631
651036
650782
650917
650868
650808
650494
651131
650740
650709
650982
650902
651142
651807
650894
651074
650817
651897
650573
650169
650367
651131
650889
650959
651053
650570
651067
650674
651287
651651
651127
650759
650898
649930
650510
650036
650375
651431
651443
651046
652605
651147
650328
650519
651266
651520
650892
650827
651679
651107
652295
650865
651775
651103
650978
650918
650933
651133
651186
650924
650710
651732
650363
650970
651735
650803
651583
651105
650893
650237
651516
651110
650941
650595
651412
650341
651157
650672
651255
651817
651230
651095
651712
650989
651565
651293
651243
651041
650173
651026
651529
650643
651230
651480
650357
651141
651337
650910
651637
650545
651085
650297
650955
650861
650852
650371
650942
651614
651223
650691
650346
650703
650983
651054
650917
650525
651105
651401
651330
650746
650562
650806
649894
651387
650368
651692
649646
