574040
573457
573894
573136
572445
572594
572006
572127
574137
573903
574266
574232
573878
575001
573660
574059
573944
573506
574517
573431
574722
574012
573101
573234
573392
574059
574254
573151
573200
573414
574106
573652
573540
572914
573052
573807
571817
573997
573645
574053
573286
573940
573743
573641
574168
573668
573464
573824
573505
574560
573355
574398
573657
573512
573872
573910
573732
574241
573577
573198
574117
573214
573826
574005
574262
573731
574210
574136
573742
573273
574098
574417
574055
574879
573875
573629
573687
573669
572900
573514
573150
573738
572834
573525
573360
572846
572887
574113
572720
573615
573786
573774
574152
573928
574493
573236
574307
573778
573211
573718
573891
573391
573018
573420
574245
573610
573300
573867
573878
573430
573657
573806
573161
573311
574853
573197
573520
573046
573963
573735
573480
573486
573688
573796
574391
573127
572958
573795
573609
573443
573522
573438
572796
572994
573386
573344
572554
572953
573701
574200
572898
573112
572975
573184
573854
572408
574118
573664
573035
574305
573749
573702
573178
573795
573201
573203
572630
573077
573502
572523
573180
572895
573282
573537
572732
573031
573988
573371
572828
572495
573358
573290
573634
574052
572935
573600
573851
573396
573368
573605
572482
574559
573458
572734
573195
573383
573326
572642
572562
572834
572538
573117
572438
573235
572851
572993
572799
572958
573099
572648
572446
573210
572598
572888
573414
572777
572555
573909
572470
573349
573412
572271
573385
572660
573060
572656
573405
572684
572037
572350
572688
573072
572305
573142
573011
573432
572831
573665
573445
572620
573697
572899
573574
573174
572643
573199
572818
572667
572590
573637
573505
573508
573902
572990
573392
573008
572101
573340
572363
573760
573843
573406
573431
572963
572974
573260
573848
572360
573939
573648
573202
573742
572573
573243
572667
573530
573665
573290
573395
573422
572661
574151
573551
573386
574454
573062
574056
573425
573133
573731
572602
573015
573352
572799
573369
573463
573574
573543
573645
572819
572300
574130
572847
573082
572522
573520
572565
572756
572780
573386
572844
573365
572874
573715
573055
573445
573383
573000
572826
572744
572812
573113
573406
573989
573349
574355
573484
572885
572767
573373
572483
573300
573295
573471
572248
572210
572961
572226
573129
572181
573539
573021
573086
572417
572608
572869
574034
572497
573085
573680
573315
573340
573055
573961
572993
573289
572958
574387
573982
572945
573405
573299
574346
573291
574103
573613
572819
573397
572910
572525
572416
572609
573981
573162
572437
573153
571514
572333
573797
572656
573280
573242
573084
573141
572801
572822
572685
572841
573746
573896
572592
572734
573589
572600
573019
572680
572770
572725
573911
573479
572908
572707
573215
573015
572587
573372
573249
573041
572643
573157
573231
573751
573229
573065
573785
574083
573164
573161
573579
573713
572631
571889
574069
573400
573252
573559
573538
574304
572999
573019
573440
573876
573831
573383
574478
573508
573487
573174
573743
573697
573744
574016
573226
574344
573833
573747
573783
573409
573287
573871
573395
574116
573392
574439
573456
573480
573739
573470
573555
573517
573840
572661
573905
572819
573795
574169
573355
573264
573043
573414
573243
573534
573203
573200
572651
572691
573276
572720
572783
572983
573154
572785
573033
573784
573689
572725
574058
573781
573869
573005
573995
572997
572674
572911
572795
571706
573135
573421
573454
572881
573056
573002
573409
572940
572671
573338
573383
573384
573270
573114
573810
572145
572712
573183
573117
573667
573413
572869
573273
573181
573060
573116
573662
573244
573490
573126
573056
573273
572283
572598
572522
573484
573776
574115
573672
572676
572575
573162
573430
572888
573079
572432
572185
572793
572489
573506
573746
573672
573563
573034
573213
572861
573178
573869
573028
573795
572656
572712
572563
573445
573302
573074
573488
572939
573779
573538
572990
572239
572989
573028
572821
572895
573089
573439
573496
572685
573391
572931
573750
572649
572092
574356
573751
572997
572768
572771
572970
573684
573257
573292
572691
573239
572874
572532
572502
573528
574174
573115
574346
572730
572805
572883
573116
573426
573208
573095
572273
573236
573912
573728
573385
573547
572909
573278
574078
572669
573341
572915
572520
572976
572895
572481
573739
572919
573572
572990
573725
573412
573250
574040
573103
573411
573013
573473
573908
573756
573202
573761
572511
572710
573015
573185
573465
572952
572745
572882
573536
574038
573442
573580
572400
573415
573512
572000
573412
572603
573111
573690
573454
573993
574188
573795
573566
573586
573021
573680
574218
573698
572841
573365
573225
573828
573473
573612
573287
573255
572727
573148
573897
573529
573616
573146
572969
572684
572735
573298
574318
573471
574036
573823
572211
573908
574074
573987
573068
574319
574536
573588
573450
573665
574000
573149
574009
572883
573577
573204
572555
572799
573558
573948
573697
573388
573739
573922
574297
573505
573542
573470
574243
572988
572644
573609
573542
573411
574201
573428
573407
572943
573969
573987
573732
573755
573498
573490
573837
573406
573282
573061
572856
573259
573404
572491
572782
573649
573167
573936
572599
572917
572320
573384
572872
573859
571963
572937
573741
572824
572972
572095
573706
571975
572214
572674
573859
573720
574038
573333
573973
573592
574040
573606
574188
573197
573772
573944
574438
573047
573905
573626
573035
574668
573832
573390
573742
574687
573952
573321
574015
573653
573015
573941
573162
572909
574026
573222
573533
574186
573326
572997
573482
573696
573706
573189
573710
573088
573125
573574
573532
575069
573214
573597
573210
573783
573836
574061
573764
574474
574343
574053
572823
573316
573505
574369
573309
573522
573725
573866
572803
573501
573122
573296
572938
573113
573017
572642
573236
574575
573261
573682
573283
573918
574374
573355
573709
574443
574077
573504
574914
573249
574191
573957
573966
573859
573457
574100
574754
573907
572974
573867
573834
573419
574693
574324
574032
573395
574292
574263
573656
573715
573893
574546
573342
574457
573592
573984
574151
573254
573214
573326
573912
573699
573035
574559
573099
573075
573497
573785
573838
574352
572377
573384
573443
574565
573770
573809
573643
573961
574440
574664
575018
573995
573944
573886
573318
573066
573366
573344
573797
574371
573712
573692
573223
573241
572781
574214
572911
572754
573070
572391
573683
572912
572519
573178
574464
573836
574788
573123
574203
573646
574102
573837
574365
574425
574202
573111
573864
573299
573900
574606
574206
573337
574085
573558
572611
573948
573564
573195
573622
573234
572436
572951
573226
574390
573702
573960
574650
573063
573519
573204
573275
573218
574226
573536
573435
573959
573753
572889
573453
572789
573419
573468
572933
574039
573496
572333
573212
573997
573850
574319
572592
574399
572916
572819
573127
572738
573353
572954
574277
573602
574201
573797
573777
573415
573606
573713
574205
574226
573173
572995
573471
573422
573969
573870
573259
573495
573125
572877
572617
573302
572271
573209
