53007
53045
53289
53173
53136
53107
53359
52968
53253
52913
52863
53048
53015
52981
52740
53084
53121
53157
53121
52861
52761
53128
53191
52916
53051
52728
53178
52984
52937
53078
53073
52903
52945
53112
53160
52982
53128
53319
52962
53135
53069
52807
52782
53248
53159
53205
53118
53134
53318
53315
53232
52959
53359
53441
52915
52637
53030
53182
53079
53095
52929
53215
52973
53159
53021
52914
53270
53160
53112
53257
53131
53049
53198
52988
52845
53133
52927
52721
52835
53078
53114
52909
52912
52858
53186
53124
53322
53181
52916
53119
53000
53219
53177
52919
52999
53112
52900
52976
52750
52954
52856
53250
53248
53054
53265
53319
53276
53114
53169
52995
53010
53003
53247
53065
53094
52914
53147
53122
53040
53181
53249
53390
53250
53106
53287
53014
53157
53194
52821
52879
53023
53009
52958
53241
53191
53026
53312
53398
53304
52958
52993
53233
52941
52942
53182
52995
53095
53258
53285
52853
53222
53098
53070
52908
53001
52894
53354
53203
53164
53137
53089
53047
53266
53181
53231
53364
53288
53064
53100
53202
52907
53054
52808
52926
52930
52948
53234
53030
53008
53283
53228
53131
53119
52624
53232
53075
52839
52961
53049
53118
52993
53070
53130
53199
53236
53146
53056
53203
52828
52912
53089
52841
53141
53140
53009
53137
53233
52972
52926
53001
52700
53006
53164
53128
53140
53193
53050
52911
53067
52937
53195
53187
53051
53174
53058
53128
53140
53026
53153
53037
52998
53285
52913
53122
53375
53147
52802
52851
53466
52887
53319
53092
53111
53072
53255
52828
52782
52944
53265
52872
52852
53167
52793
53082
52750
53250
53408
52874
52663
53180
52856
53561
53315
53142
53131
52942
53063
53041
53070
52946
53339
53000
53036
53021
52775
53455
52933
52993
53146
53005
52995
53185
53014
52812
52807
52844
53205
52941
53083
53147
53201
52876
52971
53366
53154
53217
52819
52942
52975
53185
53154
53021
53155
53116
53202
53065
52802
53372
53130
53164
52995
53009
53056
53119
53109
53193
53097
52780
52926
53140
53262
53065
53199
53058
53275
53304
53167
53050
53014
52998
53282
53112
53101
53194
53172
53013
53016
53193
53087
53047
52797
53031
53110
53177
53005
53109
52872
53188
52821
53237
53177
53134
52821
52956
53019
53289
53105
53042
53093
53175
52999
53356
53203
52806
53130
52765
53055
53190
53049
53108
52999
53104
53326
53223
53245
53551
52751
53204
53076
53014
52778
53358
52947
53402
53178
52910
53141
53180
53059
53151
53052
53030
52994
52936
53007
52927
53212
52821
53112
53309
53090
53122
53011
53318
53084
53284
52857
53020
53247
53071
53057
53132
53022
53275
52777
53200
52765
53177
52996
53019
53257
52926
53156
52890
53003
53483
52948
52836
53031
52967
53051
53231
53284
53068
52838
53318
53247
53329
52995
53343
53031
53102
53050
52901
53126
53018
53152
52975
52994
53318
52989
53161
53136
53120
53007
53187
52946
52947
52833
52901
53111
53115
53034
53329
53064
53099
52669
53205
52932
53028
53112
53007
53030
53259
52974
53333
52968
53083
52790
52934
52979
53211
52796
52983
53304
53183
52747
52833
52782
53305
53139
52953
53246
53375
53085
53023
52929
53128
53042
53148
53136
52980
53021
52776
53084
52992
52827
53014
53363
52997
53226
53305
53335
53066
53254
52858
52988
53009
53186
53023
53150
53169
53423
53242
53105
53236
53084
53008
53286
52975
53063
52912
53174
53224
53033
52906
53216
53251
53198
53071
52943
52974
52991
52997
52773
53361
52964
52981
53299
53019
53346
53159
53175
53043
52977
53119
53082
53007
52988
53112
53043
53195
53161
52930
52984
53100
52952
53056
53275
53114
53070
53072
53090
53120
52990
53264
53026
53065
53133
52960
53082
53171
53020
53083
53033
52938
53164
53218
53205
53050
52831
53200
53233
53047
53171
53104
53324
52977
52840
52890
53184
53016
52960
53157
53289
53137
53218
53335
53152
53004
53180
53207
53222
53406
53204
53196
53081
53232
53193
53053
53006
53356
53203
53260
53066
53009
53045
53227
53055
53132
53462
53130
53288
53196
53160
52818
53338
52796
53035
53196
53062
52918
53073
53297
53084
53231
52923
53440
52938
53337
53046
53036
52820
53133
53228
53077
53140
53102
53133
52969
53058
52929
53218
53375
52966
52902
53262
53093
52987
53049
53090
52887
52938
53085
53120
53351
52830
53222
53032
52856
52787
53097
53308
53012
53166
52954
53010
52971
52918
53025
53260
53223
52976
53086
53236
53094
53224
53141
53065
52945
52867
53316
53081
53259
53405
53132
53084
53188
53486
53155
53081
52854
53277
52954
53088
53140
52948
53042
52867
53193
53110
53173
52992
52824
53194
52719
53175
53083
53337
53133
52870
53112
53161
53146
53058
53171
52829
53176
53129
52881
53060
52906
53149
53218
53271
52961
53391
52972
52595
53151
53020
53124
53216
53096
52991
53158
53134
53231
53425
53219
52842
52994
53200
53110
53180
53087
53123
53095
53303
53179
53209
53037
53041
52855
53213
53230
52976
53227
53367
52872
52922
53150
53017
52976
53266
53455
53072
53245
53247
53103
53043
53096
53176
53167
53169
52932
53192
53140
53016
52955
53444
53306
53042
53335
52837
52870
53290
53311
53182
53050
52835
52988
53139
53306
53126
52817
53210
53170
53046
52883
53361
52829
53440
52936
52891
53364
52893
53341
52874
53041
53304
53371
53214
53094
52970
52903
53319
53188
53174
52865
52840
53188
52946
53160
53043
52950
52782
53235
53119
52821
53012
53335
52825
53136
53238
53069
53125
52978
53397
53031
53130
53025
53212
52837
52997
53049
52962
53043
53159
53001
53140
53095
53216
52796
53062
53017
53298
52768
53035
53292
53138
52834
53197
53225
53030
53189
52879
52917
53185
52934
53337
53043
53210
53001
52599
52857
52842
52745
52876
52960
53014
53061
52968
52716
53174
53254
53282
53041
53049
53129
53300
53104
53056
52820
53041
53235
53130
53313
53059
53064
52975
53145
53128
53099
53308
53010
53097
53015
52748
52921
53009
52996
53325
53116
53186
52895
53142
52896
53135
53120
53151
53057
52983
53145
53015
53238
53033
53422
53021
53108
53016
53179
53008
53475
53059
53139
53112
53141
53242
53015
52725
53203
53363
53060
53006
53481
53032
53071
53141
53175
53037
53069
52791
52974
52902
52938
53116
53215
53319
52994
53206
52653
52931
53143
53171
52797
52826
53148
52824
53027
53139
53243
53082
53479
52999
53081
53276
53009
53051
52907
