61842
61749
61737
62024
61655
61925
61907
61673
61809
61766
61898
61689
62022
61798
62038
61755
61842
61820
61836
61601
61699
61808
61628
62132
62062
61534
61912
61794
62001
61661
62075
61693
61778
61902
61762
61826
61780
62044
61688
61688
62216
62030
62131
61760
62029
61928
61695
61996
61797
61860
61707
61738
61682
61764
61833
61926
61838
61840
61987
61746
61909
61694
61776
61692
62089
61851
61577
61860
62118
61928
61535
61649
61752
61709
61864
61798
61659
61728
61842
62052
61831
61900
61568
61915
61695
61864
61751
61841
61737
61446
61727
61751
61748
61803
62042
61990
61894
61951
61957
61858
61900
61988
62081
61720
61880
61920
61778
61699
61495
61752
61792
61621
62119
61917
61922
62137
61940
61767
61791
61562
61590
61760
61550
61784
61486
61739
61944
61740
61893
62004
62052
61935
61952
61963
62256
62092
61637
61976
61856
61995
61426
61845
62257
62043
61801
61673
61784
61947
61922
61943
61935
61746
61991
61829
61685
61726
61734
61818
61739
61884
61877
62149
61571
61822
61545
61929
61702
61640
62224
61892
61918
61838
61735
62277
61837
61558
61869
61747
61790
62119
61714
61780
61649
62050
62042
62002
61744
61983
61954
61755
61935
61844
61756
62016
61583
61960
61754
61873
61740
61783
62034
61898
61731
62050
61807
61692
62026
61856
62044
61874
61826
61917
61712
61911
61824
61870
61986
61660
61808
61808
61979
61778
61958
62126
61632
61639
61583
61725
61761
61904
61880
61742
61821
61548
61602
61910
62095
61847
61742
61861
61635
61939
61478
62126
61815
61827
61840
62100
61711
61752
61924
61853
61962
61810
61983
61770
62000
61525
61750
61729
61662
61596
61749
61963
61978
61765
61993
61715
61533
61908
61760
61776
61943
61886
61747
61735
61755
61720
61762
61674
61664
61923
61894
61988
61699
61983
61960
61954
61578
61790
61910
61814
61569
62061
61578
61757
61945
61854
61731
61840
61963
61879
62094
61772
62019
61715
61692
61902
61911
61799
61969
61832
61633
61745
61805
61915
61909
61804
62208
61940
61726
61620
61851
61735
62290
61848
61956
61939
61904
61853
61679
61753
61694
61776
61962
61859
61722
61882
61840
61781
61792
61744
61959
61930
62017
61695
61879
61802
61666
61949
62042
61761
61616
61723
61784
61853
61913
61937
61777
62130
61580
61855
62037
61675
61574
61662
61904
61977
61780
61808
61753
61868
61876
62236
61893
61954
61712
61773
62006
61947
61957
61694
62042
61608
61673
61812
61936
61815
61806
62045
61794
61849
61538
61693
61954
61884
61665
62003
61899
61866
61769
61898
62023
61940
61681
62049
62039
61719
62007
61836
61769
61792
61779
61806
61953
61837
61813
61978
61936
61509
61678
61711
62213
62167
61708
62287
62029
61968
61669
61831
61788
61984
61818
61761
61877
61653
62168
61868
61497
61730
62092
62124
61819
61711
61751
62077
61971
61802
61931
61456
61945
61495
61716
61940
61456
61585
61995
62072
62182
61942
61927
61705
61897
61797
62000
61587
61815
61751
61667
62022
61641
61839
61724
61700
61899
61965
61927
61800
61812
62011
61919
61784
61774
61677
61704
61718
61979
62158
62113
61576
61547
61495
61827
61879
61817
62032
61855
61879
61694
61793
62145
62071
62022
61531
62074
61969
61751
61983
61852
61854
61645
61778
61837
61833
61683
61788
61396
61933
61669
61795
61763
61735
61483
62072
61712
61743
61693
61698
61703
62095
61866
61927
61778
61629
61711
61952
61776
62067
61882
61672
62036
61651
61944
61710
61828
61752
61884
62017
61810
62184
61905
61607
61949
61831
61660
61898
61677
61753
62007
61684
61861
61907
61914
61586
62178
61710
62015
61880
61597
61579
61978
61951
61854
61825
61775
61797
62103
61781
61832
61668
61908
61816
61806
61876
62143
62005
61828
61723
61874
61752
61916
61844
61825
61883
61657
61766
61704
61910
61887
61812
61827
61913
61790
61886
61936
62068
61626
61834
62098
62085
62148
61861
61935
61783
61930
61672
61824
61953
61964
61716
61651
61986
61767
62093
61911
62039
61952
61733
62039
61673
61597
61813
62058
61767
62005
61756
61630
61884
61874
61533
61820
61993
61967
61647
61796
61682
61788
61929
61815
62036
61868
61885
61959
61606
62077
61946
61801
61894
61794
61632
62164
61809
61880
62165
61923
61807
61600
62002
61942
61799
61582
61761
61772
61754
61883
61634
61657
61799
61814
62103
61826
61518
61959
61807
61812
61681
61750
61958
62036
61700
61742
61786
62257
61871
61769
61876
61669
62031
61971
61707
61852
62063
62074
61883
61662
61874
61691
61727
61835
61962
61808
61932
61856
61976
61739
62121
61805
62024
61839
61796
61727
61773
61811
61680
61770
61584
61794
62126
62026
61858
61919
61608
61998
61895
61978
61885
61889
62182
62122
61979
62085
62032
61760
61991
61520
61823
61814
61883
61801
61547
61646
61547
61759
61995
61969
61648
61883
61949
61662
61843
61867
61791
62003
62022
61861
61935
61904
61921
61701
61865
61803
61963
61759
61945
61972
61839
61641
61832
61832
61629
62086
61948
61907
62051
61739
62131
61904
61732
61956
62002
61960
61738
61776
62049
62039
61815
61906
61796
61893
61935
61579
62033
61982
61958
61964
61726
61702
61984
61667
61776
61826
62064
61764
61488
61805
61922
61789
61783
61717
61719
61947
61718
61943
61532
61646
61654
61797
61875
62279
61826
62062
61817
61521
61952
61860
61892
61680
61710
61572
61728
61937
61835
61828
61686
61757
61665
61733
61981
61758
61930
61907
61966
62080
61873
61959
61762
61696
61856
61802
62022
61844
61979
61830
61886
61948
61753
61889
61670
62003
61981
61647
61710
61881
61715
61775
61815
61758
61860
62022
61790
61875
61724
61896
61673
61810
61520
62128
61648
61847
61907
61724
61976
61975
62023
61914
61853
61748
61692
61566
61926
61836
62020
61935
61771
61769
61689
61875
62014
61930
61763
61812
61767
61823
61830
62077
61534
61922
61895
62052
62035
61879
61848
61549
62092
61768
61666
61935
61834
61790
61667
62028
61914
61593
61816
61954
61837
61747
62065
61991
61920
62043
61751
61849
61633
61900
61860
61736
62066
61604
61762
61836
61684
61623
61912
61635
61754
61948
61691
61932
61833
61795
61953
62030
61823
62091
61716
61599
61780
61821
61719
61766
61734
61708
61790
61596
61828
61749
61988
61801
61712
61883
62062
61986
61678
61758
61868
61905
62037
61644
61830
61990
61633
62154
61790
62000
61784
62234
61912
62102
61559
