91166
91365
91312
91307
91103
91155
91241
91283
91455
91301
91120
91273
91167
91151
91289
91358
91258
91308
91179
91366
91259
91125
91332
91214
91145
91366
91219
91195
91356
91151
91425
91139
91129
91342
91295
91265
91149
91258
91157
91269
91313
91300
91143
91224
91347
91219
91225
91179
91305
91152
91198
91357
91117
91281
91311
91234
91143
91312
91326
91270
91327
91257
91228
91262
91495
91286
91230
91153
91118
91458
91134
91188
91249
91214
91296
91182
91120
91198
91165
91269
91291
91411
91061
91336
91282
91297
91160
90996
91210
91256
91374
91221
91247
91404
91176
91289
91297
91279
91270
91259
91151
91249
91531
91300
91230
91304
91250
91261
91299
91414
91149
91257
91358
91463
91357
91457
91270
91393
91254
91274
91143
91271
91301
91313
91270
91219
91323
91398
91305
91297
91396
91325
91308
91324
91195
91284
91186
91293
91278
91354
91280
91537
91295
91282
91205
91293
91202
91240
91314
91314
91129
91167
91232
91161
91206
91332
91221
91166
91063
91229
91284
91191
91009
91297
91195
91402
91409
91257
91301
91158
91294
91327
91128
91391
91242
91351
91357
91350
91159
91221
91292
91183
91154
91191
91184
91252
91387
91068
91121
91119
91390
91281
91250
91133
91190
91133
91117
91230
91262
91342
91245
91180
91271
91314
91312
91262
91153
91430
91187
91302
91299
91091
91286
91255
91318
91371
91314
91345
91399
91187
91196
91273
91141
91518
91352
91292
91303
91269
91212
91260
91185
91283
91158
91181
91203
91131
91337
91250
91230
91314
91271
91339
91187
91319
91388
91440
91387
91200
91192
91113
91222
91269
91217
91177
91274
91253
91242
91209
91154
91365
91308
91248
91167
91514
91300
91158
91387
91235
91288
91268
91412
91224
91363
91180
91451
91336
91441
91264
91220
91090
91217
91199
91394
91308
91346
91401
91241
91384
91280
91233
91325
91144
91123
91203
91266
91299
91354
91271
91271
91371
91293
91475
91245
91197
91465
91145
91327
91322
91310
91113
91140
91302
91249
91341
91294
91388
91189
91333
91333
91281
91156
91140
91306
91274
91034
91187
91340
91343
91337
91276
91146
91423
91267
91239
91121
91270
91218
91117
91381
91336
91183
91317
91419
91208
91390
91343
91169
91282
91158
91214
91292
91416
91328
91416
91211
91125
91407
91287
91348
91492
91285
91183
91346
91251
91370
91213
91275
91179
91241
91267
91242
91202
91350
91234
91113
91238
91371
91253
91160
91155
91094
91286
91268
91260
91253
91362
91175
91334
91231
91281
91261
91345
91389
91141
91276
91396
91335
91227
91287
91161
91283
91145
91258
91100
91266
91293
91209
91288
91205
91276
91270
91161
91397
91351
91375
91205
91321
91335
91257
91403
91225
91353
91217
91241
91385
91123
91322
91233
91267
91371
91131
91177
91208
91322
91279
91230
91246
91256
91315
91349
91218
91228
91449
91150
91190
91252
91298
91135
91281
91326
91321
91311
91292
91344
91274
91241
91080
91503
91232
91214
91188
91179
91234
91219
91272
91225
91217
91083
91285
91358
91202
91291
91301
91421
91201
91211
91368
91302
91309
91100
91361
91161
91214
91223
91255
91142
91208
91145
91198
91128
91286
91315
91270
91204
91349
91309
91428
91256
91375
91338
91239
91195
91269
91240
91305
91231
91370
91436
91213
91277
91091
91137
91358
91067
91197
91408
91171
91412
91200
91308
91177
91354
91519
91379
91273
91297
91203
91263
91249
91320
91240
91435
91324
91315
91298
91216
91392
91393
91214
91289
91133
91415
91150
91198
91290
91252
91359
91162
91333
91288
91193
91342
91417
91193
91375
91196
91104
91385
91070
91400
91235
91240
91207
91347
91292
91383
91415
91327
91180
91307
91132
91241
91330
91340
91215
91227
91195
91398
91230
91435
91339
91351
91138
91253
91406
91182
91315
91497
91194
91285
91394
91337
91360
91153
91263
91352
91080
91314
91198
91284
91457
91384
91196
91325
91360
91250
91285
91421
91283
91271
91285
91144
91297
91138
91372
91226
91189
91172
91232
91322
91241
91269
91237
91106
91288
91301
91171
91092
91092
91210
91425
91263
91258
91152
91240
91302
91299
91220
91179
91426
91246
91193
91270
91377
91303
91230
91256
91353
91255
91191
91090
91280
91364
91167
91218
91224
91163
91459
91273
91265
91327
91417
91248
91201
91314
91238
91166
91187
91236
91255
91031
91431
91303
91312
91243
91131
91349
91384
91241
91239
91276
91402
91131
91214
91298
91296
91425
91269
91187
91316
91502
91308
91297
91270
91185
91281
91129
91179
91273
91314
91118
91240
91183
91353
91265
91158
91250
91317
91425
91198
91135
91233
91174
91325
91209
91107
91451
91197
91379
91322
91351
91186
91430
91278
91391
91228
91394
91214
91256
91262
91327
91260
91172
91475
91233
91297
91136
91214
91208
91258
91320
91322
91294
91146
91238
91243
91299
91279
91204
91310
91360
91125
91372
91370
91268
91366
91295
91252
91156
91318
91230
91175
91193
91243
91409
91270
91330
91058
91276
91216
91225
91166
91400
91412
91182
91287
91266
91348
91221
91316
91358
91352
91280
91164
91201
91300
91203
91208
91322
91259
91276
91085
91306
91173
91332
91425
91347
91205
91231
91306
91194
91349
91365
91281
91290
91303
91308
91316
91316
91355
91307
91242
91405
91321
91200
91218
91274
91369
91314
91272
91376
91396
91194
91216
91282
91309
91316
91255
91296
91337
91231
91374
91110
91272
91140
91226
91446
91241
91203
91210
91324
91032
91240
91276
91162
91262
91291
91339
91267
91196
91430
91340
91218
91338
91243
91240
91207
91222
91334
91249
91389
91207
91311
91339
91392
91234
91288
91258
91227
91390
91160
91395
91236
91293
91340
91192
91253
91328
91214
91267
91199
91249
91150
91236
91416
91214
91378
91338
91117
91295
91317
91279
91423
91137
91166
91240
91284
91171
91060
91219
91296
91291
91254
91155
91327
91125
91324
91285
91139
91263
91362
91207
91223
91236
91236
91384
91191
91188
91355
91352
91317
91309
91181
91259
91276
91205
91193
91276
91342
91152
91351
91233
91293
91328
91148
91321
91071
91186
91418
91129
91243
91257
91144
91255
91150
91441
91261
91271
91376
91277
91165
91339
91238
91217
91299
91182
91243
91359
91251
91205
91110
91180
91128
91171
91266
91372
91248
91437
91205
91175
91320
91197
91180
91222
91334
91263
91296
91367
91261
91239
91363
91120
91272
91319
91228
91206
91262
91000
91220
91482
91300
91286
91290
91149
91125
91281
91234
91251
91250
91083
