337802
337550
337136
338454
338451
337714
338635
338677
338707
338534
338279
337695
338236
337435
337614
337922
339365
337168
337829
337475
338200
338654
337519
338081
337323
337720
337062
337555
338416
338121
337646
338026
337753
337998
338034
337793
337739
338266
338125
337627
337827
337561
337806
338470
338858
338163
338028
338063
336917
338564
337470
337495
337969
337976
338103
338032
337633
338007
338504
338598
338283
338103
337856
337868
337995
337830
337671
337298
338314
338198
337620
338016
338111
337995
337483
337498
338153
338143
338969
338420
338046
338876
337800
337853
337626
337449
337645
338665
338594
338826
338141
338430
338336
337340
337777
337376
339061
337912
337934
337971
337710
337405
338206
337688
338200
338423
337440
337763
337901
337769
337780
338004
338250
338300
337700
338248
338313
338202
338784
338855
338247
338044
338573
337598
338068
338649
337702
338596
337999
338558
337694
338627
337042
338632
338582
338741
338358
337337
337686
337774
338081
339003
337828
338443
338417
338089
337414
337430
338415
338242
338655
338486
338816
338418
338181
338428
337903
337477
338919
337739
338529
339202
338279
338650
337933
338555
336948
338033
338230
337300
337971
337764
338419
338295
337943
338618
338181
338205
337784
338120
338356
338125
338056
338650
338734
337997
338068
337727
337554
338297
338527
338603
338177
339402
337921
337741
337397
338493
337647
338402
337149
338349
338483
337940
337818
338419
337950
337840
337740
338318
338026
337675
338287
336741
338356
337412
338376
337639
338844
338571
339034
337701
338008
338102
337997
338381
337667
338566
338096
338509
337942
337633
338153
337820
338226
338563
338305
338365
337709
338296
338071
337602
338196
338327
338655
338799
338484
338691
337933
338458
338019
339464
337522
337036
338410
337862
338318
338367
338081
337737
338184
338427
338274
338056
338983
337756
337428
337752
338314
337313
337426
337857
338628
338965
337985
338537
338691
338724
337743
338244
338671
338404
338183
338094
338060
338225
337874
338647
337400
337814
337718
338511
337283
337644
337758
338583
338541
339381
338184
338195
338488
338128
337942
338151
337979
337860
337899
337820
338291
338108
338519
337339
337730
337522
337977
337910
337639
338224
338156
338392
338107
338387
338039
338139
338612
338828
338214
337748
337512
337563
337805
338661
338210
337700
338851
338134
337440
337565
338001
338101
338767
338667
337542
338197
337780
338234
338496
337454
338441
337287
338203
337245
338120
337700
338350
338006
337304
337887
337868
338786
338524
338047
338038
338142
338472
338316
338301
337818
337521
338534
337182
338144
337780
337952
337908
337958
339053
338141
338417
338145
338116
338051
339022
337601
338048
337903
338426
338454
337162
338272
337762
337806
337546
338207
337378
339155
337495
338309
338402
338085
338207
338025
338205
338566
338070
338166
337794
338800
337226
338656
338278
338291
338400
338011
338221
338693
338277
337377
337786
338685
337918
337237
337253
338193
338066
337732
337854
338548
338000
338493
339201
337795
337085
338127
338819
337310
337943
338108
338454
338564
337165
338071
338399
338753
337814
338372
338448
338663
338503
337533
338259
338418
338046
337818
337818
337512
338190
339230
338018
337535
338284
338157
337203
338118
337939
338251
337842
337468
338120
338591
337732
337639
338126
337851
337825
337695
337983
339146
337675
337787
338469
338821
337482
338377
337571
337803
337881
338107
338288
337357
338409
338898
338714
338295
338006
338048
337705
339143
338151
337580
339044
338083
337815
338170
337934
338049
337807
339258
337249
337457
338776
338511
338150
337856
337886
338759
338214
338700
338167
338319
338685
338316
338120
337704
338698
337855
337644
337518
338752
338026
337598
338102
337959
338552
338449
338145
337852
337357
338472
338681
337987
338006
338894
338958
337855
337753
338272
338036
338342
337814
337924
338617
338184
338267
337551
339081
337489
338737
337359
337826
337320
338507
337965
338902
338216
337765
338840
338682
338458
337335
337506
337095
337699
338246
337640
338153
337205
338610
339177
338236
338362
339423
338260
338203
337319
337858
338416
338706
337785
337619
337163
337833
338415
339266
338565
338390
337971
337591
338870
338376
338198
338328
337945
337696
338927
338243
337619
338374
338242
337710
338214
338516
337639
338778
338332
338702
337791
338458
337096
338123
338140
337403
338370
337410
338272
337578
339221
338113
337911
338576
338598
337772
338730
338111
337880
338445
337535
339058
338416
337285
338643
337764
338398
338381
337611
338172
337676
337990
338145
338403
338376
337974
338142
338127
338259
339064
338241
338519
337515
338150
338103
338108
337976
338373
337247
338495
338450
337918
338294
337453
337953
338025
338275
338188
338300
338277
337704
338003
338372
337721
337341
338622
337970
338641
337899
337437
338228
338300
338290
338631
337074
337899
338399
338188
337899
337926
337425
337541
338086
338144
337717
337503
337906
338274
338143
338052
337906
337555
338535
337183
337941
338409
338818
338005
338035
338169
337972
338284
338033
338480
338231
337719
337893
338200
338229
337649
339444
338355
338790
337509
338091
337623
337886
337484
337766
338043
338251
337713
337780
337794
338370
338804
338673
337971
338181
337474
337323
338482
337578
338372
337887
337987
337766
337444
337880
338363
338599
338181
337660
337880
338021
338896
337957
337975
337608
338097
338020
338185
338552
337859
338190
338971
338453
338590
338170
338382
337534
338428
338825
337751
338832
338258
337412
338032
338728
337787
338760
338585
338719
337380
338109
337908
338016
338525
338031
338339
338539
337840
338196
337445
338170
337804
337942
337831
338210
338111
338333
338299
338175
338532
338524
338818
337791
338121
339491
337973
338387
337181
338250
337600
338912
338216
337741
337942
337746
337970
338795
337905
338239
338420
338914
338223
338925
337834
337750
337899
337706
338320
337491
338017
338425
337530
338977
338043
337902
338386
338405
338620
338524
338536
338330
338436
337865
338248
338519
337439
337944
337931
337295
338107
338451
338576
338077
338911
337923
338160
337273
338577
338529
337591
338369
337496
337231
338523
337703
337856
337954
337980
338507
337592
337383
338116
338640
336769
338009
338146
339097
337978
338296
338069
338216
338261
337131
338001
337816
337586
338159
337494
338768
338076
338099
338208
337699
338318
338443
338165
337373
337655
337890
337998
338694
337840
337428
338014
338418
337659
338033
338090
337376
337191
338120
337642
338167
338673
338454
338451
338022
337659
338051
338140
337859
337831
338467
338230
337677
337783
338255
337581
338508
337832
337780
337793
337821
337179
337644
338272
338145
339389
337541
337955
339286
338224
338174
337926
338918
337898
337885
338774
337082
339287
338436
338812
338124
337316
337846
338454
338299
338605
338818
337515
337618
338782
338422
338624
338004
338778
337311
338157
337387
337706
337899
337729
337872
337843
337759
338219
337653
338320
338220
337884
338154
337875
338851
338610
337304
339023
338565
337981
338043
338116
