398633
398837
397909
398243
398467
398405
397646
398679
397935
398632
398055
397332
397873
398725
398636
399310
398428
398429
398237
398054
398314
398415
398506
397642
398390
398701
398927
398842
397865
398160
398079
398467
398568
398642
398994
398840
398114
399061
399518
398356
398468
399172
397815
397989
398332
397476
398734
398438
398078
397999
399116
398710
397773
398033
398398
398132
398298
398077
398291
398553
398247
398541
397592
398085
398345
399008
398137
396528
398707
398594
398012
398672
397546
398149
398432
397802
398981
398612
398085
397908
398465
398559
399004
397768
398127
397384
398426
398248
397670
398687
398771
398900
398451
398440
398085
398534
399114
397843
398277
398584
398267
398611
398488
398563
398793
398353
398389
397947
399157
398937
398456
398066
398830
398017
397959
397937
399061
398104
398780
398326
398568
398282
398705
398088
399135
398276
397926
398039
398793
398062
397025
398404
397604
398423
397485
398188
398356
398036
398159
398362
397836
398520
398508
398052
398437
397715
398876
397829
397439
397770
397784
398457
398180
399119
397633
397844
398441
398881
398042
398288
397439
398878
398422
398295
398826
398219
398040
398408
398048
398478
398519
398723
398045
397726
398350
398420
398040
398181
397922
398781
398968
397914
398305
398682
397671
397814
398293
399019
397934
398678
397467
397932
398461
398889
398375
398276
398348
398508
398056
398813
398375
398175
398359
396949
398575
397958
398822
397966
397630
397743
398802
398235
397356
398925
398093
397867
397900
397631
398316
398272
399551
397989
398258
398678
398335
399000
398836
398497
398122
397434
398429
398778
397915
398543
399057
398546
397755
398191
398969
398263
399123
398454
398306
397522
398819
397758
398958
398742
398403
398215
399121
398548
398698
398233
398291
398231
398954
398515
398295
398179
397848
398493
399463
399775
398638
398203
398461
398266
398079
399175
397712
399082
398529
398856
398708
399730
398017
399089
397789
398022
397773
397718
398220
399026
397639
399034
398563
398403
398427
398285
398477
398125
398431
398339
398222
397859
397867
398708
398835
398670
398062
398182
397588
398318
398650
398056
398696
398128
398790
398520
398831
398107
398309
397578
398439
398885
398596
398778
398248
398571
397378
398917
398648
397927
397739
398669
399180
398056
398539
399332
398329
398818
398872
398200
399161
398163
397656
398532
398944
398207
398761
397794
397925
398608
398458
398682
398050
398266
399370
397797
398594
397812
398638
399014
398477
398626
398758
398408
398531
398254
398748
398642
398975
398311
398633
398771
398582
398400
397755
399294
398846
398682
397645
398104
398135
399167
398768
398096
398700
398633
399570
398853
398907
398424
398210
399189
398492
398688
397972
399228
398304
397964
398164
398274
397384
397989
397769
398135
398814
398406
398293
398703
398163
398665
398717
398352
398182
397937
398077
398304
397621
399195
399215
398201
397938
398850
398709
397725
398870
397621
397645
398048
397849
398713
398611
398371
398461
399050
398079
398244
398986
398044
398735
397596
398419
398285
398105
398773
398028
397515
398260
397974
397394
398398
398968
397842
397771
398616
397810
398170
398470
397879
398107
398846
398899
398129
397941
398461
398430
398977
398116
397816
398022
398808
397968
398370
398576
399205
398518
397970
397812
398633
397684
398489
396880
398889
399233
398611
398046
398892
398165
396895
397967
398789
398659
398105
398243
398805
397443
398747
398298
399126
399312
398586
397290
399423
397915
398610
398954
398652
397880
397943
398204
397194
397694
398295
398829
398834
398179
398824
398535
397927
398404
398236
397577
398267
398024
397692
398276
398690
397975
398510
398051
398375
398200
399847
398410
398582
399023
398156
398069
398518
398008
398093
397141
397319
397448
398613
398871
398300
398439
398483
398385
397485
398756
398051
397053
398830
399295
399048
398420
398184
398526
397865
398223
398153
398730
398508
398811
398400
398615
398655
398301
397675
397840
397502
398407
397561
397937
397852
398177
397926
397854
398783
397461
399003
397500
398193
397902
398338
398476
398490
398010
398151
398462
398135
399204
398023
399008
398164
398480
397237
398181
397935
398025
398516
398925
398729
398213
399181
397832
399140
399057
398193
398609
398117
398134
398061
398143
398225
397827
398154
397611
398582
398052
398156
398187
398223
398226
398489
398038
398989
398106
397581
398029
399005
399092
397804
398010
398481
398410
398193
397723
397481
398954
398014
397844
398576
398169
398700
399257
398427
398910
398908
398204
398203
398142
398490
397324
398672
398043
398040
397506
398695
398438
398130
398053
398699
398257
398558
397644
397967
398810
398605
399065
398987
398104
398919
398496
398777
398057
398875
398571
396946
398502
398712
398282
398858
399025
398488
399040
397768
397485
398598
398010
398029
398484
397847
398922
399137
397597
399138
398959
398121
398563
398127
397629
397192
398301
398697
397726
397776
398604
397588
398025
398742
399262
397401
398591
398213
398796
399212
398380
398071
398609
398956
399048
398078
398388
397928
397615
398273
397970
398908
398824
398137
398729
398315
397920
397914
398408
398667
398638
397689
398604
398193
397675
398415
399121
397887
397844
398064
398105
398121
397941
398549
398359
397969
398334
397959
398602
398770
398405
399178
398911
397476
397671
398015
398421
398347
398082
398092
398335
398529
398170
398463
397929
398130
399136
398451
398842
399132
398303
397461
398867
398049
398274
398120
398964
398285
399308
398850
398482
399363
398637
397714
398263
397835
398033
397732
399661
398580
398763
398579
398318
398729
397622
398621
398929
398103
399025
397375
398820
398776
399112
397769
398245
398260
398423
397844
399263
398052
398387
398794
399282
398568
398837
399184
398339
398639
398748
397445
398005
398478
398385
397494
398630
397659
398560
398163
398532
399021
398603
398272
398279
399379
398824
398516
397392
398158
397998
398128
398274
398607
399384
398543
398252
398560
398733
398464
398400
398030
398247
398231
397931
398587
398329
397923
398552
398234
397964
398645
398857
398931
397775
399273
398819
398554
398860
398964
398270
398132
398203
397885
398420
398777
398471
397807
398696
399348
398714
398322
398275
398184
398478
398011
398064
397480
398649
398134
398159
397702
397727
397566
398029
397954
398851
398377
398833
398219
398169
398681
398963
397836
397564
398162
398003
398106
398226
398270
398322
398809
398098
398333
399096
398711
397725
397856
399014
398432
397983
398535
397209
397953
397884
398182
397865
398767
397302
397378
398540
398512
397687
397764
398632
397648
398451
398764
397557
398835
398281
398094
398187
397616
398530
398752
398144
398725
397940
398743
398595
397807
397904
397601
398087
397463
398445
398736
398560
398811
398261
397876
398307
397729
398669
397768
398426
399625
397819
398790
398055
398729
398063
398557
398938
399016
397850
398761
397608
398369
399910
398035
397906
397955
399044
398906
397966
398842
397729
398189
398323
398476
398474
397968
398330
397692
398629
398330
398520
398449
