578567
578336
579015
578554
579444
578754
578887
578579
578539
579537
578565
579060
578619
578592
578871
578510
579566
579465
578936
578714
579108
579624
578866
578532
578241
580056
578633
578714
579844
578830
579730
578852
579134
577951
579364
578738
579139
578201
578751
579648
579572
578984
578845
578732
577964
578631
578591
579234
578013
579094
578455
578189
578637
578298
578780
578382
579076
578543
578653
578147
579155
579598
579135
577801
579399
579185
579662
578904
579574
579792
579077
578810
579662
579199
578965
578853
578841
579459
578575
579237
578673
579401
579345
579002
578677
578983
579303
579140
579400
578274
578622
578984
578608
578753
578969
579293
578562
579121
578789
578874
578503
578842
579214
578702
578313
578888
578154
578743
578846
579056
578749
579096
577985
578979
578009
578130
578013
578283
578791
579115
578846
579497
579059
579507
579046
580014
578978
578553
578277
578151
578760
579657
579240
578941
579152
578820
578921
578825
580214
579582
578814
578957
578944
578443
579491
578268
577957
578760
579093
579278
578859
578873
579705
578764
578676
578144
579185
578883
579121
578617
578776
578983
578905
579199
579765
579199
579134
577958
579376
579589
577810
578729
578485
578704
577872
578339
578342
578153
578665
578824
579576
578508
579038
579105
579266
578474
578679
578251
579242
578687
578837
579121
578788
579282
579121
578248
579039
578777
578928
578808
578707
578453
579611
578756
579178
579581
578420
578619
577884
578906
578834
580121
578583
578371
579461
578483
579794
578312
579515
578420
579877
578773
578148
578764
579335
578429
578304
578765
579407
578474
578876
578574
578564
578968
578745
578938
578596
579340
578930
579046
578186
578788
578251
579452
578264
579333
579270
579471
579192
579867
579491
578642
578578
578648
579053
579135
578786
578735
579178
577982
579085
578810
578264
579265
579175
578904
578652
579055
578831
578626
579086
578959
579144
578889
578429
578842
578711
578346
578406
578411
579735
579495
578589
577914
578809
579210
580175
578951
578340
578383
578774
578874
578572
578397
579413
578418
578706
578529
579215
578289
578731
578599
578995
578521
578714
578595
578508
578626
578274
578755
578920
578366
579143
579262
577923
579988
579367
579558
579643
578864
578656
578825
578332
579013
578992
578986
580210
578572
578730
578808
578445
578634
578197
578184
578799
577998
578926
579553
579416
579166
578475
579448
579109
579091
579220
579165
579572
579061
579401
578501
578575
579503
579227
579060
578953
579583
579169
578948
579682
579249
579638
578317
578774
578988
580424
579166
578758
578798
579670
578598
578057
578288
579309
580326
578796
579064
579811
578707
578641
579694
578331
578814
579572
578254
578733
578905
578129
579640
579635
578859
578172
579180
578729
579597
578778
578566
578759
579303
579041
579446
578992
579153
579127
578893
578604
578813
578789
578872
578598
578975
578064
580023
579707
578422
578328
578633
580660
579152
579939
578741
578532
578504
579304
578355
579128
578820
578401
579410
579517
579261
578807
578954
579160
579155
579061
578772
578169
579794
579188
578727
578505
578131
577977
578829
578454
577907
578929
579440
578478
578353
579481
578409
579537
578646
578499
578828
579930
579330
578542
579100
579105
578248
579174
578952
578729
579083
579181
578298
577555
579669
578700
578957
578877
578829
578929
578337
579004
579155
578122
579764
578883
578996
578274
579354
579107
579328
579081
578589
578767
578963
578755
578581
578314
579515
579507
579459
578889
578364
577860
579014
578613
578642
578928
578977
579563
578297
579873
578998
579383
578915
579699
578182
579299
578294
579565
578379
578913
579326
578593
579968
579307
578573
579338
579061
578524
578811
577785
579753
579250
578724
578672
578356
579482
579848
579489
579473
578055
578303
579802
578628
578672
578316
579453
578647
578446
578876
578477
578932
579352
578753
579781
580125
579123
579359
578107
578802
578825
579723
578149
578773
578776
578945
579318
579104
577961
578761
579734
578722
578814
578994
578810
579201
579515
579630
578555
579812
579744
578753
578871
578963
578721
579118
578008
578052
578747
578837
578603
579142
579448
578090
578309
579924
579242
578061
579132
579323
579617
579384
578478
579551
578958
579738
578494
578941
579037
579187
578918
578739
578624
579767
578992
579274
579105
577828
579118
578064
579577
578502
578576
579259
579911
578876
579824
578313
578208
579579
579737
579538
579145
579605
578884
579407
578669
578827
578929
578944
578784
578616
579160
578930
578634
578965
578900
579291
578679
577816
577914
578975
579203
580184
578994
579587
578545
578990
577711
579549
578969
578981
579159
578445
578435
579026
579285
579028
579144
579160
578969
578695
579275
578786
578876
578772
578585
579317
578597
578810
578367
579364
578283
578216
579539
579088
578540
578023
579111
579377
579124
578610
578227
578555
578603
578805
578384
578330
579700
578377
578707
578717
577817
578777
578390
579682
578909
578101
578373
578906
579836
579320
579027
578759
578957
578096
578487
579731
578814
578751
578802
578396
579456
578712
578674
578034
578741
578818
578417
579818
578711
578892
578978
578305
578828
578740
579116
578249
579198
578700
579363
578729
579991
579228
578691
578630
579252
579162
578700
579587
578253
579244
578287
578895
578871
578615
578053
578587
578672
578704
578996
578933
578330
578820
579175
577952
578825
577797
579012
579163
579178
578089
578749
579194
578644
578447
579149
579437
579094
578735
579187
578890
579114
578857
579009
579786
578034
579223
578151
578992
577887
578332
578253
578535
578877
579021
579545
578573
578522
579215
578257
579442
578677
579525
578999
578788
579050
579461
579509
579378
579124
579422
578726
579319
578508
578245
579493
578581
578761
578653
579100
579557
578502
579282
578839
578757
578366
578810
578842
578655
579245
578672
578146
579347
579249
579125
579713
578521
578733
579521
578717
578297
579150
579386
578951
578553
578921
579231
578842
579208
578415
579485
579437
579752
579676
579088
578061
578021
578744
579176
578662
578944
578060
578212
579963
579751
579482
579132
578673
578230
578712
578988
578740
578952
578868
578808
578569
577624
580323
579122
579046
578760
578682
579375
578683
578749
579035
578543
578651
579346
579182
578711
578841
578925
578983
579463
578892
578469
579308
579299
578765
578818
578309
578964
578603
578691
579494
579628
578664
577874
579150
578829
579461
577917
579588
578747
578734
580036
579014
578966
579538
578761
579598
578792
579590
578809
579355
579224
579200
578420
578905
579188
578697
579268
578785
579120
579374
579161
577793
578772
577889
578205
579795
579120
579217
578322
579823
579386
578375
578926
578896
578307
578431
579062
579056
579009
579076
579236
579491
578992
578830
579470
579280
579304
579150
578717
578355
578160
578955
579255
578824
579179
578990
578300
578716
579251
578685
578124
578857
579038
578631
579606
579021
578398
579409
578468
578432
578582
579215
578875
578567
578983
579372
578091
578806
579068
578862
578379
578824
579198
578755
579304
578393
578598
