515554
515647
515834
516646
515874
516153
516699
515898
516490
516488
516538
515888
515578
515510
516947
515486
516339
515887
516067
516166
515108
515070
516174
515506
516464
516078
515810
516157
515866
516309
516018
515700
515791
516199
516125
515838
515707
516124
516898
515911
516216
516039
515571
515906
516769
516935
516039
516097
516164
516472
515326
515870
515463
516199
515291
515821
515818
515545
515816
516748
516481
515408
516423
516444
516234
516274
515811
516624
515747
515965
515968
516855
516590
515908
515209
516460
515909
516426
515493
516448
516081
516591
515800
516647
516305
516553
516323
516044
515533
516188
515920
517248
514957
515950
516592
515975
517309
516244
516505
515831
515851
515820
515885
516056
516131
516583
516374
515991
516424
516204
516751
515959
516402
515962
515826
516781
515616
515857
516762
516363
515947
515714
516447
516426
515502
516663
516159
515881
515757
515595
516518
516780
515885
516676
516083
515822
515142
516198
516782
516602
515759
515834
515753
516540
516420
515277
515823
516242
515453
516513
515433
515085
515700
515395
515777
516017
516220
516644
515821
516267
516155
516618
516450
516518
515646
516192
515668
516459
515691
515304
516875
515536
516158
516504
515337
516059
516679
516481
516291
515645
516279
516595
516706
515977
516046
516021
516295
515407
516315
516752
515797
515133
515942
516954
516258
516065
516168
516873
516851
515198
516044
516191
515359
516382
516108
514949
516444
516180
515964
515161
515565
517010
516001
515662
516788
516140
516018
515881
515734
516633
515755
516947
516426
516101
516108
515871
516214
516501
515691
515691
516056
515743
516391
516673
515210
517577
516166
516147
515767
515735
516588
516219
516605
516637
515990
516238
516810
517269
516135
515851
515574
515616
516001
515988
516995
515444
515803
515279
515226
516550
515895
516237
516210
515915
515401
517526
515888
515859
516162
516595
515310
516810
516221
515779
516909
515784
515844
515950
516406
516130
516023
516075
515827
516301
516356
516027
515676
516519
516358
516712
516698
516162
516739
516920
516089
516254
516705
515947
516141
516228
516908
516120
515848
516658
515990
515611
516297
516381
516269
515979
516578
515577
516389
516187
516321
515604
516432
516328
515298
516200
516303
516491
515739
516529
516806
515664
516219
516418
516851
516474
516400
515703
517159
516261
515493
516203
515787
516373
516513
516228
516098
516169
516200
516284
516059
516324
516397
515928
516218
516154
515923
515723
516309
515268
515707
515557
516038
516343
515571
515806
514929
515768
516504
516053
516128
515920
516158
516282
515205
515511
515772
515827
516119
516016
515385
516835
516519
516068
516629
517024
516185
516253
516328
515876
516076
516589
515617
515927
515550
515164
515862
516013
516241
515775
516469
516462
516755
515449
516226
515450
516882
515889
516352
515440
516448
515826
516580
516583
515039
516130
516051
515897
517139
517348
515513
516240
516105
515482
515363
515035
515283
515511
516214
517244
514655
517234
517040
516127
516061
516508
516676
515630
516624
516747
516555
515588
516167
516347
516348
516840
515708
516111
515282
515717
516738
515717
515816
516012
515895
515308
516599
516041
517033
515415
515526
515204
515864
517347
516451
515423
516584
515650
515812
516529
515864
515949
516075
515777
516260
516752
515305
515788
516448
515478
516042
515586
515760
516346
516368
516943
515877
515978
516428
516238
515389
516568
516950
515952
516132
515722
515929
516387
516614
515323
515526
516198
515891
516612
515783
515597
516788
515567
516376
516238
516964
515981
516033
516305
515998
516221
515769
516047
514920
515782
516130
515347
515889
515714
516337
516021
516486
516558
516188
516027
515714
516028
515200
516080
516217
516067
516379
515847
516570
516134
516204
516142
515420
515337
515930
515868
516181
515640
515573
516145
515633
516490
516955
516233
515755
515581
515912
515276
516183
516099
516193
515915
515805
517834
516545
515714
515361
517512
515832
516568
515924
516524
517087
516277
516300
516289
516378
515588
516663
516602
516063
515391
515926
515395
516122
515827
515791
515749
515492
515419
517103
515474
515976
515883
516003
516589
515430
516187
516344
515399
515519
515840
516413
515475
515604
515893
516751
515960
515942
515573
516321
515785
515679
516063
515908
516267
515791
515541
515910
516590
516412
515336
516317
515012
516207
516092
515442
515997
516639
516031
516246
516299
515921
517036
516154
515331
515919
516160
516467
517371
515113
515738
515997
515315
516516
516509
515402
515796
516868
515167
515676
515995
516058
515969
516042
516631
515737
515416
515454
515671
517048
516535
516353
516408
516100
515929
516252
515683
515905
515092
515687
515319
517203
516544
515158
516523
515870
515936
515936
516273
516520
516156
515970
515945
515563
517130
516182
516866
515912
515588
515080
515850
515772
515576
515836
515039
515742
516673
517024
516402
516029
515952
515740
514928
516159
516781
516340
515392
516188
516707
516416
516105
515250
516380
516620
516304
516459
516472
515511
515826
515746
515472
515922
515526
515905
515548
516569
515977
515022
516774
515932
515869
515339
516682
516457
514669
516078
516108
515346
515414
515543
515579
515726
516187
516055
515514
516604
516093
515466
515965
516491
516686
516661
515809
515105
515913
515198
516030
516085
515207
516160
516421
516944
516027
516199
516459
515739
515458
516926
515029
516376
516583
515773
515496
516507
515650
515926
516722
515848
514931
516133
516230
515895
516603
516324
516839
515836
516533
516434
516125
515651
516100
516337
517094
516110
515988
516890
516494
516557
516921
514985
516316
516141
515900
515962
514981
516533
515392
515345
516577
515720
516230
516049
516587
516343
516478
516380
516359
515878
516447
516507
516494
516612
515930
515701
515645
516202
516659
515943
515949
515367
515593
517095
516329
516563
515412
515824
516449
515998
515635
516616
516364
515559
516230
515760
516037
516438
516711
515207
516579
516558
514830
516051
516792
516503
515412
515464
516070
515811
515632
515478
516014
515122
515913
515710
515720
516566
516070
515926
516888
515809
516228
515453
516548
516692
515704
515585
516034
516125
516251
516348
516044
516386
515409
515787
515990
515633
516889
515055
516037
516259
516572
516755
516161
516393
515803
516171
516648
516403
515573
516212
516745
516091
516068
516109
516423
516495
516784
516627
516317
515098
516449
516112
515613
516013
515766
515972
516044
516425
516559
515614
516347
516182
516584
515702
516091
516608
515461
516319
516192
515917
515483
516005
515685
516670
517179
516687
515725
515929
516207
515253
515644
515278
516864
516269
517353
516124
515742
516199
516428
516078
515663
516254
515832
515898
516037
516041
515667
515755
515262
516053
516375
516474
514848
516198
515835
516274
516145
516297
516027
516083
515627
515821
515138
516384
515416
516446
516684
516118
516190
515035
515401
515878
516229
516152
515207
515969
515595
514874
515840
516466
516672
516019
515741
516074
515551
515615
516246
515880
516130
516330
515767
515923
515460
515678
515984
