526735
526133
526666
527528
527286
526022
526453
526757
526888
527444
527277
527510
527462
527049
526422
527425
527429
526842
527150
527228
527426
527752
526508
527905
526198
526715
527494
527595
527519
527003
528444
527862
526881
527330
528006
526499
526762
527098
526763
527243
526819
526673
526909
526654
527749
526328
527077
526527
526765
527392
525856
527910
527464
526579
528124
527048
527783
527378
527787
526844
526324
527171
527208
527554
527588
526255
528067
527136
526421
526860
527149
527577
527237
526724
527434
526775
526859
527349
526005
526642
527241
527456
526729
526983
527210
526751
526809
526669
527130
527714
527703
527062
526673
526313
526499
526608
526515
527000
526532
526647
526803
526951
527077
527617
527409
527501
527606
528300
527098
527760
527406
526690
527163
527459
527899
527455
527744
526697
527843
527526
526614
527187
527682
526638
527630
527483
527564
526808
526855
526688
527194
526449
527047
526641
526607
526861
527569
526212
526280
526814
527165
527968
527489
527758
527474
526473
527431
527597
526407
526798
527705
526606
526917
526512
526618
527411
527857
527773
526847
527474
527480
526950
526237
527277
526604
526153
527046
526864
526899
527326
526610
526886
526562
527163
526974
527141
526447
527108
527226
527039
526869
526567
527468
527469
526926
527364
526648
526620
526601
526712
527194
526432
526746
527282
527682
527421
527173
526845
527712
526017
527713
527429
526664
527504
527692
526825
526781
526535
527481
528105
526389
527086
528442
526707
526981
526923
526653
526727
526730
527334
526858
527574
526672
527152
527830
527263
527331
527116
526652
526929
526628
526483
527023
526446
527339
526458
527286
526237
526461
526765
526651
527429
527293
526913
527341
527253
526265
527314
526532
526919
527038
526906
527057
526480
527620
527523
527231
527059
527375
526840
527177
526642
528431
527579
527067
526941
526609
527374
527398
527050
527373
527037
527052
527258
526454
526683
527110
526818
526491
527505
526635
527008
527389
527671
526993
526998
526750
527330
528516
526652
527070
526828
528420
526824
526828
527338
526962
527386
526806
527139
526809
527809
526617
527509
527230
526948
527114
527177
527126
527368
527983
526560
527967
526645
526791
526385
527213
527142
527304
527358
526531
527384
527163
526191
527113
527381
527357
526641
527581
526907
528571
527064
526950
527386
527875
526569
527383
526256
527571
526817
526745
526713
527109
526421
527835
527488
526085
526336
526948
527304
527730
527167
526216
527423
527201
526873
528037
527549
526543
526977
526397
526558
527211
527480
526731
526882
527683
526691
525919
526999
527336
526938
526589
527136
527089
528476
526803
526138
527285
526903
527093
528311
527653
526437
526755
527371
526906
528127
526795
526948
527682
526697
527918
526799
526977
527807
527665
527491
527252
527437
528542
526502
527841
526980
525901
526377
526910
526261
527457
526274
526941
527256
527700
527196
525711
527612
527671
527066
527792
526693
526779
528084
527223
527946
527346
526705
526633
527440
527304
527343
525944
527620
526555
526092
527752
527514
526087
527514
527363
527289
527212
526469
527473
527139
527663
527567
526586
527889
526556
527722
527178
527541
526626
527156
526693
526772
527387
527591
526039
526820
527709
526793
527589
526841
527776
527259
526304
526771
526903
526046
526540
527411
527483
526786
527273
527382
526268
526625
527427
527613
526242
526344
526310
526827
526771
527330
528010
526426
527714
526577
527099
527724
526540
527268
526912
526829
527572
526713
528000
527837
527746
526499
526616
526420
526992
526756
527404
526249
527686
527425
527243
526894
527115
525893
526654
527394
526500
527783
525582
526999
526513
526998
527329
527159
527695
527483
528690
527211
527093
526874
526678
526349
526526
527415
527278
526183
527999
527022
526866
528114
526926
527330
526298
526988
527586
527907
526992
527626
526650
526493
526160
527177
526884
526647
526309
527215
528249
527176
527564
527411
527036
527025
527717
526788
526361
526475
527275
527399
527256
527348
526957
527480
526540
527042
527684
527182
526665
526711
526483
527265
527394
527067
527315
527643
526853
527163
528258
527057
526991
526493
526212
526797
527435
526797
526698
527924
526905
527877
526080
527449
526681
527244
526723
528547
526497
526958
527058
527523
527307
528282
527049
527385
526759
527009
527643
527478
527142
526134
525723
528046
526882
527929
526812
526956
527566
527219
527803
527188
526661
527773
527030
527223
526585
527096
527598
527511
527020
527405
526746
526751
526750
527025
526353
525931
526980
526647
526842
527251
526337
526570
527328
525457
526837
526856
527161
528287
527700
527627
526881
526552
528837
527293
527977
527404
527549
527365
527433
526407
526806
527738
527418
526817
527190
526929
527003
526812
526623
527600
526915
526602
527706
527386
526140
527403
527236
526380
526426
526329
527291
526909
527214
527212
526659
527164
527621
526934
527779
526094
527489
527590
526893
526858
527463
526931
527195
526659
527530
527662
526430
527147
527182
526918
527248
526414
526689
526639
526801
527985
527093
526896
526512
526470
527050
526598
527159
526534
526413
526963
527862
528042
527661
527161
527835
527053
526151
527214
526500
527664
527257
527221
526321
527309
526221
526945
527222
527977
527512
527159
527612
526873
526949
527033
527454
527062
526828
527481
527329
526958
527251
526034
527387
527448
527419
527176
527252
527201
526586
526497
526534
526680
527820
527106
527700
526664
527469
527408
526605
527542
527045
526632
526293
527342
526871
527576
527394
527397
527107
527752
526908
526965
527636
527278
526675
527326
526857
525943
526722
527041
527230
527155
527706
527126
526796
527350
527084
526671
527598
527949
526894
527897
527490
526926
527702
527548
527672
526372
526534
527686
526686
526889
527371
527810
527133
526867
527279
528169
527456
526714
527318
527305
526735
527896
527416
526547
527500
527434
526075
527544
527013
527140
526079
527072
527319
527785
527322
526183
526566
527278
527535
527431
527251
527402
527052
527191
526688
527474
527106
527340
527376
527557
527360
526532
528410
526956
526814
526434
527468
527298
526160
527599
526938
526834
526941
527270
526817
527785
527596
526662
527988
527936
527587
526657
527297
527300
527157
527588
527275
527109
527365
527190
527739
527144
527128
528034
526572
526604
526563
526729
527246
526582
526637
526895
527825
526547
526922
526678
527453
527642
526532
526917
526671
527784
526676
526418
527365
527213
527529
527422
526807
527961
526861
526051
527714
527029
526112
527188
526622
526722
527215
527186
527740
527465
526420
526930
526805
527353
527726
527052
527643
526791
527085
526693
527126
527190
526665
526622
527037
526819
526993
526924
527111
527203
526965
527620
527463
526370
526349
525908
526883
526453
527271
526877
526990
527725
527227
526881
527277
526985
526247
527009
526832
527422
527288
526454
526963
526533
526874
525760
526995
527423
526390
527428
527999
526402
527072
526664
527118
527157
527235
527058
527549
526522
526715
527390
527413
526552
527512
527170
526989
526934
