593725
594774
594028
593596
594457
594501
593729
594701
593714
594167
594094
593145
594619
594242
594037
593670
594086
594522
593173
593901
593629
595114
594655
594475
595195
593717
593282
593564
593653
593852
594391
594633
594572
595093
594252
594179
593577
594245
594525
594074
594195
595357
594146
594361
594365
593726
594254
594454
593908
593980
594528
594505
594208
593192
593795
594149
593306
594737
594014
593807
594187
594669
595050
593258
594158
594491
594607
594251
595415
594275
594336
594221
594361
594111
593684
593926
593576
594241
594434
594311
593646
594419
594255
593405
594893
593169
594616
594130
594881
594140
593158
594121
593636
594362
593868
593737
594534
594444
594034
593811
593409
594121
594573
594329
594396
593928
594473
593605
594294
594399
594494
594214
594020
594198
594805
593371
593900
594409
594244
594512
594475
593083
593427
595596
594352
594934
593972
594303
593678
593877
594511
595015
594229
594984
594177
594907
594284
594087
593999
593863
594468
593868
594484
595181
594106
594037
594760
593911
594491
594298
594003
594375
593788
594596
594487
594356
594174
593147
593660
593228
594471
594303
594380
593833
594960
594128
594169
594079
594238
594273
594565
593351
593536
594836
593667
594501
594729
593712
593563
593540
593624
594586
594285
594321
593927
594645
593820
593906
594751
593902
593883
593963
593930
594304
594682
594569
593914
593795
593821
593828
594784
594378
594598
594111
594217
594466
595044
594035
593822
594607
593381
594167
594373
594177
594625
593466
594081
594230
594172
594951
593803
594379
594039
594098
594334
593477
594187
593995
594024
594384
593368
593868
593393
593994
594510
594348
594312
593841
594411
594707
594408
594249
593914
594142
593761
594114
594544
594218
593925
594647
593844
594082
595102
594376
594773
594370
594245
594527
594456
593927
594407
593921
593601
594104
593700
594151
593000
594001
594625
594600
594220
594636
594189
594495
594834
594587
594896
594655
594019
593733
594105
594688
594087
594147
594765
594020
593673
594417
593701
594398
594866
594488
594701
594317
594787
594600
593891
594340
594175
593956
594395
595179
594111
595079
594397
594346
594430
594076
593545
593929
594281
594006
594255
594121
594402
595153
595300
593780
593798
594008
595372
594328
593917
594984
594528
594560
594108
595016
594367
593933
594640
593640
593317
595553
594138
595767
594266
594640
593698
594180
593999
594329
594114
593304
594154
594028
595467
594057
594439
594552
594196
594130
593313
594661
594555
594571
594524
594311
594276
593397
594308
593946
593380
594128
593536
594613
594274
593827
594333
594510
594523
594522
594641
594573
593744
593807
594463
594315
594333
593307
593173
594965
594182
594889
594230
594454
594323
594561
593396
594900
594834
594766
594503
594826
593880
594041
593763
594317
594018
593808
593203
593856
593948
594744
594709
594152
595243
594877
594982
593903
593869
594088
594090
594495
593729
594415
594046
594559
593891
594484
594555
593954
594214
593697
594394
594256
593691
594780
594498
593634
594973
594703
593863
593940
594373
595052
594240
593867
594368
594908
594086
593927
593100
594021
594876
593274
593909
594796
595173
593810
594170
593713
594725
594384
594752
593056
594618
593805
595357
593998
594304
595479
593564
593853
594593
594374
594897
594653
594088
594283
594365
595124
594196
594100
594507
594137
594076
593270
594164
594251
595048
594130
594637
593883
594299
594331
594612
594447
594039
594330
593669
594815
594084
594816
595160
593607
595069
592982
593784
593549
594757
593721
593656
593842
594555
593663
594349
594181
593156
594585
594837
594103
594450
594782
594303
594272
593846
593868
594677
593920
593888
593951
593368
594802
593492
594400
594929
594081
594614
594473
594415
594048
594664
594945
594099
593266
594261
594477
595270
593232
594574
594352
594270
593452
593994
594712
594351
594155
594262
593966
594306
594245
593830
594137
594174
594012
594076
594534
594313
594304
592393
594252
594880
593662
595583
594262
594566
594239
594814
594691
594118
594046
594166
594768
594106
593710
595121
594461
594373
594788
594037
593939
594988
594066
594990
594017
594409
593870
594111
594295
594034
593522
594887
594066
595060
594702
594313
594459
594055
593626
594129
594285
594484
593306
594186
594347
593713
593952
594203
594540
593752
594297
593898
594019
594462
593464
594003
593761
594237
593572
594843
594021
595042
594189
594266
593946
594071
594328
594179
594884
594678
594785
593703
593824
594007
593708
595260
594591
595208
593890
594992
593944
594651
593689
594360
594910
593549
594612
594243
595375
593570
595214
594346
593356
593743
594449
593714
593846
594806
594382
594773
593308
594295
594047
594212
594079
593876
593670
594775
594283
594247
594082
594282
594295
594825
593469
594244
594533
594371
594979
594241
593669
594733
593715
594733
594071
594636
594012
594380
594751
594169
594256
593571
594422
595186
594149
593562
594564
594063
594516
594164
594691
593820
594660
593911
593677
594073
593638
594159
594251
593761
595302
594839
594320
594755
594686
593673
594426
595101
594031
594645
593880
594397
594330
594501
593943
594716
593949
594339
594363
594648
593743
593614
594596
594285
594210
593822
594562
594801
593998
594011
594303
594348
594339
593620
593630
594134
593698
593817
594372
593341
594486
594840
593851
593997
594701
594640
594731
594292
594198
593935
595027
593863
595068
594439
594346
593823
593906
594707
594202
594323
594014
594175
594303
594269
594939
594399
593561
594353
594080
594342
593891
594835
594743
594452
594705
593903
595265
593618
593863
594117
594472
594563
594647
593831
594771
594596
593603
592747
594544
595290
593950
593471
594310
594519
593525
593789
594368
594066
594422
594185
594004
593889
594272
595327
594144
594455
595366
594470
593569
594884
594684
594923
593242
594612
593849
594208
594888
593669
595021
594667
594537
593143
594786
594146
594945
594492
593948
595513
594127
593673
594657
593860
595078
593559
594646
594304
593967
593859
594240
594772
594066
593710
593149
593211
594449
594171
594781
593829
594862
594112
594707
593826
593964
593522
593660
594487
594106
594393
594721
594176
594475
594145
594619
594170
594269
594094
594782
592862
595304
593691
593906
595626
593854
594962
593844
595349
594446
593601
595014
594392
595163
594525
594951
593388
594546
594828
594044
594897
593837
594346
593621
593887
595177
594345
593741
594577
594097
594445
593872
594817
594924
593239
595311
594089
594062
594624
594040
593476
594442
594153
594334
593856
594399
593623
594175
594375
594422
594303
594428
594803
594012
593494
593784
593603
593803
593730
594319
594739
594903
593726
594845
593941
594070
593318
593334
594905
594814
594130
593889
594207
593653
594025
594916
594258
593920
594195
594541
593935
594651
594985
593417
594184
594677
594431
593864
594523
593779
595196
594421
594468
593470
593923
594719
594050
594756
594355
594033
593400
594492
594524
595413
594126
594691
593460
594446
594167
594863
593520
593333
593594
594649
594237
594754
594925
594460
593823
593370
594713
594361
