807532
807272
807325
808057
807525
807333
807168
808011
808058
806911
807990
808252
807176
807853
807706
807319
807417
807339
807719
807280
807790
807434
807385
807361
807475
807503
808170
807798
806623
807285
807809
807968
807093
807663
807243
807751
808005
807921
807200
807469
808203
807680
807782
807398
808010
807572
807758
807912
808011
807509
807839
807004
807235
807468
806499
807454
807139
807288
807567
808168
807651
807109
808219
807952
807192
807999
807522
807277
807565
807264
807387
807262
807249
808183
807411
807375
807443
808232
807992
807603
807698
807784
807579
806955
806989
806953
808205
807595
808282
808274
808257
806819
808611
807573
807902
807117
806821
808051
807978
807386
807174
808093
808245
807780
808052
808433
807527
807306
807188
807691
807733
808324
807493
808557
808139
807897
807970
807392
807572
807327
808008
807675
807939
807747
807426
807549
807437
807323
807640
807889
807693
807417
807111
807882
808050
807910
807119
807602
807604
807994
807986
807592
808471
806880
807713
807026
807836
807934
807404
808153
807349
807898
807414
808216
807157
807716
807479
807948
807758
807596
807759
807961
807637
807643
807101
807983
807601
807767
807575
808089
807319
807190
807538
807530
807929
807093
807553
808428
807630
807317
807394
807677
807926
807113
807521
808169
807539
807673
807648
807021
806468
807362
807468
807315
806979
807690
807926
806685
807806
808004
808191
807048
808642
807875
807761
808237
808301
807936
807360
807533
807515
807360
807857
807030
807949
807951
807199
807884
807605
807740
807461
808193
807276
807516
806897
806645
807328
807942
807126
807076
806435
807718
807061
807974
807289
807189
807389
807405
807733
807298
807469
807582
807419
808270
806410
807961
807968
807208
806848
807539
808243
807659
807985
807628
807554
807622
807451
807570
807563
807701
807626
807459
807821
807301
807087
807710
807123
807494
807606
807815
808031
807002
807979
808144
807844
807824
807156
807512
806949
807465
807614
807365
807804
807993
807397
807892
807368
807267
807896
807078
807779
808125
807393
808203
807811
808273
807884
807623
808162
807323
808214
807422
808006
807521
807384
807333
807741
807580
807843
807262
807250
807879
807612
807117
807486
808114
807757
808038
807484
808139
807912
807598
807988
807150
807671
807669
807231
807374
807097
806810
807737
807176
807828
807124
806918
806628
808107
807168
807110
806977
808224
807690
807165
808145
807857
807767
807346
807071
808809
807348
807309
807873
808069
807632
807955
807169
807313
807746
807509
807706
807930
807220
807759
807019
807916
807918
807196
807440
807483
807613
808021
807824
807242
807221
807326
807441
807466
807376
807242
808104
807478
807614
807162
807623
808049
807510
807141
808237
807534
807700
807779
807864
808098
807434
807360
807657
807476
808345
807260
807222
807182
807718
807555
807854
807465
807602
807451
807492
807514
806679
808223
807502
807439
807707
807516
807403
807142
807521
807346
807424
808345
807488
807896
807700
808058
807995
807526
807218
806912
807082
807919
808474
807212
807414
807579
807401
807260
807624
807614
806671
808167
807538
806847
807944
807178
807377
807195
807945
808095
807942
807793
807137
808217
807330
807870
808021
807421
807889
808087
808107
808043
807658
808451
807124
807199
807639
807769
807902
807257
807332
806686
807580
807386
807730
807559
807790
806979
808364
806963
807538
807587
808015
807800
806961
807371
807706
808015
807492
807580
807423
807236
807357
807752
806976
807946
807477
807503
808253
807482
807651
807640
807233
807537
807882
807193
807830
807222
808308
807294
806902
807811
807199
807584
807319
807991
807124
807695
807710
807230
808432
807688
807790
807195
808252
808020
806626
807878
807746
807220
808124
807316
807993
806984
806607
807719
808096
806274
807844
806944
807897
807689
807959
807825
807131
807739
807221
807909
807958
807746
807253
807363
807449
808258
807784
807083
808278
807601
807800
807785
806785
807749
807193
808029
807628
807306
807694
807992
807540
808550
808014
807650
807787
808061
808028
807828
807939
807942
807588
807891
808095
808098
807600
807788
807697
807201
807967
808175
807682
807380
807436
807403
808079
807779
807999
807534
807072
807825
808079
808252
807640
808319
807248
807395
807152
808210
807979
807703
807725
808004
807290
806990
808194
807467
807887
807602
807919
808261
807396
808049
806942
807585
807903
807143
807374
807591
807969
807050
806969
808331
808052
806732
807337
808324
807738
807506
808220
806818
807349
807892
808034
807844
806748
807868
807608
808017
807522
807494
807646
807097
807518
807789
807963
806845
807587
807943
807638
808063
807813
807422
808262
807762
807808
807811
807644
808284
807590
807903
807820
808350
808496
807565
808052
808382
807815
808497
807909
807930
807801
807935
807441
807785
807547
807463
806852
807199
807010
807815
807792
807725
807727
806732
807472
806995
807998
808021
808267
808427
807382
807706
807868
807688
807333
807345
808057
807400
807479
808032
806886
807475
806652
808036
807517
807690
807688
806742
807436
807452
807453
807274
808175
807671
807502
806794
807304
807365
807132
807783
807178
807768
807973
807873
807702
807938
807249
807166
808002
807769
807604
807641
807611
808358
807045
807415
807085
808161
807939
807007
806627
807767
808356
806862
807907
807783
807671
807363
807357
807730
807123
807783
807039
807694
808089
807571
807896
807847
808073
807271
807787
807724
807804
807740
807312
806926
807421
807602
806793
808059
807585
807836
807560
807683
807084
806721
807405
808075
807397
807762
807447
807732
807765
807645
807469
807381
807747
807503
807898
807413
807977
807985
808273
807835
806965
807695
807598
807897
807683
807161
808292
807863
807092
807780
807238
807916
807985
807198
807882
807453
807605
807330
807900
807175
808364
807545
807821
808036
807743
807758
807958
806651
807349
807117
807379
807653
807676
808045
807885
807195
807334
807982
808287
807893
807165
807931
807945
807747
807728
807564
807615
807685
808544
807314
808228
807984
807868
807110
807956
808028
807065
807026
807941
807990
807986
807854
807339
806938
807341
807898
807797
807711
807671
807701
807378
807301
807365
807617
808015
807428
807420
807648
807944
807559
808037
807314
807980
807611
807992
808003
806960
807174
808132
807292
807432
807193
808185
807154
807592
807436
807844
807831
807476
807716
806989
807808
807597
807340
807747
808012
807398
807226
807535
807168
807704
808084
808041
807231
807167
807975
807806
807385
807322
807672
807694
807807
807944
808122
807647
807299
807433
806559
807985
807189
807867
807556
807556
807391
808302
807778
807409
807622
808004
807558
807698
808347
807573
808090
806968
807694
807698
807111
807279
808124
807982
808064
808104
807229
807597
808056
806947
807429
807407
807270
807098
807625
807668
808156
807991
807056
808140
807774
808321
807179
807583
806967
807387
807862
807479
807533
806912
807376
807284
807188
807736
807181
807913
808028
807059
807410
807080
807381
807328
807838
807944
807346
808467
807700
807895
807629
807546
807450
807869
