735980
735487
735983
735074
736461
735598
736026
735049
735793
735955
735656
736172
735253
735576
736142
734965
736294
735575
735359
735733
736205
735867
735583
735012
735161
736079
735930
735945
735424
735292
736033
735423
735623
735870
735670
736294
736247
735806
736413
735386
734719
736298
735312
735894
735482
735706
735884
735755
735581
735887
736145
734998
736112
735874
735860
735985
735086
735946
736496
735365
736495
735405
735626
736291
736060
736040
736105
736607
736132
735907
736725
735329
735965
736031
735476
735047
735329
735825
736536
736426
736379
735635
736110
735382
736026
736322
735627
735876
735895
735943
736753
735528
735382
735642
735544
735079
736195
736657
735813
735891
736290
735226
735475
735578
736123
734551
736098
735507
735783
735741
735538
736258
735721
735996
735808
735687
735905
735705
735681
736481
735682
735805
735524
736059
735986
735770
735701
736599
736263
736093
735644
735878
735588
735528
735474
735507
735272
735762
735903
735769
735775
736135
736061
735823
735328
735567
735781
735976
736418
736024
735591
735544
736658
735173
736338
736091
735899
736576
735128
736350
735667
735846
735772
735077
735944
736497
735941
736375
735495
735942
735272
735343
735975
736109
735947
735510
736207
736055
735323
735890
735766
736340
737249
735793
735228
735685
736365
735744
736033
735766
735334
735804
735894
736066
735703
736218
736037
735999
735990
735845
735635
736312
735671
735562
735810
736019
735122
736788
735824
735608
736102
736911
736032
735991
735714
735683
735980
736340
735293
736366
735494
735438
735751
736348
735374
736106
735003
736380
736224
735490
735839
735766
736145
735789
736698
735477
736375
736050
735520
736445
735745
735430
736548
735810
736693
735737
735496
736686
736182
736301
736374
735928
736214
735465
735588
735500
735844
735822
736514
735093
736117
736168
736446
735453
736122
736011
736173
736128
735822
735969
736116
735708
735460
735268
736079
735868
735437
735549
735582
735614
735979
736494
735498
736004
736088
735927
735557
735437
735844
735319
735384
736804
735166
734990
735484
736687
736198
735554
735169
735200
735057
735491
735725
736617
735287
735738
735357
735131
735997
735971
735940
736450
736018
735927
735548
735792
735615
736801
735088
735463
736501
736607
735685
735778
736175
735124
734898
735951
735239
736309
735971
734950
735448
735592
736143
736047
736433
735977
736294
736019
735728
735465
735772
736410
735759
735979
736167
735372
736000
736164
735743
735945
735861
735543
736281
736641
735828
735838
735591
736035
735944
735516
735501
735865
736499
735577
735454
735767
735044
735622
736209
735757
735571
735792
734967
735206
736139
735352
735888
735694
736307
736344
735476
735613
735420
735595
734937
735742
735845
735092
735418
735523
735875
735943
735476
735805
736106
735795
735728
735768
735398
736219
736053
735600
736658
735897
735755
736110
735088
735961
735173
735790
735910
736307
735926
734985
735408
735511
735767
735166
735873
736274
735854
735905
735596
736035
735858
735110
735886
735046
736054
735988
735388
735642
736300
736340
735764
735149
735510
735821
735831
736268
735866
735526
736223
736423
736407
736266
736082
735611
735949
735386
735924
735367
735520
736453
735171
735216
736467
734902
735605
735614
735309
735815
736387
736102
735323
735553
736425
736128
736532
734993
735371
736312
736271
735382
735809
735980
735628
735204
736182
735386
735491
735808
735489
735592
735749
736254
735838
735420
736282
735307
735607
736334
735594
735663
735723
735868
735607
736036
735469
735809
735736
734815
736009
736068
735959
736091
736021
735118
735523
735945
736255
735146
736614
735816
735618
735205
735946
735586
736245
735359
735635
735569
736173
735095
736496
735888
735507
736235
735826
735059
735982
735481
736273
736057
735814
736005
735546
736258
735796
735474
735680
735146
736234
735136
734226
735409
735166
736082
736077
736073
736547
736438
735359
735254
735672
735938
735177
735350
736540
735632
735695
735930
735500
736340
736680
736139
735607
735677
736401
735219
736085
736330
735373
736048
736742
736005
735082
736604
736295
735863
735759
735903
735889
736128
736693
735940
736189
736236
736292
735575
735587
735796
736117
735927
734997
736331
735680
735584
735610
735845
736000
735374
735714
736085
735938
735659
735993
735869
735666
735841
736109
736537
735412
735924
735823
735727
735602
734869
735773
735773
735503
736178
735981
735309
735881
736457
736002
735913
735174
736697
735677
736272
736243
735710
735530
735360
735977
735670
735444
735933
736042
735686
735192
735064
736043
734842
735981
735186
736529
735389
736201
735398
735964
735907
735023
735976
735437
735669
735926
735736
735642
736425
736115
735717
736166
735806
735484
735501
735346
736042
735734
735661
735674
735884
735367
735851
735387
735818
736140
735817
735985
736082
736230
735417
736268
735989
735799
735105
736124
735484
735663
735979
735303
736016
735535
735604
735704
736090
735442
735623
735824
736065
735700
736171
735520
736173
735475
735662
735711
736501
735465
735643
735959
736184
735906
736017
735212
736705
735624
735261
735716
735366
736013
734656
736595
736528
736011
734605
735622
736105
735407
735564
736099
735343
735301
736385
736256
736076
736459
736104
734856
735581
736718
735525
736480
736080
735431
736723
735946
736497
735810
736385
736109
736549
735682
735205
736000
735771
735414
735595
735237
735810
736474
736568
735521
735615
735050
736216
735781
735345
735090
735928
735233
735764
735435
735636
735655
735363
736270
735911
736048
736321
736483
735044
736277
735987
735803
735873
736052
736340
735386
735961
736661
735941
736027
736163
736238
736023
735972
736281
735895
736278
735674
735677
735401
736544
736039
736288
734951
735723
735002
735207
736429
735471
735342
735586
736197
736135
735605
735379
736155
735241
736396
736086
735772
736302
736072
735495
736138
736248
736256
735571
735716
736021
735835
736404
735915
736436
735984
736426
735838
736258
735746
735766
735531
736030
736559
736594
735148
736456
735977
735689
735428
735874
735934
736269
735985
736176
736568
735605
735361
736659
735779
736269
735954
736121
735120
735086
735982
735977
735653
735221
735369
736711
735355
736249
735099
735861
735622
735505
735742
735793
736612
735487
735522
736050
736219
736222
736085
735276
735721
735780
736116
735684
736262
735978
735985
735958
735392
735981
736040
735515
736170
735870
736269
736547
736678
735722
735402
735647
735307
736506
736221
735989
736714
735921
735274
735851
736377
734990
735934
736963
735477
736301
737132
736227
735332
735263
737123
736079
735458
734936
736750
736441
735073
735559
736000
735175
735408
736206
735511
735251
735998
736061
736250
735660
735666
736253
735532
736334
736041
735539
735673
736314
736300
734725
735580
736478
735585
735694
736271
735220
735452
736196
735918
735554
735640
735630
735935
735761
735978
736288
735617
736642
735958
735156
736167
735857
736008
735822
736279
734874
736511
735982
736190
736110
736347
736294
735514
736446
735474
736097
736181
736065
736150
735747
736513
735354
