388940
388239
388042
388917
388795
388523
387891
388068
389070
388620
388210
389037
387912
388887
388799
388812
389028
388583
388877
388625
387644
388206
388538
388601
388603
387802
389154
388380
388121
387147
387818
388416
388878
388709
389555
387838
388060
388760
388391
388150
388680
388151
388433
388828
388893
388349
387512
389019
388836
389182
387505
388640
388685
387845
388171
388425
388739
388207
388236
388890
388135
388524
388437
389104
388246
388179
387503
387936
388515
389070
388208
388481
388271
388232
388858
388599
387792
387328
388841
388601
387817
389054
389401
388844
388727
388239
388146
389381
388795
388552
389331
388320
387997
387838
388426
388938
388385
388443
388427
388712
388265
388300
388089
388584
388832
388754
388330
388634
387076
389418
388361
388267
388961
388295
388825
388785
389597
387737
387769
388843
388893
388176
388711
387799
389249
388599
388780
388260
387610
389137
389125
387944
388989
388362
388932
388436
388767
388465
387342
388228
389062
388811
389092
387925
388426
388401
388913
389032
388946
387569
387791
389070
388401
388016
388775
388806
388868
388647
387462
388420
388239
389054
388744
387869
387885
388145
388831
388066
389015
389011
388728
389210
388962
388870
388195
387946
388248
388415
388916
388995
388592
388732
388414
388815
389037
388420
388190
388433
388799
388814
388965
388777
389139
388640
388796
388936
389121
388904
389099
389012
388874
387976
388339
388739
387652
388094
387645
388842
388988
388045
386947
388564
387875
388341
387973
388246
389041
388215
388598
387221
388140
388298
388219
388025
387972
387494
388725
388379
388014
388013
388561
388803
388523
387762
388502
389308
388529
388862
387812
388508
388107
388174
388735
389240
389051
388341
388462
388841
388679
389468
388427
388423
388176
388493
388299
388675
388925
388895
387399
388719
388250
388406
388908
388154
388288
387736
388089
386722
388602
388966
388649
388676
388457
389037
389061
388477
389104
389381
387877
387780
388100
388320
389693
388466
388189
388663
388287
387397
388603
389937
388511
388397
388202
388656
388386
388004
388233
388950
388883
388913
388248
388152
387222
388654
388561
388594
388266
388457
388598
388642
388734
388009
388962
388422
388526
388706
388965
388202
389070
388723
388159
388463
388353
388661
388219
388868
389079
388796
388235
388851
388133
388567
387326
389025
388919
388585
388352
387676
387993
388330
388516
387987
388431
388196
389251
388071
389544
388425
388893
388746
388358
387831
387896
388313
388218
389516
389326
388381
388714
388299
388769
388854
389234
388551
388254
388419
388068
388801
388756
388118
388831
389342
389275
388326
388921
388203
388710
387772
388482
388305
388129
387796
388401
388523
389401
388934
388715
388389
388615
389502
388035
389013
388261
388140
388075
388435
388401
388792
388705
388675
388723
388062
388313
388174
388599
387904
388143
389089
387360
389470
389059
388722
388274
388433
388828
388729
388667
387303
388555
388732
387612
388073
389178
388333
388436
388788
389198
388254
389027
388014
388594
389128
388090
389816
388334
388989
388590
389194
388913
388651
388544
389092
388880
388241
389130
388277
388856
389226
388225
387769
388701
389725
388390
388962
388707
387911
389657
388518
388251
389013
388306
388554
388188
387767
388375
388004
389673
387495
389034
388191
388949
388126
389191
388950
387864
388309
388625
389079
388011
388172
388813
387812
387898
388488
388540
388664
388773
388032
389072
388647
388523
388485
388779
388446
389175
388736
388273
388600
388631
388772
388272
388803
387321
388461
387208
389140
388795
388159
389278
388429
389837
388825
387474
388987
388779
388059
388849
388710
388488
387639
388530
387914
388339
388398
388381
388970
388345
387738
388143
388928
388450
388514
387671
388333
387687
389491
388780
388624
389130
389163
389100
388871
388388
389047
388621
388167
387969
389117
389013
388843
388719
388680
388040
389013
388078
388468
389546
388868
388481
388761
388750
388530
388839
388498
388114
388849
389277
388360
388786
388333
387952
388559
388575
388903
388488
388121
387985
388172
388373
388143
389317
388656
389064
389168
389212
388047
388003
387831
388242
389374
387893
388857
388316
388628
388281
388642
388387
387225
388485
388619
388479
388624
388437
389130
388071
387733
388909
388260
389000
388894
388635
387797
389171
388893
388704
388111
389402
387992
388556
387870
388185
389318
388969
388111
388132
389098
388640
388125
388421
388778
388760
387964
388720
388482
388090
388252
388903
388331
388391
388477
388110
387610
389102
388311
388666
388848
389651
388930
388600
388673
388647
388543
388035
387975
389293
387957
388367
388839
388182
388128
387904
388613
389401
387789
387860
388921
388789
388585
388185
388935
389023
388443
388762
388048
389193
388628
388840
388455
388536
388847
388478
388286
389169
388454
388567
387722
388229
388876
389163
388011
387634
388676
388764
388550
388725
388008
388128
388672
388375
388167
388332
389537
388613
387694
388297
389394
388782
388608
388575
388765
388257
388840
388711
389610
388669
389097
388497
389047
388583
388794
387660
388398
387801
388702
388141
387706
387965
388942
388081
388521
388443
388613
388405
388405
388946
388571
387782
388091
389001
388495
388230
388333
388503
387562
388558
388665
387765
388485
387441
388184
388316
388005
388441
389657
388248
388781
388602
389189
388851
387955
388500
387641
388802
387869
388654
388803
388338
387876
389305
388620
389357
388936
388617
388492
387175
388001
389238
388944
389068
388982
388522
388889
388201
388842
388627
388330
389110
389158
388791
388962
389241
389586
388293
388952
388068
389010
388854
387981
388379
388243
389202
389449
389010
388121
388582
389023
389538
388064
388333
388290
388737
388666
388070
388212
389295
388619
388450
388323
387664
388690
388184
389193
387932
388689
388729
389494
389128
388757
388883
388098
387582
388110
388314
388456
388398
388021
387305
388674
388899
388879
388720
388635
388193
387956
387931
388397
389495
388475
388814
388180
389147
387953
388689
387653
388066
388376
388451
388655
389064
388577
388045
388024
388633
388820
388393
388929
387968
388698
387287
388206
388473
388747
388342
388733
389158
388789
388429
388728
388520
387514
388719
389060
388823
388940
387917
387071
388842
388358
387767
388585
388076
387368
388539
388920
387797
388933
388563
388877
387658
388404
388857
387802
388503
388796
388800
388078
388205
388615
388118
388788
388980
388517
388521
388184
388859
389043
388943
388970
388513
387881
388274
388356
387462
388897
387985
388520
389126
388997
388781
389392
388408
388259
388852
388443
387624
388848
388655
388626
388849
388525
387780
388003
388194
388466
388890
388266
388427
387955
388084
388410
388920
388619
388296
388383
388114
387701
387675
387870
389019
388946
388789
388709
389006
388362
388211
388986
387714
388659
388543
387887
387792
387854
387623
389242
388511
388574
387875
388672
389189
388858
389019
388355
388378
388152
388696
389283
387904
388711
388461
388525
388416
388081
388021
388532
388376
388905
388579
389035
388167
388330
