442781
443522
442997
443664
443152
443820
442999
444091
443246
443679
442907
443311
443299
443770
443930
442673
442428
443960
443346
443929
443440
443230
443277
443159
443179
442404
443038
442777
444783
442555
443074
442244
443429
443261
443810
442731
443335
443735
443929
444272
443340
443868
444402
444083
443850
443226
443502
444423
443769
443592
443018
443121
442263
443749
443266
443289
443106
443271
444023
442875
443255
443427
442443
443156
443699
442922
442992
443431
443219
443021
443298
443515
443269
443041
443735
443655
442940
444141
444315
443398
442774
443632
443029
444069
443502
443306
442549
443874
443141
443329
442899
444438
442417
443366
443225
443650
443115
442799
442973
443730
443653
444007
444071
442963
443619
444221
443598
443249
443336
443608
443962
443738
443626
444000
443844
443101
444671
444096
442990
443219
442907
442845
443722
442757
443394
443498
442954
443250
443330
442430
443477
443706
442802
443473
442781
442434
444338
443293
443708
442419
443677
442514
443523
443792
444231
443663
443796
443215
443988
443782
443296
443424
443629
443055
442671
442520
443134
442410
443412
443053
442827
444299
442830
443032
443524
442830
442801
442829
442696
442730
443712
443619
443475
443482
442270
443923
444155
442792
444369
444578
443720
442896
444068
443128
443168
443551
443335
443221
443155
442772
442803
443500
443670
443501
442588
444240
444337
443269
443628
443665
443508
443310
441989
443421
444000
444592
443605
443925
442735
443712
443631
443520
443385
442997
443380
443482
443292
443166
443433
442778
443354
443816
442642
443339
443045
443073
443608
443356
442299
443415
444601
443083
443867
442573
443076
443735
443500
443215
444284
443367
443330
443515
443885
443154
443557
443705
443296
443573
443189
443414
442820
444194
443473
442418
442874
443243
443063
442581
444059
443411
443671
442428
442732
442861
443786
443451
444238
443224
443768
442517
443241
443211
443769
443358
443448
443776
443908
443536
443011
443731
443403
443129
443048
443301
443408
443185
443773
443830
443756
442412
443299
443908
443608
443109
443997
443375
444106
443435
443107
442342
443485
442663
443898
443756
443445
442929
443811
443089
442657
443689
443708
443733
443017
443001
443566
442657
442793
443102
443874
444177
444106
443134
442880
443175
442284
443099
443029
443368
443521
443379
444118
443571
444452
442834
443353
443010
443303
443385
442956
443717
443449
441752
443122
442098
442864
443397
443306
444098
443492
442573
444647
443072
443807
443142
442997
443702
443056
443981
443972
443379
443144
443968
442606
443202
443571
444330
442728
443575
442481
443313
442804
443091
443785
443915
443544
443136
443105
443312
443385
442964
442943
443248
442956
442214
442930
443304
442768
442699
443807
443263
443933
443228
442656
442572
443079
443747
443391
442914
443594
443105
443315
443447
443391
443088
443668
443694
443293
443617
443356
443320
443181
443469
443577
443774
442520
443444
442700
443235
443519
444027
444087
443750
443354
443638
443698
443270
442704
443287
443603
443904
443804
443546
443411
443475
443274
444119
442879
442962
444254
443293
443659
443782
442940
443906
443884
443749
443625
443487
443134
443188
444210
442936
442715
443164
442838
443500
442903
443836
443450
443433
444191
442353
443593
442856
444479
444229
443572
442689
443605
442774
443178
443860
443589
442766
443337
443381
442739
443399
442899
442982
443400
443204
443260
443133
442550
442399
442580
444456
443307
443509
443225
442197
443476
443088
443561
443292
443509
443269
444022
443237
443749
442870
443121
443753
443998
444252
444804
443912
443617
443023
444364
443175
443020
443415
443596
443137
442711
444269
443422
443049
443097
443723
442931
443547
443080
444171
443412
444203
444400
443303
443244
443732
443689
443838
444261
443844
443764
443335
443593
443094
443136
443076
443161
443746
443301
443636
442808
443098
442876
443490
443593
442674
443762
442064
443543
443572
443202
443897
443147
443509
443114
443474
442935
442311
443516
443403
443969
443647
443213
442727
443511
443519
443475
443465
442502
443107
442879
443156
443225
442820
442942
443522
443693
442890
442999
443631
443061
442900
443185
444172
443679
443274
443560
443035
443434
443688
443725
443219
443744
442826
443911
443683
442585
442655
441766
443080
443201
443175
443051
442490
443098
443089
443506
443541
443080
444480
443142
443022
443523
443074
443714
444175
442838
443020
443937
443683
443174
443035
442819
443935
443340
443325
443654
443374
443885
442570
442882
441691
443571
443110
442805
443570
443506
443826
443824
443795
443406
443555
443083
443227
442510
443350
442831
442926
443350
443447
443173
443709
443622
443039
442977
442604
444243
442764
443673
443166
443043
443917
443410
443083
442900
442752
443939
442846
442703
443605
443122
443706
442911
443624
443319
442978
443408
443718
443231
443649
442917
443103
444590
442864
443439
443585
443980
443244
442744
443987
442929
444269
443962
442814
443275
444088
443637
442194
443291
442958
442984
442707
443104
443363
442985
443142
443573
443909
444329
443590
442880
443951
442746
443159
443004
443136
443335
442657
443472
442933
443307
443432
443659
443175
444095
442649
443080
442149
441801
443814
442578
443051
443341
443010
443521
442947
443203
443964
444134
443735
442290
443620
442280
442203
443183
444444
442660
441946
442603
443540
443199
443689
443757
443914
443512
444442
442561
443056
443297
443580
443833
443084
443126
443309
442615
442870
442938
443638
444245
442874
443531
443161
442295
443209
443055
444005
444325
443764
443259
442872
443458
443675
443550
443935
443405
444158
442309
443344
443244
443214
443222
443526
442309
444115
444190
443391
443412
442816
444453
443129
443255
443031
442621
442991
442861
443420
444397
442810
443141
443254
443082
444243
444576
444129
443170
443665
443444
443773
442781
444317
443132
443942
443345
442587
443181
443280
443960
443311
442795
443304
442982
443230
442507
443106
443397
443090
443733
443069
443204
443257
443156
442938
443894
443028
442525
443482
444386
443370
443441
443282
443932
443904
443674
442573
443192
443354
443047
443443
443532
443353
442175
443718
443352
443756
443940
443821
444175
444553
443354
443952
443453
442433
443120
442838
444057
443917
443915
444248
443230
443030
443745
442672
442832
443052
442794
442684
443248
443191
443795
443238
442992
443350
443566
442807
444004
443077
443360
443477
442886
443809
443626
443369
443246
444301
442262
443524
444301
442266
443325
444074
443373
443625
443794
443109
444472
443403
442848
443254
443001
442232
443221
443620
442493
443068
443602
443194
443251
442999
443084
442783
443509
443659
443813
443614
443643
443452
442410
443178
442884
443669
443439
443469
443385
442833
444058
443149
443791
442690
443114
443641
443146
443318
442885
442712
443277
443374
443170
443689
443513
443312
442711
443518
443303
443693
443340
443549
442872
443317
443602
443222
443003
443437
444030
443369
443399
443929
442565
442807
443616
444132
443470
443657
443956
443851
443149
442478
443425
443106
443047
443793
442681
443189
442338
443638
