610116
610306
610452
610832
609782
610216
610281
610610
610713
610541
609743
611444
610977
610111
610908
609824
610167
611267
611273
609532
609743
610606
609621
611063
610059
610224
610006
611678
610516
611098
611375
610150
610497
610960
610217
610420
611506
610640
610862
611531
610449
609934
609480
610159
610540
609947
610638
609603
610350
610589
610698
610155
610522
610232
609379
610177
611030
610217
610088
610725
610095
610324
609596
611100
610015
610528
610515
610510
609574
610050
611079
610298
610409
610367
610803
610619
610655
609950
611037
611476
610297
609419
609864
610304
610567
610745
610062
610942
609731
610729
610748
610406
610426
609912
610153
609950
611244
610132
610327
611659
610437
610892
610519
610841
610013
611268
610001
610696
610078
610292
610575
610243
610957
610531
609468
610761
610284
611392
611831
609508
609428
610905
610834
611032
610068
610174
611458
610720
610134
609624
610484
610749
610651
609810
610321
610672
610812
610961
610673
610153
610696
610694
611203
609348
609717
610818
610437
609650
609491
609800
610541
609966
610883
611246
610501
611041
610529
611094
610854
610962
610716
610785
610573
610428
610551
609883
610703
610667
611068
609729
610766
609685
610878
611730
610499
610485
610332
610427
610409
611206
610161
610525
610902
610436
610484
609993
611127
610114
610675
609993
609467
610963
611070
611383
610259
610556
610978
609833
610465
611598
610106
610643
610551
610876
610567
610265
610755
610034
610492
609866
610568
610843
610567
610731
610209
610952
610914
610332
610513
610541
611290
610448
610986
610061
609894
609506
610429
610531
611203
610522
611084
610520
610065
610725
611254
609061
610270
610527
609760
610492
610699
610057
609631
611355
610418
610568
610583
610977
610475
610867
610263
610836
611456
611488
610916
610626
611621
609930
611098
611152
610768
610593
610845
610313
611547
610291
610163
610117
610774
610339
610536
609695
610316
610631
610631
610082
610912
610213
609858
610585
611115
610109
610292
610405
610652
610750
609925
610220
611037
610205
611458
610465
609823
610073
611191
610267
609660
610556
610390
610198
609852
610509
611689
610912
610371
610455
610686
609541
611822
610316
609692
610514
610582
610514
610472
610647
610097
611419
610290
610259
610687
609642
610398
611302
610155
609839
611160
610947
609850
610919
610624
610873
610587
610539
609672
610061
610490
611026
611672
610155
609567
610788
610517
610650
611260
610446
610526
610192
610230
610182
610617
610843
610126
609349
610352
610205
610439
610416
609936
610548
611466
610505
610363
610407
610273
610473
610640
610237
610400
610320
610087
611102
610324
610037
610967
610148
610422
610158
610399
610779
609532
611535
610525
610970
610311
610989
610777
609917
609747
610317
610253
610224
610227
610890
610834
610414
611021
610228
610542
610863
610620
610518
609857
610474
610918
610354
610894
611100
611460
609603
610198
610205
610343
611195
610895
610577
610510
610274
610050
610320
610822
610165
610579
611593
609891
610243
610949
610661
609958
609315
609640
610728
610564
610232
610401
610034
610729
611314
610395
609964
610373
610373
609996
610173
609865
611029
610800
610678
609814
610809
610744
610070
610333
610727
610679
610185
610900
610089
610246
610911
610680
610596
610990
610327
610754
610512
611157
610565
610858
610877
610651
610046
610003
609825
611278
610228
609884
610740
610942
609707
609761
610777
611022
610059
610017
610861
610550
609972
609901
609982
610378
611144
611504
610257
610519
610527
610019
609290
609937
610384
611305
610490
610415
610275
609513
610883
609387
610643
610223
610744
610660
611113
610624
610359
610580
611288
609776
611275
610352
610642
610927
610375
610847
610542
609451
610515
611132
609770
610456
609940
611162
610750
609431
609730
610522
610784
610483
610509
609779
610562
609927
610762
610369
610253
610126
610366
610119
611643
610712
609656
610122
611487
610483
610778
610049
609873
610403
609844
610380
610296
610353
611468
611357
611337
610340
611077
610273
610318
610639
611249
610842
610985
611157
610665
610762
610399
610822
610431
610953
610315
610563
611008
610938
610264
610411
611806
611161
611072
610517
609924
609562
611267
611043
610826
610298
610564
610194
610902
611434
610940
610649
611156
610190
610899
610372
611447
610978
610203
610822
610982
610410
609512
610385
610709
610375
610313
610625
610051
611429
610099
610356
609821
610686
610285
611084
611259
610006
611163
611053
610096
611502
610354
610468
609712
610335
611455
611663
610915
610556
610245
609834
610329
610256
611007
610734
610257
610480
610390
610907
610778
611528
611117
610633
610828
610289
609954
610506
610932
610458
610010
609796
610554
609979
610920
610634
609572
610626
609825
610070
610168
610549
610688
610935
610395
610123
610242
610299
610702
610145
610582
609946
611222
610306
610376
609894
610637
610517
611034
610669
610657
611303
610112
609489
610309
610285
610652
610644
610427
610289
610451
610381
610855
610103
610131
610590
609897
610096
610288
611206
609169
609768
610982
610081
610961
610210
611249
610277
609842
610752
610738
610583
610211
610912
610185
610665
609994
610659
609779
610163
609998
611440
610286
610249
610075
609596
610306
610412
609968
609867
609602
610449
610808
609496
611090
610118
610607
610641
610118
609677
610074
610179
610551
610857
609555
609941
610227
609723
610454
611023
610293
610268
611179
611570
610616
610722
610437
610476
610390
610656
609713
610347
610087
610344
610137
610895
611409
610032
610611
610491
609391
610305
609703
610964
610340
610890
610971
611088
610825
610104
610263
610475
610565
609928
611199
610412
609532
610428
609768
610805
609681
610184
611844
610353
610504
610055
610969
611019
610735
610949
610455
611603
611078
610869
609909
610689
611207
609587
610585
611478
609761
610828
611143
610011
610290
610801
611302
610457
610297
609827
610347
611288
610431
609999
609825
610179
611104
610689
610455
609390
610060
609994
610548
610111
610321
610756
610423
610392
610497
610064
610742
610089
610665
610833
610694
610282
610696
610170
609783
609891
610887
609754
610482
610512
609260
611166
609822
610951
610060
610129
610710
611714
610166
610126
610766
610117
611046
610282
610508
610254
609914
610601
609203
610115
610533
610138
610141
610559
610948
609967
610269
610799
611093
610817
609847
610409
610249
610667
611480
609984
610099
611138
610039
610458
609843
610827
610736
610903
609664
610892
610118
610762
610697
609894
611220
610906
609569
610697
610483
610332
611065
611130
610973
610655
610720
610537
610529
610343
610071
610359
610400
610218
611042
609928
610187
610340
610505
610129
610830
610703
610704
610197
610665
610301
611405
610901
610843
611110
610163
610492
610321
610101
609346
610165
609867
610503
610406
610203
610299
610803
610766
609558
610406
610409
610618
609317
611086
610059
610591
609719
610746
610418
611254
610259
611264
609898
610682
610553
610462
610535
609974
610626
610566
609904
610427
610188
609976
610346
610078
610743
610361
610715
610291
610425
609961
609641
610924
610001
609931
610317
610288
