553176
554108
553123
553833
553793
554276
552995
553740
553220
553396
553504
552700
553238
553397
553522
553589
553312
552673
554530
553806
552327
553363
552865
553344
554108
553875
553841
552414
553733
553531
553475
553840
553653
553219
553885
553723
554073
553364
552599
552813
553326
553209
553837
553897
554157
553720
553959
552345
552742
553143
553873
552891
552977
553821
553725
552365
553186
553091
552768
554487
553499
553611
552885
553850
553391
553460
553293
553298
553255
553287
552796
552730
552747
554374
553300
552215
552697
553836
553472
553571
553161
553121
552818
552981
553226
552785
553529
553467
553459
553170
552618
553666
553113
553903
553808
553501
553183
552384
552772
553422
553280
553243
552738
553578
554073
553546
553130
552788
553427
554194
552715
553928
553467
554216
553008
553409
552941
553301
553274
552675
553584
554157
552304
554238
552570
553315
552831
553576
553094
553485
552801
553170
552914
553824
553056
553652
553962
553461
553027
553247
553166
552916
553067
553008
552420
553344
553653
552799
552548
553672
553038
553610
552742
554264
553356
553929
553355
553450
553479
553007
553284
553977
552956
553710
552428
553147
553408
552917
553279
553488
553566
553552
553080
553318
554049
553787
552111
552770
553014
554191
552789
553458
553060
553223
553265
552655
554052
552626
553180
553654
553289
553074
552690
552892
553050
554563
553128
553532
554070
553848
554103
554411
553318
553205
553432
552557
552953
553437
552875
554319
552976
554496
553561
554072
553879
553233
553310
552838
553226
552922
553505
552516
552866
553083
553841
552883
552757
553590
554160
553732
554223
552972
553490
553395
553533
552577
554022
553930
553616
552342
553030
554328
553176
553801
552195
553335
553044
552200
552682
553608
553501
553623
553743
553112
552993
553623
552693
553539
553177
553813
552990
552546
553935
552873
552984
553741
553306
552459
553273
553159
552747
553948
553945
553815
553085
553228
553319
554024
553361
552981
552972
553725
552734
552689
553067
553266
553201
553351
552788
553420
552504
553218
553535
553048
553340
553812
552649
553469
553118
553741
552633
553459
553292
553268
553181
554033
553233
553092
553645
553651
553961
552272
553576
554003
552670
553408
552314
553313
553679
554115
553764
552804
554089
554207
553160
553302
553563
553262
552806
552718
554186
553104
553092
552843
553657
553335
552552
553852
553460
553744
553361
552539
553746
553268
554157
553045
553409
553803
554321
552441
553264
553476
553230
553581
553066
552464
553483
553987
554336
552472
552782
553069
553508
553960
553848
552901
554455
553314
554533
553855
553328
553618
552696
553913
554163
552431
554038
552608
554180
553989
553681
553313
553841
553503
552785
553311
552869
553577
553350
553097
552964
552455
553216
551847
553365
552996
553394
553333
553497
553274
553304
553575
553042
553408
552920
552664
553368
553255
553579
553219
553098
553806
552668
553253
553113
554207
553219
554157
553296
553075
554347
553686
553501
552856
554356
553315
553386
552712
553393
553494
553137
553133
553170
554004
553457
552908
552545
552737
552935
553488
553495
553223
553571
553370
553108
552737
552729
552966
553492
553474
552908
552949
553027
552742
553429
552962
553496
553600
553925
553983
553820
553596
553194
553096
552781
553488
553422
554298
553468
553439
553080
553366
552337
553544
553244
553703
553367
553238
554022
553466
553497
552670
553962
553367
553035
552908
553123
553711
552847
553005
552816
552889
553295
553096
552461
553224
553071
554880
552902
554684
552712
553462
553134
553572
552748
553831
552942
553149
552697
553455
552799
552531
553177
552762
553981
553271
553032
553395
553544
553052
552432
553577
553279
552160
553758
554014
553277
553285
552457
553499
553825
553618
552798
552830
553051
553693
553982
553614
553759
554076
553489
554073
553827
553512
553942
553080
552740
554263
553323
553860
552924
553086
553363
553415
553396
553667
552684
553266
553950
553299
553332
553139
554062
553972
553625
553451
552997
552870
552954
552794
553642
553767
553421
553170
552832
552901
553560
553726
552942
553588
553510
553652
553390
553413
554025
552728
553930
552853
553221
553955
553780
554145
553155
553849
553354
552755
552726
553492
553426
552600
552674
553317
553246
552636
552979
553756
553115
553240
553275
553746
553917
553429
553126
553408
554092
553384
553800
553382
553645
552774
552602
553830
553093
553862
553576
553873
552662
553701
553031
553051
553508
553227
553121
553844
552569
554196
553351
552895
554020
553662
553982
552762
553375
553810
553907
553801
553552
553307
552987
553905
553126
553263
554890
553420
553298
553291
553343
552360
552174
554544
553470
553113
553617
553873
553052
553788
553125
553811
553436
553039
552330
553554
553961
553887
552779
553183
552929
554113
552973
553649
552593
553335
553774
553731
553045
553198
552985
553587
553640
553673
553097
553069
552856
553839
552694
553263
553074
554377
553998
553576
552994
553484
553470
552962
552585
553998
553726
553464
552746
553172
553486
553033
553394
553498
552773
553129
553221
553557
552839
552774
553747
553867
553075
554034
553591
552871
553202
553363
553034
552580
552919
553128
553320
553407
552598
553362
552761
552920
553513
552796
553333
553379
553261
552208
552748
553317
553760
554045
553800
553078
554944
553471
554021
553295
553557
553376
553177
553629
554460
553453
554233
552958
553153
553292
552331
553975
554132
552794
553033
553101
553964
553341
553756
553345
553387
553093
552716
553028
552699
553051
552990
553266
553412
553007
552882
553196
553094
552681
553477
552676
553071
553785
552990
553198
553981
554090
552748
554279
553295
554176
553453
552952
554398
552803
552741
553657
554270
553135
553303
553817
553040
552893
553738
553161
553009
553637
554227
553075
553502
553526
553120
553385
552866
553536
553320
552473
553665
552769
553212
553411
553807
553587
553214
554080
553766
553410
554077
552699
553554
554091
553595
553176
553713
552854
553739
553051
553219
553835
553121
554677
553849
554127
553096
552680
554093
553727
553428
553233
552496
552880
553900
553509
553681
552486
552744
553122
553179
553632
553927
553220
552801
553073
553701
554209
553535
552553
553383
553223
552935
552777
553019
552240
553534
553057
553115
552895
553993
553875
552646
553523
552802
553474
554038
552461
552731
553329
553826
552276
553823
552855
553721
554663
552760
553168
553841
552903
553329
553996
552691
552953
553381
552169
552830
553641
552731
553572
552654
553120
552645
554075
553637
553417
553887
553815
553053
553107
554306
553312
552872
553037
554201
553580
552550
553275
553105
553222
553391
552850
553610
553453
553173
552742
554157
553050
553320
552586
552631
553883
553248
552845
553266
553080
553082
553864
553595
553209
552404
552928
553234
553866
553396
553051
553332
552446
553200
552788
552909
554006
552604
552142
552659
553130
553658
553300
553027
553581
553109
553440
553583
553876
553404
553686
553101
553346
553702
551803
552584
553351
554013
553424
552977
553495
553848
553465
552384
551673
554024
553164
552727
554176
