0.760000, -0.500000, 0.030997
0.220000, -0.900000, 0.011215
0.171523, -0.964873, 0.002849
-0.888136, -0.459580, 0.000000
0.741179, -0.510542, 0.033280
-0.540762, 0.744296, 0.025382
-0.878475, 0.273278, 0.012766
-0.823533, -0.567269, 0.000000
-0.842022, -0.370674, 0.009295
0.700000, -0.020000, 0.304616
-0.560000, 0.500000, 0.062879
-0.580000, 0.220000, 0.072532
-0.200000, 0.760000, 0.144321
0.060000, 0.860000, 0.363530
0.595772, -0.778111, 0.004204
0.300000, -0.600000, 0.066591
0.314525, 0.928156, 0.949836
-0.280000, -0.380000, 0.076921
0.020000, -0.640000, 0.056310
-0.612731, -0.686266, 0.008947
-0.080000, 0.800000, 0.213442
-0.460000, 0.440000, 0.097321
-0.100000, -0.520000, 0.071934
-0.888136, 0.459580, 0.000000
-0.140000, 0.320000, 0.221067
0.500000, 0.140000, 0.422614
-0.646438, -0.654613, 0.008998
-0.800000, -0.040000, 0.027671
-0.935767, -0.291101, 0.002345
0.040000, -0.640000, 0.057154
0.320000, 0.160000, 0.372690
0.745941, 0.666012, 1.000000
-0.440000, 0.540000, 0.093595
0.112856, 0.993611, 0.429557
-0.899929, 0.011309, 0.013639
0.020000, -0.580000, 0.067921
0.340000, -0.180000, 0.205207
-0.400000, -0.320000, 0.068899
-0.060000, -0.820000, 0.024151
0.439416, 0.875965, 0.972732
0.240000, -0.820000, 0.023656
-0.260000, 0.780000, 0.104406
-0.297042, -0.954865, 0.000000
-0.212007, -0.977268, 0.000000
0.412513, 0.822334, 0.890006
0.605502, 0.770563, 0.979691
0.440000, 0.540000, 0.679324
-0.800000, -0.160000, 0.024003
-0.760000, 0.220000, 0.034987
-0.760000, -0.600000, 0.003474
0.420000, 0.620000, 0.720015
-0.560000, -0.400000, 0.039850
-0.100000, -0.660000, 0.047666
-0.050244, 0.998737, 0.000000
0.620000, 0.700000, 0.934831
-0.300000, -0.460000, 0.062863
0.220000, 0.020000, 0.272856
-0.616092, -0.656072, 0.011264
0.980000, -0.080000, 0.028089
-0.000000, -1.000000, 0.000000
-0.220000, 0.000000, 0.148194
0.120000, -0.600000, 0.067048
0.260000, -0.080000, 0.239030
0.420000, -0.860000, 0.007528
0.540000, 0.080000, 0.386267
-0.817086, 0.422813, 0.014661
-0.940661, -0.191722, 0.004857
-0.891097, 0.228795, 0.012295
-0.624676, -0.755103, 0.002202
-0.810555, 0.514394, 0.007817
0.140000, 0.720000, 0.485112
0.840000, 0.320000, 0.814072
0.980000, -0.160000, 0.007123
0.780000, 0.260000, 0.673846
0.000000, 0.280000, 0.278997
-0.520000, -0.340000, 0.050605
-0.120000, 0.000000, 0.174179
0.617191, 0.708996, 0.939607
-0.863635, -0.317071, 0.009444
0.920000, 0.040000, 0.292747
-0.770513, -0.637424, 0.000000
-0.800000, 0.440000, 0.016333
-0.420000, -0.360000, 0.061674
-0.060000, -0.780000, 0.030158
-0.080000, 0.940000, 0.088820
-0.400000, -0.500000, 0.047118
0.036183, 0.959318, 0.250096
0.540000, 0.700000, 0.877259
0.552518, -0.760476, 0.012648
-0.400000, -0.540000, 0.042296
-0.200000, 0.840000, 0.103876
-0.280000, -0.180000, 0.107381
-0.820000, 0.240000, 0.023687
-0.860000, 0.260000, 0.016275
-0.979691, 0.024627, 0.002661
0.120000, 0.000000, 0.238811
0.720000, 0.300000, 0.678485
0.260000, 0.380000, 0.457311
0.060000, -0.720000, 0.042848
0.829366, 0.483478, 0.951992
0.060000, -0.580000, 0.069440
0.480000, -0.020000, 0.304161
0.580000, 0.700000, 0.906427
0.900000, 0.300000, 0.872954
0.780000, -0.320000, 0.079118
0.500000, -0.360000, 0.126904
0.180000, -0.840000, 0.021774
0.500000, -0.040000, 0.292963
-0.300000, -0.700000, 0.030176
-0.880000, -0.300000, 0.008288
0.997159, -0.075327, 0.000000
-0.740000, -0.340000, 0.022727
-0.754837, 0.593145, 0.008692
0.720000, 0.480000, 0.848078
-0.340000, -0.260000, 0.085776
0.100000, 0.820000, 0.438914
0.260000, 0.900000, 0.796661
-0.660000, -0.140000, 0.045571
0.621306, 0.678512, 0.919513
0.500000, -0.460000, 0.091945
0.686198, -0.582350, 0.028651
0.540000, 0.100000, 0.401939
-0.708996, -0.617191, 0.006663
0.680000, -0.380000, 0.088084
-0.020000, -0.520000, 0.077590
0.780000, 0.040000, 0.357054
0.260000, -0.600000, 0.067415
-0.620000, 0.440000, 0.053657
-0.080000, -0.120000, 0.157885
0.323964, 0.882410, 0.877273
0.320000, 0.480000, 0.550447
-0.780000, 0.460000, 0.018368
-0.280000, -0.960000, 0.000000
0.820000, 0.300000, 0.764938
-0.753473, -0.562031, 0.006692
0.200000, 0.940000, 0.665820
0.172391, -0.903704, 0.011849
-0.481754, -0.876307, 0.000000
0.640000, -0.080000, 0.261893
0.480000, 0.160000, 0.431214
0.159384, -0.966952, 0.002803
0.580000, 0.800000, 0.987654
-0.067794, 0.897443, 0.151315
0.500000, 0.780000, 0.916373
0.560000, -0.160000, 0.216850
0.047230, 0.938813, 0.294099
-0.560000, -0.060000, 0.067428
-0.420000, 0.900000, 0.003005
0.140000, -0.880000, 0.016093
0.747194, -0.634115, 0.005460
0.320000, -0.560000, 0.075712
0.500000, -0.320000, 0.142852
-0.340000, 0.420000, 0.139988
-0.391374, 0.920232, 0.000000
-0.020000, -0.580000, 0.065877
-0.764148, -0.512326, 0.009044
-0.482244, 0.759895, 0.035415
-0.620000, -0.400000, 0.032750
-0.860000, -0.120000, 0.017056
0.493551, -0.846645, 0.003727
0.500000, 0.500000, 0.695652
-0.994951, -0.100362, 0.000000
-0.037690, 0.999289, 0.000000
0.800000, 0.180000, 0.565491
0.600000, 0.080000, 0.397516
-0.120000, -0.660000, 0.046701
-0.583613, 0.762231, 0.011944
0.452848, 0.823728, 0.924227
-0.220000, 0.580000, 0.180636
-0.580000, 0.640000, 0.037776
