-0.540000, 0.400000, 0.076815
0.320000, 0.180000, 0.383916
0.160000, 0.320000, 0.372891
-0.940000, 0.020000, 0.008018
-0.769504, 0.573989, 0.008435
-0.220000, 0.920000, 0.041934
0.540000, 0.660000, 0.845751
0.460000, -0.640000, 0.047286
-0.280000, -0.940000, 0.002221
-0.040000, -0.080000, 0.175799
0.540000, 0.140000, 0.435309
0.453309, 0.800569, 0.900884
-0.640000, -0.160000, 0.047650
-0.340000, 0.180000, 0.135545
-0.820000, -0.160000, 0.021288
-0.040000, 0.320000, 0.268329
0.440000, -0.460000, 0.097551
-0.080000, -0.340000, 0.109289
-0.760000, -0.320000, 0.021491
-0.858088, 0.430448, 0.007073
0.970652, 0.135034, 0.489570
0.100000, -0.980000, 0.002036
-0.656072, 0.616092, 0.024690
-0.400000, 0.060000, 0.110093
0.080000, -0.880000, 0.016671
-0.200000, -0.280000, 0.104335
0.060000, 0.540000, 0.370377
-0.220000, -0.240000, 0.108079
-0.740000, 0.020000, 0.038469
0.560000, 0.600000, 0.814698
-0.899716, -0.022617, 0.013361
0.314525, -0.928156, 0.003156
0.880000, -0.460000, 0.002777
-0.100000, 0.460000, 0.253234
-0.020000, 0.500000, 0.306076
-0.480000, 0.480000, 0.087974
0.180000, -0.020000, 0.246415
0.440000, 0.680000, 0.782415
-0.920000, -0.140000, 0.008674
0.022617, 0.899716, 0.275303
0.120000, 0.220000, 0.316659
-0.100000, 0.480000, 0.254354
-0.731945, 0.621174, 0.009028
0.640000, 0.300000, 0.626234
-0.040000, 0.120000, 0.224886
-0.900000, 0.000000, 0.013511
-0.620000, -0.260000, 0.043754
-0.855394, 0.338675, 0.013497
-0.780000, 0.120000, 0.032658
0.888136, -0.459580, 0.000000
0.060000, 0.220000, 0.290350
-0.780000, -0.540000, 0.005721
-0.660000, -0.660000, 0.007403
0.160000, 0.980000, 0.548871
-0.240000, 0.180000, 0.166872
0.979855, 0.199710, 0.656297
-0.580000, 0.340000, 0.069699
0.680000, -0.220000, 0.160304
-0.280000, -0.240000, 0.098364
-0.940000, 0.160000, 0.006658
-0.011309, -0.899929, 0.013418
0.200000, -0.940000, 0.005676
-0.022617, -0.899716, 0.013354
0.540000, 0.200000, 0.485302
0.957723, 0.207767, 0.690023
-0.968879, -0.147221, 0.002461
0.420000, 0.880000, 0.964116
0.679780, 0.705903, 0.980543
0.640000, -0.460000, 0.070270
0.280000, -0.200000, 0.191560
-0.520000, 0.780000, 0.021071
-0.160000, -0.100000, 0.144810
-0.320000, -0.620000, 0.039105
-0.240000, -0.420000, 0.075670
0.540000, 0.520000, 0.739830
-0.520000, 0.080000, 0.083228
0.120000, 0.160000, 0.295416
-0.360000, 0.100000, 0.123580
-0.624288, -0.648278, 0.011311
-0.160000, 0.660000, 0.201612
-0.020000, -0.380000, 0.107289
-0.780000, -0.480000, 0.009539
-0.640000, 0.140000, 0.059016
0.340000, -0.080000, 0.251659
-0.660000, 0.280000, 0.053409
0.080000, 0.900000, 0.386062
0.880000, -0.020000, 0.225292
-0.180000, 0.200000, 0.190091
0.300000, 0.940000, 0.960431
-0.493862, -0.823226, 0.004468
-0.120000, -0.640000, 0.050002
0.240000, 0.020000, 0.278171
-0.440000, 0.620000, 0.080438
-0.724282, -0.599179, 0.006630
0.176138, -0.923350, 0.008783
0.180000, 0.860000, 0.589501
-0.050244, -0.998737, 0.000000
0.540000, 0.820000, 0.980051
-0.832441, 0.391717, 0.014115
0.340000, 0.500000, 0.576921
-0.980000, 0.040000, 0.002549
-0.400233, -0.850537, 0.006900
0.708013, -0.648319, 0.010519
-0.940000, 0.080000, 0.007869
-0.420000, -0.280000, 0.070891
0.140000, -0.260000, 0.156104
0.280000, 0.880000, 0.807180
0.680000, -0.160000, 0.196466
0.340000, -0.940000, 0.000055
-0.860000, -0.400000, 0.005919
-0.503677, 0.793668, 0.020944
-0.540000, -0.820000, 0.002001
-0.380000, -0.640000, 0.031969
0.280000, -0.020000, 0.269613
-0.460000, -0.400000, 0.051974
-0.040000, -0.040000, 0.185949
-0.340000, -0.680000, 0.030069
0.837297, -0.381226, 0.036927
-0.900000, -0.420000, 0.000791
0.140000, 0.220000, 0.325593
0.925077, -0.379779, 0.000000
-0.740000, 0.200000, 0.039145
-0.906576, -0.372184, 0.002264
-0.040000, 0.480000, 0.291289
0.340000, -0.880000, 0.009363
0.240000, 0.440000, 0.472662
0.080000, 0.500000, 0.377709
0.040000, 0.620000, 0.364064
0.921064, -0.187727, 0.052470
-0.450388, 0.870374, 0.008068
0.988652, -0.150226, 0.000000
-0.737442, 0.550073, 0.017160
-0.120000, -0.500000, 0.074043
-0.660000, 0.660000, 0.016781
0.760000, -0.500000, 0.030936
0.660000, 0.080000, 0.406105
-0.280000, -0.860000, 0.011522
0.024125, 0.959697, 0.218032
0.580000, -0.320000, 0.132750
0.820000, -0.160000, 0.139319
0.250408, 0.926766, 0.814559
0.112800, -0.892903, 0.014435
-0.400000, 0.000000, 0.104964
-0.716185, 0.577476, 0.017906
0.020000, 0.140000, 0.251449
-0.360000, 0.640000, 0.104986
-0.957273, -0.072314, 0.005091
0.560000, -0.760000, 0.011792
-0.080000, 0.480000, 0.266305
-0.020000, -0.720000, 0.041062
-0.739693, 0.611927, 0.008911
-0.720000, -0.460000, 0.017105
-0.958787, 0.048235, 0.005419
-0.940000, 0.260000, 0.003786
-0.788676, -0.433578, 0.011573
-0.473284, 0.788925, 0.029449
0.400000, -0.720000, 0.034670
0.420000, 0.220000, 0.449587
0.680000, 0.240000, 0.586947
0.800000, -0.600000, 0.000000
-0.220000, -0.920000, 0.006532
-0.060000, 0.420000, 0.272980
-0.260000, 0.840000, 0.075989
0.780000, -0.400000, 0.052069
-0.660000, 0.040000, 0.053210
-0.760000, -0.440000, 0.014226
0.320000, -0.840000, 0.017083
0.280000, 0.940000, 0.927285
-0.285160, -0.916670, 0.004653
0.000000, 0.720000, 0.321575
