0.512326, -0.764148, 0.016313
0.520000, 0.220000, 0.493367
0.180000, 0.840000, 0.581542
-0.520000, -0.140000, 0.068736
-0.910468, -0.233768, 0.007247
0.117813, 0.932588, 0.457942
0.860000, 0.320000, 0.839800
0.120000, -0.960000, 0.004532
0.220000, -0.520000, 0.087145
-0.660000, 0.620000, 0.023298
0.688597, 0.697305, 0.980528
0.340000, -0.800000, 0.022977
-0.040000, 0.200000, 0.243155
0.020000, -0.440000, 0.097439
-0.905799, 0.161021, 0.011787
-0.140000, -0.560000, 0.061879
-0.500000, -0.420000, 0.045038
-0.414376, 0.910106, 0.000000
0.320000, 0.940000, 0.982532
-0.979691, 0.024627, 0.002654
-0.720000, -0.380000, 0.022533
-0.753473, 0.562031, 0.012808
-0.540000, -0.520000, 0.030701
-0.460000, 0.260000, 0.103458
0.634115, 0.747194, 0.980243
-0.699810, -0.657165, 0.004423
-0.349397, 0.851071, 0.040005
0.400000, 0.320000, 0.505790
0.080000, 0.320000, 0.329747
-0.243716, 0.949211, 0.014531
-0.480000, 0.760000, 0.035991
-0.160000, -0.220000, 0.121609
0.080000, -0.140000, 0.184009
0.349284, 0.915642, 0.960781
0.157521, 0.886108, 0.549688
0.800000, 0.040000, 0.352536
0.024125, 0.959697, 0.217914
0.691497, 0.665907, 0.960723
-0.680000, -0.300000, 0.032733
0.860000, 0.200000, 0.629502
-0.124011, -0.891415, 0.012727
0.140000, -0.560000, 0.076136
-0.640000, 0.740000, 0.005907
-0.720000, 0.500000, 0.026075
0.640000, 0.300000, 0.626078
0.280000, -0.560000, 0.076549
-0.340000, -0.140000, 0.101699
-0.140000, -0.200000, 0.129107
0.740000, 0.100000, 0.436992
-0.640000, 0.580000, 0.033265
0.300000, 0.880000, 0.839826
-0.040000, -0.860000, 0.018738
-0.080000, -0.400000, 0.096895
0.300000, -0.340000, 0.140995
-0.560000, 0.460000, 0.067059
-0.620000, -0.500000, 0.024351
0.874972, -0.284296, 0.048536
0.349397, -0.851071, 0.013600
0.834848, -0.432005, 0.024666
-0.520000, 0.540000, 0.069047
0.880000, -0.220000, 0.069410
-0.420000, 0.280000, 0.115116
-0.340000, 0.220000, 0.137897
-0.880000, 0.120000, 0.016346
0.453309, -0.800569, 0.015166
0.260000, 0.240000, 0.388864
0.800000, 0.000000, 0.300195
0.620000, 0.180000, 0.498017
-0.040000, 0.400000, 0.281436
0.220000, 0.940000, 0.727875
-0.450388, 0.870374, 0.008063
0.556876, -0.830596, 0.000000
0.790591, -0.544578, 0.012988
-0.634813, -0.693262, 0.006644
-0.720000, -0.260000, 0.030122
0.267918, 0.901010, 0.815486
0.678512, 0.621306, 0.919411
0.428373, -0.881417, 0.003467
0.720000, 0.140000, 0.484675
0.700000, 0.580000, 0.906347
0.560000, -0.160000, 0.216890
-0.820000, 0.140000, 0.025759
-0.400000, -0.600000, 0.035085
0.880000, -0.440000, 0.006650
-0.160000, 0.300000, 0.210284
0.240000, -0.420000, 0.114451
-0.360000, -0.280000, 0.080022
-0.900000, 0.140000, 0.012989
-0.702650, -0.711536, 0.000000
-0.260000, 0.560000, 0.162918
-0.620000, -0.080000, 0.055455
0.720000, -0.280000, 0.117579
0.200000, -0.080000, 0.227573
-0.060000, -0.700000, 0.042813
0.480000, 0.820000, 0.939995
-0.604059, -0.693911, 0.009008
0.280000, 0.720000, 0.656428
0.540000, -0.040000, 0.295183
-0.740000, -0.240000, 0.028418
0.892903, 0.112800, 0.454642
0.100000, 0.960000, 0.408320
0.920000, 0.100000, 0.421309
0.360000, -0.600000, 0.063861
-0.160000, 0.400000, 0.218162
0.020000, 0.760000, 0.336326
-0.340000, 0.300000, 0.140872
0.240000, 0.760000, 0.633137
0.875965, -0.439416, 0.008305
-0.760000, -0.320000, 0.021503
-0.200000, -0.380000, 0.086937
-0.940000, -0.280000, 0.002266
0.000000, -0.960000, 0.005269
0.540000, -0.280000, 0.155774
0.760000, 0.540000, 0.927064
-0.860000, 0.500000, 0.000970
0.895456, 0.090326, 0.408133
-0.080000, -0.580000, 0.062409
-0.380000, 0.920000, 0.002233
-0.460000, -0.880000, 0.000773
0.680000, 0.460000, 0.798950
-0.564922, -0.700616, 0.011359
0.680000, -0.400000, 0.080957
0.080000, 0.580000, 0.393935
0.679780, -0.705903, 0.004763
-0.240000, -0.060000, 0.134075
-0.812088, 0.473406, 0.011344
-0.460000, 0.020000, 0.092864
0.180000, 0.060000, 0.278420
0.200000, 0.460000, 0.452839
-0.360000, 0.740000, 0.078430
0.840000, -0.400000, 0.030801
-0.896565, 0.206329, 0.012185
0.832569, -0.341801, 0.050362
0.080000, 0.660000, 0.406349
-0.440000, -0.260000, 0.070301
-0.820000, 0.340000, 0.019457
0.440000, -0.880000, 0.002818
-0.783165, 0.443455, 0.019159
0.320000, -0.460000, 0.102945
0.747194, 0.634115, 0.980263
-0.267493, -0.942787, 0.002333
-0.160000, -0.060000, 0.152426
0.260000, 0.400000, 0.466976
0.200000, 0.300000, 0.386319
0.140000, 0.580000, 0.447052
0.448383, -0.893841, 0.000000
0.740000, -0.320000, 0.093532
0.020000, -0.980000, 0.002578
0.240000, 0.740000, 0.620815
0.520000, 0.740000, 0.895721
0.940000, -0.160000, 0.046675
-0.480000, 0.740000, 0.041376
-0.420000, -0.620000, 0.030975
-0.207767, -0.957723, 0.002365
0.100000, 0.740000, 0.437041
0.337750, -0.919959, 0.003164
0.300000, -0.800000, 0.024975
-0.240000, 0.260000, 0.174826
0.460000, 0.000000, 0.314250
-0.740000, 0.480000, 0.024096
-0.747324, 0.602584, 0.008813
0.720000, -0.640000, 0.009812
-0.770513, 0.637424, 0.000000
-0.823533, -0.567269, 0.000000
0.280000, 0.360000, 0.459690
0.920000, 0.020000, 0.252538
-0.810555, -0.514394, 0.004486
-0.460000, 0.280000, 0.103385
-0.708996, 0.617191, 0.013897
