0.848691, -0.299538, 0.056954
-0.520000, -0.640000, 0.020684
0.952199, -0.231769, 0.015061
-0.780760, 0.523463, 0.012111
-0.240000, -0.840000, 0.015587
0.540000, -0.080000, 0.267867
0.080000, -0.480000, 0.092498
0.760000, -0.440000, 0.046713
-0.428373, 0.881417, 0.008500
0.040000, 0.040000, 0.229100
0.000000, -0.720000, 0.041610
-0.300000, -0.320000, 0.083124
0.809017, 0.587785, 1.000000
-0.360000, 0.140000, 0.126838
-0.280000, -0.180000, 0.107275
-0.979923, 0.012315, 0.002638
-0.100000, 0.680000, 0.239281
0.580000, 0.100000, 0.411721
0.240000, 0.300000, 0.407694
0.380000, 0.040000, 0.323326
0.060000, 0.540000, 0.370291
0.059023, -0.938145, 0.008174
-0.433048, 0.811708, 0.032314
-0.780000, 0.560000, 0.008192
-0.525110, -0.827441, 0.002225
0.300000, 0.800000, 0.744869
0.640000, -0.080000, 0.261751
-0.980000, -0.100000, 0.001866
-0.599411, -0.671347, 0.011308
-0.440000, -0.460000, 0.047575
-0.874469, 0.212849, 0.015502
-0.787276, 0.513611, 0.011983
-0.540000, 0.000000, 0.074874
-0.408748, 0.868634, 0.017646
-0.180000, -0.620000, 0.049436
-0.720000, 0.100000, 0.043330
0.850994, 0.525175, 1.000000
-0.040000, -0.180000, 0.151386
0.423634, 0.794062, 0.870044
0.620000, -0.140000, 0.222087
0.180000, -0.580000, 0.072296
0.300000, -0.700000, 0.044355
-0.720000, 0.640000, 0.008491
0.540000, 0.660000, 0.845765
0.929840, 0.238742, 0.782027
-0.639371, 0.716103, 0.010746
-0.670651, 0.629783, 0.019506
0.500000, 0.060000, 0.362695
-0.940000, -0.040000, 0.007715
0.340000, -0.060000, 0.261309
-0.800000, 0.380000, 0.020727
0.140000, 0.540000, 0.435497
-0.220000, -0.200000, 0.115055
0.420000, -0.540000, 0.075709
-0.500000, -0.140000, 0.072213
-0.100000, 0.400000, 0.248946
0.860000, 0.100000, 0.435192
0.320000, 0.580000, 0.608083
-0.380000, 0.220000, 0.125653
0.309017, -0.951057, 0.000000
0.760000, -0.100000, 0.214468
-0.960000, 0.280000, 0.000000
0.160000, 0.860000, 0.549816
-0.500000, 0.580000, 0.069081
-0.200000, 0.580000, 0.191490
-0.040000, 0.440000, 0.286793
0.884059, 0.168643, 0.573177
-0.140000, -0.020000, 0.164950
0.420000, 0.640000, 0.734664
0.140000, -0.700000, 0.047144
-0.100000, 0.800000, 0.196034
-0.079066, 0.896520, 0.141341
0.060000, 0.240000, 0.296129
-0.140000, -0.660000, 0.045637
0.560000, -0.520000, 0.066420
-0.860000, -0.400000, 0.005858
-0.320000, -0.180000, 0.099943
-0.460000, 0.640000, 0.070348
-0.320000, 0.120000, 0.136315
0.267337, -0.859378, 0.016149
-0.627691, -0.778462, 0.000000
0.140000, -0.440000, 0.105349
-0.577573, 0.816339, 0.000000
0.120000, -0.300000, 0.141951
-0.800000, 0.500000, 0.010969
0.900000, 0.320000, 0.901468
-0.500000, 0.540000, 0.074844
-0.935254, -0.094340, 0.007606
0.829354, -0.442462, 0.024123
0.400000, 0.500000, 0.622064
0.699810, -0.657165, 0.010322
0.540000, -0.220000, 0.185332
0.243716, -0.949211, 0.002999
0.820000, 0.360000, 0.837301
-0.460000, -0.040000, 0.088022
0.040000, 0.160000, 0.264280
0.460000, -0.800000, 0.014730
-0.893993, 0.290476, 0.009560
-0.080000, -0.800000, 0.026746
-0.340000, -0.080000, 0.109334
0.480000, 0.280000, 0.520739
-0.780000, 0.300000, 0.028620
-0.656586, 0.754251, 0.000000
-0.360000, 0.560000, 0.119607
0.160000, -0.940000, 0.006655
0.440000, 0.620000, 0.736602
0.580000, -0.080000, 0.267058
0.900000, 0.260000, 0.796454
0.171523, -0.964873, 0.002863
0.440000, -0.320000, 0.146968
0.280000, 0.700000, 0.643381
0.040000, 0.320000, 0.308506
0.400000, -0.500000, 0.088110
-0.920000, 0.000000, 0.010724
-0.060000, 0.780000, 0.242273
0.040000, -0.240000, 0.149012
-0.879541, 0.190806, 0.015234
0.840376, -0.504151, 0.007156
0.080823, -0.916443, 0.011170
0.140000, -0.080000, 0.215258
-0.700000, 0.480000, 0.032179
-0.300000, -0.020000, 0.125586
0.215300, -0.935546, 0.005887
-0.040000, 0.980000, 0.048246
0.702650, 0.711536, 1.000000
-0.200000, 0.520000, 0.197443
-0.980000, -0.020000, 0.002556
-0.200000, -0.440000, 0.076837
-0.740000, 0.140000, 0.039567
0.200000, 0.120000, 0.309609
-0.540000, -0.760000, 0.007593
-0.380000, 0.660000, 0.093018
-0.540000, 0.440000, 0.073992
0.780000, 0.120000, 0.468376
-0.260000, 0.180000, 0.160510
0.998027, 0.062791, 0.303145
0.463164, -0.817973, 0.011204
0.200000, 0.900000, 0.650832
0.640000, -0.380000, 0.097398
0.794062, -0.423634, 0.040641
-0.020000, 0.760000, 0.290934
0.660000, -0.060000, 0.274847
-0.670856, 0.714389, 0.005143
0.680000, 0.240000, 0.587061
0.180000, -0.280000, 0.153771
0.608233, -0.716696, 0.013724
0.929776, 0.368125, 1.000000
0.240000, 0.160000, 0.342345
-0.100000, -0.480000, 0.079299
0.080000, -0.460000, 0.097065
0.420000, 0.160000, 0.410022
-0.360000, -0.820000, 0.012250
0.040000, -0.500000, 0.085671
-0.900000, 0.120000, 0.013248
0.820000, 0.080000, 0.406975
0.040000, 0.000000, 0.217429
-0.656586, -0.754251, 0.000000
-0.460000, 0.780000, 0.035364
0.260000, 0.920000, 0.829638
0.600000, -0.140000, 0.224735
0.870184, 0.492727, 1.000000
0.140000, -0.940000, 0.007060
-0.740000, -0.140000, 0.033486
0.160000, -0.900000, 0.012667
0.440000, 0.680000, 0.782615
0.540000, 0.780000, 0.944391
-0.960000, 0.240000, 0.001581
0.540000, 0.280000, 0.552058
-0.273618, -0.920181, 0.004652
