0.280000, -0.740000, 0.036970
0.971632, 0.236499, 0.791898
0.340000, -0.800000, 0.023148
0.920000, 0.340000, 0.960147
-0.180000, -0.220000, 0.118471
0.580000, -0.040000, 0.296116
0.678512, 0.621306, 0.919490
0.580000, -0.620000, 0.037798
-0.040000, -0.220000, 0.141718
0.180000, -0.180000, 0.187137
-0.340000, -0.440000, 0.061231
-0.240000, 0.360000, 0.180503
0.874469, -0.212849, 0.076123
0.120000, 0.260000, 0.330568
0.480000, 0.320000, 0.550273
-0.700000, -0.080000, 0.041953
0.621174, -0.731945, 0.008943
0.960000, -0.200000, 0.016540
-0.480000, -0.380000, 0.051689
-0.280000, -0.500000, 0.059270
-0.260000, 0.260000, 0.167489
-0.660000, 0.200000, 0.055045
0.220000, 0.340000, 0.415074
0.140000, 0.720000, 0.484661
0.200000, -0.920000, 0.008734
-0.240000, 0.640000, 0.159450
0.780000, 0.160000, 0.527463
-0.993611, -0.112856, 0.000000
-0.240000, 0.560000, 0.172937
-0.740000, -0.540000, 0.009515
-0.560000, 0.000000, 0.070955
-0.640000, 0.560000, 0.036196
0.140000, -0.880000, 0.016079
0.000000, -0.020000, 0.201037
-0.260000, -0.600000, 0.046493
0.793990, -0.607930, 0.000000
0.020000, -0.880000, 0.016449
0.660000, -0.540000, 0.044019
-0.837528, -0.546394, 0.000000
-0.129523, 0.931034, 0.069046
-0.680000, -0.460000, 0.021274
0.080000, -0.300000, 0.137658
-0.171523, 0.964873, 0.019308
-0.829354, -0.442462, 0.006808
-0.660000, 0.080000, 0.054086
-0.195047, -0.899087, 0.009805
0.140000, 0.900000, 0.512232
0.640000, -0.380000, 0.097422
-0.100000, -0.500000, 0.075532
0.180000, 0.740000, 0.542439
0.380000, 0.520000, 0.619833
0.617191, -0.708996, 0.013927
-0.860000, -0.240000, 0.013069
-0.767359, -0.542918, 0.006712
-0.940000, -0.060000, 0.007443
-0.020000, 0.280000, 0.269758
-0.340000, 0.660000, 0.108330
0.770526, -0.502683, 0.027572
0.220000, 0.180000, 0.343255
-0.663762, 0.607800, 0.024276
0.240000, -0.360000, 0.132580
0.087851, 0.996134, 0.368147
-0.220000, -0.820000, 0.018903
0.840000, -0.140000, 0.140091
0.680000, 0.600000, 0.905403
-0.889787, -0.135203, 0.012687
-0.320000, -0.080000, 0.113501
-0.200000, 0.620000, 0.185153
0.284296, 0.874972, 0.807419
0.860000, 0.020000, 0.298335
0.433048, -0.811708, 0.014818
-0.420000, -0.520000, 0.042686
-0.060000, 0.260000, 0.247602
0.440000, 0.100000, 0.376286
-0.540000, 0.240000, 0.082029
0.443213, -0.806202, 0.014968
0.820000, 0.420000, 0.893943
-0.868634, 0.408748, 0.006977
0.797372, 0.534601, 0.956178
-0.160000, -0.900000, 0.010700
0.020000, 0.240000, 0.278402
0.314525, -0.928156, 0.003138
-0.520000, -0.460000, 0.038773
0.120000, -0.180000, 0.178449
0.640000, 0.440000, 0.751595
0.300000, -0.820000, 0.021479
-0.720000, 0.060000, 0.042784
-0.629783, -0.670651, 0.008951
-0.420000, -0.680000, 0.024248
-0.865018, 0.367891, 0.010273
0.863429, 0.419631, 0.943572
0.940000, -0.080000, 0.088744
0.120000, -0.540000, 0.080255
0.220000, 0.800000, 0.629289
0.320000, -0.040000, 0.267986
0.360000, -0.060000, 0.264677
-0.037690, 0.999289, 0.000000
-0.280000, 0.700000, 0.124047
-0.320000, -0.760000, 0.021414
-0.441197, 0.852611, 0.016296
0.297042, 0.954865, 1.000000
-0.480000, 0.780000, 0.030421
0.179886, 0.942996, 0.609585
0.161021, 0.905799, 0.560048
0.300000, -0.480000, 0.097497
0.020000, 0.200000, 0.267561
0.540000, 0.780000, 0.944351
-0.540000, 0.400000, 0.077046
0.140000, 0.920000, 0.511519
-0.560000, -0.740000, 0.008096
0.440000, 0.880000, 0.978047
0.320000, 0.020000, 0.298221
-0.360000, -0.640000, 0.033550
0.859378, -0.267337, 0.062976
0.180000, -0.980000, 0.000513
-0.199287, -0.918632, 0.007276
-0.992115, -0.125333, 0.000000
-0.880000, 0.240000, 0.013704
-0.060000, 0.740000, 0.257435
-0.840000, -0.220000, 0.016405
0.460000, -0.480000, 0.089658
0.200000, -0.480000, 0.097133
0.957723, 0.207767, 0.690033
-0.600000, -0.540000, 0.022895
0.540000, -0.180000, 0.207017
-0.600000, 0.420000, 0.060027
0.380000, 0.140000, 0.383023
-0.907751, -0.149626, 0.009981
0.340000, -0.880000, 0.009309
-0.900000, -0.380000, 0.002636
0.326163, 0.924131, 0.954224
-0.949211, 0.243716, 0.002999
0.660000, -0.060000, 0.275220
-0.500000, 0.520000, 0.077401
0.888151, 0.239974, 0.736322
-0.600000, -0.780000, 0.001749
-0.260000, -0.120000, 0.120209
-0.680000, 0.040000, 0.049495
-0.219785, -0.955036, 0.002365
0.080000, 0.560000, 0.390578
-0.760000, 0.020000, 0.035157
-0.680000, -0.680000, 0.004207
-0.500000, -0.700000, 0.016194
0.480000, -0.340000, 0.136383
0.600000, -0.680000, 0.021978
-0.940000, -0.120000, 0.006540
0.020000, -0.780000, 0.031977
-0.600000, 0.180000, 0.067954
-0.840000, 0.200000, 0.021416
0.380000, 0.340000, 0.507037
0.542918, -0.767359, 0.012467
0.120000, 0.340000, 0.357796
0.560000, 0.200000, 0.493365
-0.520000, -0.160000, 0.067058
-0.100000, -0.460000, 0.082969
-0.320000, 0.560000, 0.135648
-0.460000, -0.580000, 0.032199
0.895456, -0.090326, 0.132660
-0.540000, 0.100000, 0.079705
-0.060000, 0.900000, 0.156352
0.632385, 0.640382, 0.898937
0.860327, -0.378732, 0.028317
-0.754837, 0.593145, 0.008670
0.916670, -0.285160, 0.025031
0.868634, -0.408748, 0.017698
-0.760000, 0.580000, 0.009365
0.840000, 0.540000, 0.998463
-0.800000, 0.140000, 0.029084
-0.929776, 0.368125, 0.000000
-0.705903, 0.679780, 0.004818
