0.582350, -0.686198, 0.023214
-0.720000, -0.300000, 0.027604
-0.814344, 0.383201, 0.017863
0.980000, -0.160000, 0.007168
0.728969, -0.684547, 0.000000
-0.120000, -0.920000, 0.009144
-0.309017, -0.951057, 0.000000
-0.780000, -0.320000, 0.019033
0.500000, 0.000000, 0.319757
0.480000, 0.060000, 0.358808
-0.960000, 0.120000, 0.004517
0.880000, 0.180000, 0.596543
0.620000, 0.220000, 0.537244
-0.320000, -0.440000, 0.063694
0.397801, -0.873702, 0.006835
-0.280000, 0.880000, 0.047202
-0.120000, 0.620000, 0.235518
-0.240000, -0.840000, 0.015566
-0.140000, 0.560000, 0.228705
-0.100000, -0.420000, 0.090833
0.320000, -0.720000, 0.039249
0.891904, 0.406088, 0.969744
-0.100000, 0.420000, 0.250659
-0.860000, 0.200000, 0.018067
-0.420000, 0.500000, 0.105163
0.460000, 0.280000, 0.510567
-0.103828, 0.914122, 0.102733
0.900000, 0.300000, 0.872935
-0.320000, 0.580000, 0.132852
-0.500000, 0.300000, 0.091917
-0.700000, -0.400000, 0.023421
-0.120000, 0.120000, 0.197895
-0.916443, 0.080823, 0.011170
0.160000, -0.440000, 0.106184
0.430448, -0.858088, 0.007088
0.440000, -0.800000, 0.016427
0.380000, 0.720000, 0.761751
0.770513, -0.637424, 0.000000
0.080000, 0.940000, 0.368970
-0.040000, -0.700000, 0.043565
0.140000, -0.980000, 0.001394
0.720000, -0.280000, 0.117793
-0.720000, 0.320000, 0.039313
0.300000, 0.820000, 0.765214
-0.770526, 0.502683, 0.016076
0.200000, 0.020000, 0.267694
0.556074, 0.707660, 0.895262
-0.060000, -0.200000, 0.143277
-0.480000, -0.820000, 0.005579
0.120000, -0.860000, 0.019417
-0.236499, 0.971632, 0.000000
0.000000, 0.560000, 0.326184
0.180000, 0.720000, 0.534977
-0.100000, -0.840000, 0.020318
0.500000, 0.720000, 0.863786
-0.500000, 0.540000, 0.074733
0.020000, 0.460000, 0.327589
-0.939703, -0.023622, 0.007872
0.200000, 0.880000, 0.640835
0.901010, 0.267918, 0.815318
-0.840000, 0.480000, 0.006057
-0.267337, 0.859378, 0.062845
0.463164, -0.817973, 0.011245
0.560000, -0.580000, 0.050503
-0.840896, -0.320771, 0.011900
-0.220000, -0.740000, 0.029597
0.920000, 0.380000, 0.992190
0.220000, 0.920000, 0.715847
0.220000, -0.700000, 0.046576
-0.320000, 0.080000, 0.132256
0.700000, 0.700000, 0.990293
0.000000, -0.240000, 0.143202
0.482244, 0.759895, 0.884750
0.680000, 0.140000, 0.474211
0.080000, 0.680000, 0.408613
-0.640000, -0.640000, 0.010695
0.968879, -0.147221, 0.021829
-0.160000, 0.720000, 0.184731
0.340000, 0.000000, 0.292304
-0.160000, 0.700000, 0.191011
-0.880000, -0.300000, 0.008296
0.980000, -0.000000, 0.113017
0.140000, 0.800000, 0.501972
-0.320000, -0.060000, 0.115989
-0.929840, -0.238742, 0.004771
0.560000, -0.020000, 0.310504
0.200000, 0.300000, 0.386394
0.460000, 0.300000, 0.525041
0.700000, 0.560000, 0.891938
0.020000, 0.200000, 0.267467
-0.060000, 0.600000, 0.280832
0.666012, 0.745941, 1.000000
0.707660, -0.556074, 0.030164
-0.220000, -0.960000, 0.001777
0.000000, 0.240000, 0.269418
-0.050244, 0.998737, 0.000000
-0.040000, 0.620000, 0.295238
-0.840000, -0.440000, 0.005898
-0.740000, 0.180000, 0.039404
0.881870, 0.179739, 0.596819
0.260000, -0.960000, 0.000802
0.720000, -0.540000, 0.031281
0.400000, -0.140000, 0.228199
-0.657165, -0.699810, 0.004375
0.480000, -0.220000, 0.189502
0.120000, 0.660000, 0.448169
0.560000, 0.080000, 0.390138
0.140000, -0.740000, 0.039719
-0.284296, 0.874972, 0.048622
0.020000, -0.040000, 0.200607
0.560000, -0.560000, 0.055475
0.340000, 0.280000, 0.449202
0.680000, -0.680000, 0.009487
-0.260000, -0.300000, 0.091962
-0.060000, -0.740000, 0.036451
-0.940000, -0.100000, 0.006903
-0.120000, 0.800000, 0.179257
0.620000, -0.280000, 0.143495
0.640000, -0.740000, 0.004875
-0.094340, 0.935254, 0.084777
0.160000, 0.880000, 0.554037
-0.260842, 0.965382, 0.000000
-0.280000, -0.940000, 0.002233
0.300000, -0.080000, 0.245341
-0.140000, 0.240000, 0.211143
0.660000, 0.260000, 0.597517
-0.260000, -0.860000, 0.012272
0.297042, 0.954865, 1.000000
0.280000, -0.380000, 0.127407
-0.300000, 0.220000, 0.150779
-0.080000, 0.020000, 0.189566
0.000000, -0.020000, 0.201050
-0.280000, 0.340000, 0.163942
0.391374, -0.920232, 0.000000
0.686198, 0.582350, 0.897434
-0.300000, -0.620000, 0.040661
0.020000, 0.220000, 0.273029
-0.285019, -0.958522, 0.000000
-0.180000, 0.840000, 0.115038
0.800000, -0.280000, 0.087130
0.180000, 0.800000, 0.565641
-0.300000, -0.440000, 0.065880
0.820000, 0.480000, 0.940102
-0.400000, -0.540000, 0.042220
0.080000, -0.480000, 0.092369
0.180000, -0.560000, 0.076939
0.920000, -0.200000, 0.048776
-0.740000, -0.320000, 0.023859
0.560000, -0.600000, 0.045365
0.200000, 0.600000, 0.509610
0.764148, 0.512326, 0.910924
-0.952199, -0.231769, 0.002406
0.040000, 0.920000, 0.292934
0.534601, 0.797372, 0.956035
0.080000, 0.720000, 0.411538
0.600000, -0.520000, 0.060283
-0.960258, 0.195716, 0.002890
0.893901, -0.217579, 0.061216
0.620000, -0.400000, 0.094141
0.740000, 0.300000, 0.694212
-0.540000, 0.420000, 0.075691
0.480000, 0.420000, 0.623522
0.480000, 0.360000, 0.579804
0.660000, 0.200000, 0.534300
0.900000, -0.200000, 0.063794
0.480000, 0.560000, 0.724257
0.240000, -0.580000, 0.072252
0.280000, 0.200000, 0.377819
-0.620000, -0.780000, 0.000392
