-0.340000, -0.120000, 0.104166
-0.514671, 0.833975, 0.006974
0.100362, 0.994951, 0.399174
0.920000, 0.000000, 0.215579
-0.580000, -0.360000, 0.041028
-0.540000, 0.740000, 0.026465
-0.220000, -0.300000, 0.097986
0.040000, -0.260000, 0.143782
0.380000, -0.920000, 0.000738
-0.841254, 0.462484, 0.007385
-0.600000, 0.340000, 0.064915
-0.980000, -0.160000, 0.000845
-0.360000, -0.220000, 0.087764
-0.980000, -0.080000, 0.002108
0.000000, -0.200000, 0.153116
0.180000, 0.080000, 0.286380
0.400000, 0.620000, 0.703404
0.920000, -0.040000, 0.155680
0.760000, 0.000000, 0.313009
0.700000, -0.480000, 0.051333
0.320000, 0.200000, 0.394807
0.240000, 0.840000, 0.691093
-0.460000, -0.780000, 0.010826
0.160000, 0.500000, 0.438290
-0.940000, -0.240000, 0.003544
-0.600000, -0.360000, 0.038438
0.406088, -0.891904, 0.003388
-0.160000, -0.480000, 0.073895
0.580000, -0.420000, 0.094451
0.582350, 0.686198, 0.897417
-0.480000, 0.160000, 0.095832
0.960000, 0.000000, 0.157298
0.888151, -0.239974, 0.056345
-0.920000, 0.020000, 0.010823
-0.860000, -0.280000, 0.011514
-0.700000, -0.020000, 0.044398
0.326163, 0.924131, 0.954471
0.680000, 0.680000, 0.962283
-0.240000, -0.880000, 0.010636
0.360000, -0.880000, 0.008212
-0.770526, -0.502683, 0.009060
-0.120000, 0.660000, 0.229017
-0.135034, 0.970652, 0.023114
0.540000, 0.200000, 0.485020
0.340000, 0.540000, 0.600829
-0.817086, 0.422813, 0.014716
0.280000, 0.240000, 0.398277
-0.560000, -0.200000, 0.057292
-0.600000, -0.380000, 0.036774
0.520000, 0.840000, 0.986256
0.988652, -0.150226, 0.000000
-0.260000, -0.540000, 0.055357
-0.260000, 0.940000, 0.016950
0.140000, -0.220000, 0.168572
0.740000, -0.560000, 0.022051
-0.560000, -0.720000, 0.009876
-0.280000, -0.620000, 0.042209
-0.160000, 0.440000, 0.219913
0.090326, -0.895456, 0.014218
0.560000, -0.320000, 0.135894
0.040000, 0.440000, 0.336819
0.403545, -0.804457, 0.018244
-0.533233, 0.774121, 0.019668
-0.806075, 0.483573, 0.011579
0.195716, -0.960258, 0.002846
-0.140000, -0.500000, 0.072208
-0.640000, 0.560000, 0.036074
-0.200000, -0.640000, 0.045049
-0.060000, 0.120000, 0.218099
0.940000, -0.040000, 0.126728
-0.640000, 0.160000, 0.059154
-0.880000, -0.400000, 0.003785
-0.260000, 0.880000, 0.053995
-0.100000, 0.060000, 0.192306
0.960000, 0.020000, 0.207153
0.580000, -0.800000, 0.002398
-0.780000, -0.040000, 0.030699
-0.860000, 0.400000, 0.009051
0.080000, 0.480000, 0.373050
0.960000, -0.260000, 0.003689
0.300000, 0.180000, 0.375723
0.220000, -0.160000, 0.200011
-0.380000, 0.900000, 0.011080
0.251116, 0.885065, 0.757458
0.540000, -0.500000, 0.074679
0.580000, 0.300000, 0.590846
-0.900000, -0.160000, 0.010736
-0.540000, 0.500000, 0.068360
-0.220000, 0.900000, 0.055823
-0.220000, 0.420000, 0.190479
-0.762893, 0.615138, 0.004392
0.780000, 0.240000, 0.645966
-0.020000, -0.240000, 0.140084
0.442462, 0.829354, 0.922095
-0.040000, 0.540000, 0.295156
-0.060000, -0.720000, 0.039697
-0.898224, -0.056511, 0.013095
0.686266, -0.612731, 0.021867
0.540000, 0.140000, 0.435346
0.680000, 0.260000, 0.609131
0.960000, -0.020000, 0.118443
0.620000, -0.400000, 0.094208
-0.540000, 0.160000, 0.081428
-0.520000, -0.540000, 0.030620
-0.020000, -0.840000, 0.021959
-0.501188, 0.747536, 0.033999
-0.020000, -0.820000, 0.025014
-0.040000, 0.780000, 0.262531
0.931034, 0.129523, 0.485755
0.979923, 0.012315, 0.154137
0.893901, 0.217579, 0.689491
0.602584, 0.747324, 0.959444
0.120000, -0.580000, 0.071514
0.656586, 0.754251, 1.000000
0.140000, -0.660000, 0.055017
0.640000, -0.300000, 0.130044
-0.740000, 0.220000, 0.038751
-0.680000, 0.280000, 0.049143
-0.586430, -0.708872, 0.008983
0.227039, -0.932766, 0.005982
0.220000, -0.200000, 0.185268
-0.880000, 0.320000, 0.010430
0.740000, -0.140000, 0.191449
0.420000, 0.700000, 0.781462
0.973739, -0.110599, 0.026841
0.740000, -0.240000, 0.130051
-0.540000, -0.800000, 0.003822
-0.120000, 0.380000, 0.236648
0.965382, 0.260842, 1.000000
-0.440000, -0.880000, 0.001775
0.547137, 0.714591, 0.894447
0.597905, -0.801567, 0.000000
0.124011, 0.891415, 0.478402
0.560000, 0.620000, 0.830055
0.080000, -0.020000, 0.221496
0.540000, -0.100000, 0.254804
-0.391374, 0.920232, 0.000000
-0.640000, 0.680000, 0.017334
-0.620000, 0.380000, 0.058030
0.535827, -0.844328, 0.000000
-0.060000, -0.380000, 0.103210
0.150226, 0.988652, 0.520905
0.340000, 0.180000, 0.391834
-0.240000, -0.600000, 0.048232
-0.680000, 0.580000, 0.024769
0.840211, 0.421480, 0.917530
0.800012, 0.566021, 0.979016
0.947098, 0.320944, 1.000000
0.868634, -0.408748, 0.017633
0.900000, -0.280000, 0.036005
-0.847000, -0.451876, 0.004524
0.680000, 0.200000, 0.542672
0.180000, -0.600000, 0.067870
0.079066, -0.896520, 0.014086
0.580000, -0.780000, 0.005756
0.060000, 0.260000, 0.301978
0.140000, 0.280000, 0.347530
-0.560000, 0.640000, 0.042692
0.180000, 0.880000, 0.596819
0.440000, -0.760000, 0.023780
-0.520000, 0.100000, 0.084002
-0.942996, 0.179886, 0.005843
0.200000, -0.780000, 0.031712
-0.160000, -0.700000, 0.038417
-0.120000, 0.740000, 0.206282
0.480000, -0.640000, 0.045400
0.600000, 0.140000, 0.452976
0.300000, 0.540000, 0.568581
0.480000, -0.740000, 0.024145
