350905
351640
351542
351980
351990
350730
351903
352230
351444
352121
352154
351993
351873
351782
352179
352425
352250
351390
351277
351452
351408
352199
352044
351933
351928
351023
351287
352256
351363
352117
351839
351717
351768
351454
352352
351487
352450
351088
351396
351891
352559
351008
351125
352149
351707
352268
351513
352215
351591
351620
352112
351769
351637
352205
351691
351759
350975
350680
351699
351204
351030
352131
352479
350798
352161
351310
352421
351496
351569
351045
351058
351347
351351
351031
352088
351699
352139
351771
351942
351631
351632
351443
351486
351284
352180
350884
351807
351716
350844
351803
351677
351774
351230
351411
350949
351595
351002
351367
352207
351786
351988
351214
352392
351692
351523
351810
351718
351734
351850
351642
351444
352478
351638
351739
351651
352542
351198
352204
351151
352100
351969
351336
351766
351554
352331
351904
351364
351537
351340
351218
352279
352617
351903
351083
352163
352418
351851
351476
350677
351489
352170
351176
352142
352060
351085
351999
351884
352132
351847
352385
352825
352084
351076
352879
351727
352280
351578
350851
352395
351688
352673
351407
351230
350831
351709
351603
351757
351571
351119
351797
351729
352262
351215
351472
351682
352093
351660
351840
352563
351478
351403
351859
351958
350661
350750
352041
352472
351192
351947
351081
350733
351053
351355
351743
352194
352090
351097
351938
352366
352093
351968
351759
351395
352515
351072
351878
351692
351512
351364
352565
351041
352279
351928
351169
351358
351235
351611
351249
351387
351164
351167
351943
351640
353428
351581
352541
350934
352163
352360
351513
351718
351687
351968
351759
352742
351368
351753
352257
351925
352442
351570
351363
351569
352334
351619
352723
352136
351669
351715
351720
352230
351221
351592
351131
351531
350852
351812
350781
352613
351549
352397
352720
351738
351714
351355
352632
351897
351081
351051
352316
352095
352147
350824
352694
351668
351834
351489
352239
351378
351323
351400
352542
352787
351771
352263
351488
352472
351097
351997
351925
351952
351181
352091
351771
352036
351365
351428
352397
351570
351982
352047
351725
351982
350786
351559
351927
351806
351037
351955
351016
351169
352364
351723
351757
351832
351720
351794
351790
351179
350647
351969
352523
351765
352106
352169
352259
350904
350558
352060
352068
352210
351362
351665
351140
351088
352096
350876
351743
351585
351758
350999
351323
351986
351736
351646
352269
351898
351881
351192
351090
351073
351365
352245
351849
351868
351633
351327
351398
352403
352077
351382
352214
351876
351883
352275
351368
352800
351552
351830
352993
351919
351643
351748
351970
352467
352034
352308
351348
351683
351876
351261
351093
352397
351921
351701
351121
351488
351390
351886
351836
352153
352301
352269
352239
351330
352444
350525
351282
352267
351689
352112
351606
351495
351475
351625
352192
351957
351852
352321
352433
352693
352106
352038
351830
351853
351853
351909
352226
351220
351327
350803
352404
351878
352326
350981
351305
351347
351964
351370
352644
352008
351091
351049
352007
352417
351802
351521
351963
351006
352238
351176
351782
351006
351351
351047
352645
351753
352026
352190
351781
350982
352232
350873
353075
351796
351775
351816
351317
351211
352169
352885
351309
351849
352353
352229
351995
351151
351225
352129
351767
351151
352344
351432
351998
351782
351539
351484
352021
351325
352082
352488
351124
351391
351714
351816
351791
351567
351658
352416
351204
351573
352334
352219
352364
351966
351150
351637
353141
352239
352154
351965
351821
351677
352291
352029
352074
352338
351595
351475
351821
352281
351605
351413
351666
352062
351849
352801
351584
351263
351917
351876
351201
352202
352066
351732
352696
351675
352072
352589
351777
352128
351551
351615
351696
351282
352266
351754
352277
351472
350841
351414
351736
351355
352516
351701
351127
352678
351825
351009
352458
350844
351193
351734
352356
351229
351702
351902
350822
350778
351649
351429
352078
351751
351799
352221
351489
350992
351285
352520
351311
351779
352596
351376
351307
352080
351790
352959
351749
351237
351829
351585
351663
351566
352106
351410
352271
351435
351094
351229
351518
350680
351867
352015
351381
351846
351289
351640
352478
350593
351342
351288
352078
352140
351881
352114
351847
351699
351664
352123
351675
352048
351866
352025
352410
351903
352815
351448
351740
351221
351192
351144
351515
351404
351808
352193
352146
351738
352561
351198
351541
352073
351600
352298
352285
352218
351283
352008
351401
351989
351615
351048
351433
351480
351372
351563
351653
350507
350926
351745
351639
351178
351554
352206
351619
351913
351948
351764
351614
350405
351354
351176
352002
351551
352347
350834
351577
351603
352093
352268
352031
351144
351629
351965
351214
351312
351732
352176
352030
352000
351760
351834
351157
350897
351993
352042
351507
351017
351514
351230
351674
352493
351456
351396
351768
352258
351450
352495
351105
352578
351408
351941
351568
351441
351342
351134
352008
351753
351345
351715
351777
351941
352242
351544
351790
351589
351567
350923
352411
351743
351224
351120
351363
351256
352191
352275
351681
351289
352385
351920
352306
351685
351395
351372
352271
351661
352377
352086
352248
351723
352443
351341
351130
351084
351818
352264
350883
350285
351670
352339
350894
351845
351466
351106
351815
351728
350965
350651
352452
351755
351906
352583
352161
351897
351973
351892
351556
351422
351562
352247
351994
352346
351859
352577
350445
350935
351932
352007
351926
351059
351236
352633
351981
350722
350900
352107
352138
352707
351979
350982
351069
352041
351687
351724
351152
351516
352254
352014
352537
352256
350745
351391
351205
351665
351645
351317
351833
351824
351849
352192
351545
351520
350981
351328
352233
352158
352643
351617
351647
351755
351300
350984
352489
352078
352010
351251
352048
351259
352526
352049
353251
351542
352112
351725
351898
352196
351273
351935
351693
351166
351024
351920
351242
352665
352159
350999
352301
351536
351334
352431
351740
351477
351806
351519
352194
351005
351737
351760
351839
351583
352343
351671
351279
351775
352001
351641
352328
350621
351354
352079
351594
352046
351358
351827
352318
352126
350895
351563
351520
351993
351990
351630
351492
351693
351608
352326
351762
351944
352261
352647
350724
352180
351381
352436
351027
351141
350643
351843
352038
351977
351540
352033
351721
351229
351909
351459
351833
351547
351724
351774
351906
352030
351882
351653
352663
352253
352161
352085
351913
352418
351258
352049
352221
351663
351271
351886
352120
352263
351563
351504
350444
352351
351856
352617
351353
351909
352678
351925
352328
351103
352019
351628
352192
351835
352013
352138
351818
351827
352497
350832
351010
352319
351135
351205
350970
351799
352172
352118
351824
351329
352429
350582
351982
351581
352181
352502
352230
351066
351148
351333
351130
351204
351184
351899
351336
351086
352248
351852
351360
352417
352525
351938
351542
350982
351508
351893
352583
352398
351886
351339
351729
351511
351788
351978
352375
352202
352463
352258
351781
350848
351950
