412357
413844
412548
411683
411293
412783
412012
412500
411858
412655
412218
411304
412674
412192
412339
412881
411950
412617
412100
412169
413502
412373
412169
412200
412586
411686
412022
411725
412073
412513
412796
412551
411849
411728
413455
412765
412562
412319
411734
412031
412502
412840
412746
411777
412498
412513
412688
412342
412321
411338
412463
411668
412737
412453
413207
412146
412610
412576
411526
412594
412274
413046
412844
412409
412544
412476
412784
411728
413019
412544
412430
413122
412699
413032
412348
412030
411453
412723
413257
413008
412429
412115
412599
412281
412514
412443
411665
412558
412099
413739
412423
412033
412892
411993
412655
412190
413040
412519
411449
412341
411912
412712
411441
412394
412346
411688
412389
411440
412427
412250
412409
412068
412612
412671
412221
412082
412135
412433
412352
412158
412013
412489
412028
412735
411580
411802
412143
411992
411512
412002
412634
413404
412105
413396
412290
412254
412406
412587
412967
412110
411946
411697
412671
412552
412596
412347
412549
412797
412118
411452
413495
412498
411712
412270
412845
411178
413023
411868
412092
411701
412931
412446
411594
412853
412041
412809
411636
411651
412422
412126
411488
412323
412464
411777
412257
412112
412291
411700
412044
411626
411870
412707
412262
412265
412061
412111
412635
412638
412185
411754
412184
411467
412274
413156
412414
411384
412239
411707
412887
412559
412829
412808
411820
411652
412287
412864
412349
413080
411644
410984
411674
412686
412217
412548
412832
411612
412228
412716
412955
412257
412336
412535
413009
412467
412128
412248
412800
412112
412439
412382
412413
411926
411617
412245
412618
412011
412266
411526
412335
412016
412607
411846
411780
412274
412104
412208
412968
412207
412115
412806
412879
412091
411760
411681
411900
412313
412632
411982
412177
411219
412462
411433
411765
411622
412921
410717
411954
412550
412264
412418
411839
412586
412858
412493
413228
412086
411423
411909
412217
412516
411652
412453
411886
412653
412528
413006
412164
411422
412135
412846
412100
411977
412213
412068
412395
411915
412183
411225
412370
412293
412346
412242
412011
411729
411983
412853
412143
411422
412758
411978
412736
412666
412944
412808
412546
411751
411831
412140
410841
412145
412976
411663
412306
412081
413220
412500
412857
412160
412264
412137
413011
412920
411498
412058
412860
412098
412882
411934
412310
412261
412143
412017
411740
411986
412140
412285
411795
412300
412085
412441
412414
412690
412198
412471
412642
412214
412697
412007
412170
411973
411834
412329
411812
412253
412581
411999
413349
411244
411589
412397
412128
411540
412368
412851
412384
412269
411958
412085
411952
411929
411938
412187
413263
412743
411333
411707
412125
411621
411772
411841
412543
412945
411921
411462
412493
412551
412067
411868
412333
412230
412895
412469
412373
411878
412565
411564
412172
412519
413977
412389
412447
412323
412720
411958
412647
412539
411806
411689
412109
412118
412162
412485
411886
412115
410997
412288
412922
411132
412570
412630
411914
412300
412542
412076
411219
412145
412423
412576
412918
412473
411953
412165
411778
411984
412331
412105
411903
411639
412484
412749
411647
412237
412452
412004
411787
412218
411541
412377
412247
412692
412815
412082
411983
412191
412707
411532
413246
412524
412153
412599
411546
411895
413154
412613
411820
412617
411483
412273
411574
411809
412317
411508
411812
411819
412041
412462
412698
412865
411651
412236
412187
412308
412724
412184
411725
411395
412748
412367
412213
411732
412114
412119
412297
411959
412502
411075
411570
412415
411889
412405
413484
411872
412016
412868
412555
412102
412500
411257
412532
411241
412813
412035
411889
412257
412499
412537
411484
411087
412005
412299
412025
411739
412676
412119
412907
412205
413041
412817
412380
412183
411474
412476
413043
413005
411998
412268
412439
412232
412001
412384
412264
411953
412529
412087
412654
412606
412472
412776
410971
412460
412323
412610
412529
411961
413391
412084
412185
412141
412058
411092
412671
412168
412080
412727
411732
412069
412090
412014
412650
412457
411732
412002
412713
411598
411753
411355
412960
412279
411805
411438
412502
411672
411809
412869
413275
412653
411512
412855
411824
413005
412158
412007
412477
412444
412168
412062
411790
411910
412368
411757
411612
412863
411871
411824
412239
412223
411609
411595
412335
412350
411831
411901
412370
412782
412424
412153
412619
412098
412248
411355
412828
412382
412304
412388
412620
411824
412588
412739
412574
412042
412435
411098
412565
412627
412352
412075
411542
412717
412103
411936
412000
411681
412399
412800
413068
412727
412061
412793
412375
411759
412486
412146
411118
411988
412793
411686
411848
410947
412937
412094
412795
412182
412333
411976
411893
411702
411701
412663
412203
411005
411940
412153
412942
411749
412222
412959
411919
411919
412050
412069
412709
412599
412642
413038
413005
410609
412571
412259
412687
412021
412329
411962
412520
412848
412696
413659
411617
411960
412106
412987
412408
412481
412748
412670
412378
411366
412212
412895
412659
411807
412344
411416
411656
411796
412440
412568
411776
411477
412187
411864
412559
412148
412550
412883
411680
411826
411827
413327
412508
411385
412220
412082
412985
412766
412615
411838
412018
412025
411780
411135
411710
411712
413065
412220
412589
411494
412361
412631
412142
412562
412933
412893
412781
411363
412554
412477
412437
412210
412201
412831
412346
412127
412933
411940
412173
412830
412175
411513
412814
412626
412081
411832
412151
412289
413410
411954
412192
411848
412306
412492
413115
412499
412702
412304
411294
412334
411541
412666
412185
411588
412375
412237
412799
413277
412426
412098
411093
411047
411398
412701
412112
412422
412022
411648
412019
412419
413519
411865
411810
412161
412088
412034
411938
412286
412121
411759
412437
412221
412219
413100
412530
411986
412481
411691
412571
412834
411882
412654
412317
411776
412281
412367
412187
411649
411818
412155
412466
412622
412641
412596
411614
411943
411971
411989
412485
412319
411258
411642
412425
412036
411383
411959
411927
412215
412603
412271
412981
411933
411883
412518
412721
412408
411750
412216
412327
412297
412456
412062
411827
412738
412421
412206
412731
411842
412483
413435
411934
412283
412461
412440
411549
411413
412416
412217
412145
412033
411534
411335
411935
412947
412349
412235
411925
413138
411876
412330
412967
412176
412576
412195
412061
412652
412212
411956
412547
411750
412780
411982
411888
411775
412211
412760
412492
411875
412147
411713
412508
412338
412370
411981
413858
411749
411794
413106
411632
413232
411892
412536
411917
412043
411545
412402
411991
412878
411811
412318
411575
412588
411715
411777
412183
411767
412165
412280
410781
411503
413053
411733
411875
411657
411845
411633
412239
412758
412422
411917
412300
412792
412108
411761
413009
412632
411913
412246
412608
412548
412186
411761
412065
412297
412419
412747
411902
411295
412580
412791
412884
412518
412537
412592
411885
411717
412991
411512
412150
411589
411771
411530
412519
412657
