601145
602536
602087
602350
602647
601706
602378
601428
601707
601750
602591
602476
602617
601437
602488
601919
601576
601474
601494
602496
601169
601770
601715
601493
602183
602154
601629
602221
602262
602022
602386
601752
601782
601407
601603
602439
602128
601755
601732
601652
602805
602031
600967
601494
602197
601470
601881
601845
601417
602345
601512
602089
602766
602039
601330
602006
602713
601786
601984
601931
602216
602183
602064
601558
601904
602217
601905
601373
601509
600984
601658
601656
602629
601110
602190
602391
602870
602683
601395
601676
601487
602398
601684
601753
601901
601996
601798
601687
601448
602340
601142
602447
601783
602245
601496
602424
602474
602050
602045
601837
602454
601854
601843
602653
602281
601928
602108
602454
601934
600825
601490
601843
601982
602442
601829
601711
601559
601761
602480
602310
602427
601328
601877
601971
602508
601331
600854
601259
601467
603132
601278
601957
602340
601857
601586
602408
602604
601056
602084
602555
601483
602582
601642
601933
600820
600913
600941
602648
601305
601366
601175
601001
601695
601402
601585
602168
602048
601665
601697
601711
601154
602524
600749
601572
601104
600951
601828
601696
602264
602594
601689
602656
602751
601448
601987
601805
602696
601774
601202
601890
602263
602167
602272
601892
602315
602044
601544
603162
601062
602073
601171
601604
601926
600821
601100
601897
602063
601781
601184
602402
601548
601863
601367
601412
602196
601843
602369
601696
602184
602006
602054
602142
602302
602895
601885
601347
601953
602359
601994
602290
601984
602086
602354
602253
601396
601386
601889
602675
601746
602471
602250
601309
601847
601199
602020
601787
603566
601569
601798
601284
602216
602093
601264
601902
602435
600857
601881
601847
602663
601968
601029
602474
602459
602748
601862
601916
602158
601501
602321
602029
601652
602135
600572
601330
600861
601663
602575
601482
601723
602175
602137
601161
602232
602045
601530
601460
602660
601710
602253
602471
602661
600628
600803
601684
601603
601366
602223
602174
602610
600772
601471
602070
602154
602162
602008
602122
601841
600821
601718
602280
601811
601445
602428
602254
602649
601986
601707
602267
601474
600115
602631
602776
602484
601635
601334
601424
601109
602028
602735
602111
601392
602057
600963
602180
601487
600775
602948
601541
603213
601747
601870
601436
601370
601281
601574
602139
601586
601775
600946
601068
602789
601914
602080
602311
601502
602056
600908
601874
601293
602670
601813
601754
602584
601094
601108
601912
602226
602648
601282
601392
601339
601876
602329
602031
601348
601411
601969
600895
601356
602129
602061
601599
602363
602442
602756
601623
602642
602129
601247
601828
601140
602563
602515
601155
601675
602086
601081
602365
601689
602316
601618
602201
601973
602925
601879
601515
601796
601440
601283
601900
601642
601915
602108
601794
601953
602611
601261
602055
601577
601778
601454
602271
600889
602074
601115
601974
601665
602704
601901
602174
602588
601707
601888
602392
600958
601442
603247
601294
602077
602533
601491
602229
601836
601320
602387
601539
601666
602541
602108
602332
602033
602318
602355
602521
601771
601392
601475
602100
601556
602090
601688
601665
602050
601295
601587
601309
602092
601976
601307
601876
602130
600614
602530
601373
601762
602004
601404
601363
602034
601992
601591
601078
601304
602926
601983
600875
602299
602361
601282
602511
601684
601167
601897
602049
602378
602066
601805
602415
601883
601225
602130
602161
600906
602540
601475
601894
600939
601555
601585
602252
601822
602042
601051
602487
601963
601450
601940
601537
601690
602335
602366
602180
601725
601069
601670
601915
602327
601441
601186
601430
602276
600923
602158
602316
602402
602008
602090
601192
601761
602057
601561
601484
601705
601972
601968
601059
601819
601944
601140
601617
601945
602224
601271
600837
601697
602517
600998
601340
602396
602318
600871
602648
601607
601165
601542
602276
601931
601493
602623
601601
602263
601425
602079
601852
602488
602476
601072
601434
601382
601764
602925
602280
601674
602054
602177
601520
602069
601483
601230
601604
601459
601531
601547
602847
601533
601401
602117
601791
602162
600957
602440
602324
601975
601963
602186
602286
601521
601926
602148
601569
601767
601706
601954
601225
602043
601402
601832
601686
601988
601761
601891
602235
601781
602582
601178
602183
600613
602799
602539
601719
601915
601739
601843
601789
601795
602404
602185
602254
601977
601205
601600
601294
601991
602004
601928
601905
601861
602338
601426
601550
601907
602455
601444
601965
601812
601859
602268
601159
602063
602366
602114
602078
601410
601540
601918
602332
601379
602492
602296
601588
601224
601842
601244
601947
601518
602240
602160
601883
601339
601909
602545
600776
601787
602253
601769
602373
602451
601778
601550
601531
600855
602016
602681
602105
601758
601650
601332
600935
601957
601462
602694
602023
602169
602235
601736
602274
600831
602393
602013
601736
602416
602820
602479
600235
601189
601859
601889
602042
602607
601861
601453
602759
601982
602040
601188
601588
602003
601956
602659
601893
601270
601835
601374
601315
602049
600345
602175
602055
602082
602105
602357
602800
600830
600898
601566
601618
601720
601541
602394
602441
602187
602162
601316
601978
600805
601386
600932
601023
601327
601370
601846
600851
601148
601788
601625
601449
602569
602550
601476
602562
601145
601858
601147
602542
601642
601280
602098
602577
602066
602446
601911
601242
601199
601810
601738
601648
602045
602192
600835
602779
601888
602606
602214
601606
601738
601363
601347
601566
601337
602132
601131
601926
601938
601399
602935
601803
601748
601508
602944
602129
601426
601760
601414
601736
602544
603058
602297
602074
601919
601789
601855
602193
602391
602217
601428
602035
601539
602280
601699
602317
602535
601617
602432
602063
602254
601881
601881
601970
602425
602676
601758
601339
602100
601423
601632
602424
601807
601972
602048
601113
601830
602343
602213
600937
601618
602296
601916
601093
602660
602188
601786
602321
602640
602271
602041
601450
601612
602180
601350
602717
602542
602147
601161
602537
602687
600988
601594
601147
601328
601585
601101
601718
601084
601825
602506
602224
601752
600658
601913
601375
602662
602361
603149
600963
601341
602163
600684
601749
602327
601273
601903
601753
601452
601809
602402
601002
601916
601922
601613
601105
602595
601924
602197
601305
601651
602297
602345
601550
602689
601846
602162
601703
601552
601603
602208
602059
601616
602357
601932
601842
601785
601239
601563
601924
601380
602217
602244
601608
601137
601598
602075
602904
602109
601903
601958
602138
602553
601600
601204
603195
601327
601938
602213
602463
602819
601139
601334
602228
602690
601687
602165
601538
601524
601126
601674
601723
602095
602140
601767
602056
602347
601746
602284
602138
601802
601480
602363
601773
601750
601953
602142
602619
602804
601838
602549
601386
601610
601815
601006
601793
601205
601741
601746
602131
602433
601711
601307
602261
601420
601697
601669
601950
601865
602233
601786
602077
602358
602530
601218
601374
