539508
538574
538851
539080
538349
538036
538846
537896
539159
537178
538487
538586
538324
538269
538942
538906
538826
538193
538772
538935
537740
538884
538092
538790
537886
538330
538343
538800
537517
538746
538629
538828
537915
538120
538548
538904
539410
538440
538346
537958
538318
539220
538068
538875
538855
538593
538276
538672
538599
539273
539136
538599
538161
538474
538266
538335
537861
538866
538309
538404
537888
538834
537629
539018
538570
537795
538776
538491
538409
539000
538098
538132
538720
538076
538609
538014
538853
538891
538931
538410
538508
538429
539014
538315
537336
538256
538988
539449
539414
539598
538975
538626
538863
538804
537751
538426
538399
538119
537836
538677
539085
538331
539057
538492
538642
539094
538587
538094
538009
538323
539085
539623
537630
537905
538120
538543
538446
538702
538945
538850
538261
537937
538334
538664
538638
538542
539147
538261
538276
538916
538758
538418
538213
538307
537292
538217
537822
538880
538056
538894
538849
539082
538114
538904
538161
538748
538218
538730
538969
538531
538236
538335
539137
539380
538139
537548
538721
539013
538680
539035
538742
536856
538509
538237
537545
539020
538665
538184
538164
538694
538854
538419
538978
539039
538831
539395
538282
538421
538406
538916
539171
539330
538567
538938
538138
538719
538111
537678
538863
537780
538063
539256
539060
538792
538844
538164
538605
539126
537770
537566
538233
538795
538969
538260
538044
538836
539174
538373
539002
538225
537799
538046
538479
538361
538513
538998
538702
537950
537554
538257
537364
539010
538290
537909
538713
538439
538182
538198
538019
538566
538083
539149
538993
538878
538423
538188
538670
538689
538840
538720
538921
539389
538432
538112
537764
538364
539013
537897
538549
538664
537976
537947
537444
538275
537570
538995
539524
538760
538707
538466
537689
537549
538437
539476
538724
538029
537696
538487
538269
538673
538356
538505
538963
537622
538119
538832
539388
538206
538903
539034
537754
539264
538325
539031
538063
538415
538454
538057
538178
539258
538695
538877
537895
538957
538440
538351
539234
537893
538930
538077
537134
538681
538481
538148
539160
538950
539179
539797
538468
537982
537558
538271
538614
538118
538359
538359
538379
538701
538064
537209
539030
538593
538948
538731
539337
538841
538375
537764
538424
537859
537728
538567
538669
538067
538358
539087
538961
538899
538480
539094
538506
538554
539345
538808
539060
539052
537897
538971
538472
538086
537985
539084
537989
538660
538282
538554
538784
538671
537715
538621
537450
538677
538610
539098
537921
538373
539170
537770
538997
538511
538559
537963
538715
538100
539083
537836
538676
537461
538987
538535
538004
538743
538907
538291
538813
538426
538051
538093
538618
538527
537766
536489
538339
538984
539186
538540
538350
538778
537986
538872
539173
538897
538870
538942
538845
538420
538153
538679
539615
537904
538333
538135
538342
538268
537925
538228
537917
539181
538463
537647
538530
538721
538269
537725
538561
537819
538636
538102
539363
538554
537075
538240
538545
538719
537816
538908
539111
538446
538046
538181
538779
539734
538245
538529
538471
538622
538824
539761
538156
538900
538427
538091
538683
538195
538297
537378
538226
538420
538695
537857
538462
538164
538469
539925
538720
537646
538005
539039
538777
539026
538132
538076
537923
538644
538073
538817
537822
539080
538034
538965
538369
538244
538292
538289
538746
538002
538253
539150
538441
538638
538806
539049
538745
537765
538840
539010
538562
538947
537973
538316
537448
538830
538620
537741
537882
538396
538699
538253
538386
538492
538620
538109
538129
538052
538012
538702
537752
537982
538504
538440
538866
538456
538291
538537
538275
537626
538913
538681
538172
538447
538216
538675
537836
538385
537819
538518
538863
538338
538397
539004
538075
538715
537956
539369
537922
538279
539238
539485
538501
538983
538114
538828
538577
538051
538853
538623
538394
539423
537655
538203
538643
538662
538532
537487
538097
538841
538144
537904
538397
538859
538889
538305
538501
538688
538528
538358
538059
538260
539071
538156
538706
539057
538657
537927
538502
539281
538528
537881
539491
538928
538550
538582
539287
538809
538134
538957
539857
538270
538880
539187
539109
539486
538011
538715
538529
539120
538736
537777
537568
538864
538210
538297
538346
537954
538592
538169
538837
538810
538712
539033
538519
538753
538587
538648
538572
537838
538735
538664
538104
538536
538123
538604
538479
538655
538321
539125
538972
538719
538922
538305
538615
538049
539275
539370
538809
539191
538090
537262
538777
538919
538743
538866
538376
538549
538782
538267
538540
538177
538714
538038
538837
537652
538972
538473
537783
538611
538560
536983
538742
537571
538581
538272
538697
538089
538559
538224
538372
538018
537747
538927
538659
538329
538162
538893
538293
538746
538075
537487
538115
538022
538318
538038
538879
537688
538242
538942
538864
537495
539379
538629
538246
539107
538525
537982
538575
537845
539588
538658
537676
538405
538326
537808
539082
539358
537310
538041
538648
538818
537677
538690
539076
539216
538782
539096
538433
537616
538292
538291
539063
538581
538127
537579
538167
539058
538293
537959
538581
539149
537673
538179
538733
539478
538479
537835
539281
537664
538211
538404
538803
539371
537477
538389
538570
538942
538638
538768
538344
537663
537742
538713
538469
538114
538760
539562
538818
538307
539097
539666
538271
537920
538323
538128
538181
539755
538816
538292
538909
538498
538216
538129
538272
537973
538669
537977
538616
538938
538895
538823
538633
538866
538199
538074
538062
538197
538023
537890
537492
538723
538396
538748
538332
538014
538435
538579
539011
538900
538981
538721
538546
539217
538859
538105
537811
539640
538174
537615
538278
538868
538840
538131
537825
537993
538241
538910
538066
538399
538313
539128
537825
538343
539418
538608
539081
538339
538400
538774
538148
538331
538553
538249
538668
538531
537811
538069
538557
538421
538963
537722
537943
538066
538486
538433
538569
538936
538451
539392
538792
538603
538768
538820
538391
538724
538288
538673
537940
538159
538201
538304
538238
538525
538954
538352
538708
538884
538995
539152
538503
538232
538837
538627
538296
537849
538207
538477
538424
538085
539211
538336
538510
538734
538079
537496
538664
538215
538661
538863
537863
538588
538192
539266
538159
538223
538494
538920
538287
538670
537783
538406
538804
538580
538458
538556
538680
538133
538443
537902
538371
539046
538748
538258
538809
538878
539589
538458
538613
538973
539193
539007
537757
539079
539781
539128
538602
537877
538735
538888
538128
538566
538325
537949
539016
538399
539022
538989
539054
538847
539112
537562
538175
538888
538655
538875
538326
538869
539284
539291
539559
539227
539708
539076
538470
538562
537910
538453
538829
538378
538844
538509
538146
538463
538374
538624
537790
539231
538506
538520
538044
537899
538925
538646
538128
538170
536888
538475
537875
538054
539205
539239
538699
538537
537982
538585
539012
539017
539320
538557
537550
537663
537856
538297
