282627
282231
282687
282531
282910
282558
282319
282557
283550
282520
282598
283287
282600
283486
282744
282733
282297
283070
282677
281613
282640
282059
281789
282300
282290
282275
283023
282548
283231
281797
282868
281841
282130
282998
281800
282148
283034
282328
282933
282104
282956
282330
282931
282015
282471
282328
282909
282254
282580
281554
283082
281117
283310
282430
283513
282562
282099
282449
282616
283033
282351
282700
282912
282307
282313
282386
282684
282312
282289
282890
282911
282206
282440
282492
282176
283022
281821
282682
282902
282645
282275
283030
282584
283504
282515
281507
283502
282533
282214
282751
282788
283702
282505
282557
282509
282971
282217
281565
283205
282133
282574
282525
283376
282638
282297
283231
282541
282518
282452
282278
282652
282059
282800
282100
282774
282819
281258
282888
282151
282575
281877
282261
282212
282830
282591
282219
282582
282374
282827
282264
283126
282343
282479
282872
283282
282147
282919
281995
283054
281894
282782
282714
282617
282434
282423
282639
282694
282969
283548
282418
283607
282255
282131
282350
282878
282805
282728
282829
282832
283352
283336
282987
282902
281816
282467
282499
282979
282995
283248
282237
282178
282914
282185
282484
281937
282230
282229
282735
283138
282245
282611
282267
283043
282596
282647
283424
281969
282952
282935
282430
282974
282377
282446
282779
283255
281982
282673
282096
282825
282457
282398
282930
283237
282571
283471
282359
282481
281398
282748
282542
283771
282759
282190
282567
282535
282153
281988
282564
281888
282556
281351
282186
282149
282635
282237
282408
282426
282760
282850
283286
282736
282083
282486
282702
282487
283201
282416
282387
283517
282679
283449
282247
282842
282372
282328
283189
282611
282829
282104
283513
282165
282727
282954
282112
282743
282831
282256
283053
283495
282015
282721
282420
282175
282634
282524
282291
282235
282702
282734
282602
282319
282666
282842
283082
282726
282464
282420
282234
282349
282894
282403
282966
282511
282148
283573
281820
282451
283166
282259
282883
282975
282208
281489
281802
282403
281955
282285
282244
281832
283071
282086
281846
283121
282236
281660
282776
283032
282355
282562
282547
282435
282543
282352
282723
282221
282154
282024
282613
283180
282522
282446
282714
282491
283114
282074
282894
282828
282454
283299
282641
282763
281552
282571
282400
282188
282610
282638
282942
283644
282040
283172
282692
282934
282634
282314
282177
282899
282751
282389
282163
282422
283380
282594
282397
282876
282537
281916
282453
282546
282679
281823
282656
281948
283566
282673
282305
282362
282145
282818
282673
282473
283044
282180
282655
282424
282167
282630
282876
283068
282294
282915
282855
282171
281853
282200
282082
281856
282893
282307
282131
282900
282352
282129
282688
282156
282453
282622
282262
281880
282543
282621
282293
282227
282955
282151
283075
282739
283334
282371
282479
282304
281748
283028
281923
282497
282356
282069
283121
282210
281938
282466
282520
282982
282792
282443
281646
282438
281882
282444
281883
282570
282104
282852
281778
282629
282710
281955
282495
281925
282596
282667
282879
283019
282578
282403
282494
282436
282782
283156
282032
282084
282060
282386
283047
282499
282587
282552
281819
282770
282960
282578
282108
282575
282246
282305
282239
282627
281956
282428
282360
282706
282623
282374
281792
282932
282620
282345
282489
283263
282325
283360
281727
282278
282783
282964
282073
282619
282174
283314
282441
281838
283018
283232
282483
282498
282439
282320
281666
283149
282242
282634
282752
282977
282080
282796
282183
283221
281465
281955
283112
281923
281906
283288
282277
282103
281801
283325
282293
282864
282259
282493
282283
282529
282219
282334
282728
282005
282912
283040
282939
282124
282201
283040
282142
282640
281526
283121
282684
282599
282568
282631
282984
282746
282322
281615
282040
282562
283506
283040
282497
282582
282137
281944
281480
282935
282725
281675
282395
282612
281997
282210
282367
282531
282273
282847
282228
282612
283067
283212
282767
282466
281980
282025
282477
282898
282134
283100
282570
282139
281820
282695
283179
281802
282990
282197
282131
281695
282263
281972
282658
282402
282517
281830
282855
282951
282889
282081
282725
282603
282735
282376
282065
282884
282291
282613
282965
282846
282990
282042
283196
282250
282558
282124
282283
283095
281855
282518
282311
283113
282372
282575
282571
282575
282833
282191
282693
281986
282288
282726
282900
282558
282789
282926
282208
282504
282099
282284
282234
282657
282752
282963
282471
282770
282763
281849
282396
282523
282601
282059
282193
282905
282866
282409
282777
283534
282398
282859
282792
282964
282500
281600
282077
282270
282017
282477
282812
282460
282205
283369
282971
281752
282646
282210
282764
283019
282584
282668
282547
281726
282473
282922
282706
282592
281930
282519
283159
283096
282101
283255
282720
283043
282076
282754
282482
282087
282022
283040
282817
281932
282140
282559
281818
282671
282373
282442
282572
282182
282634
282204
282028
283085
282419
282468
281957
282430
282984
282598
282799
282758
282505
282367
282337
282142
282323
281664
282132
282075
282831
282031
282662
282774
282485
282892
282093
282635
282552
283440
282364
282095
282217
282258
281779
282497
282472
281351
282949
282071
282212
282776
282017
282443
282325
282600
282505
283085
282298
282489
283220
282276
282794
282496
283118
282820
281897
281624
282521
282942
283370
282738
283188
282535
282355
282788
283070
282362
282207
282189
282276
282326
283526
282757
282694
282136
282119
282361
282822
282538
282576
282636
282500
282144
282861
282379
283069
282118
282305
282116
282473
282861
282558
282559
282119
282973
282869
282882
282359
282128
282828
282931
282646
282565
282491
282481
282667
282615
282307
283004
282834
282351
282157
282397
282138
281971
282860
282528
282111
282463
282497
282187
282280
282415
282433
281998
282302
282408
282519
282582
282220
282206
281679
282836
282613
283053
282232
282320
282217
282134
282782
283036
282726
283439
283262
282449
282134
282146
282208
282591
282357
281841
282374
283296
282240
283516
282197
283166
282728
282794
282257
282626
282761
282024
282378
282236
282844
282891
282665
283098
282700
283050
281843
283725
282434
281211
283063
282291
282857
282582
282291
281194
282992
282487
281617
282836
282456
281867
282557
282450
282754
282829
282355
283085
282901
282342
282349
282356
282110
282428
283531
282804
282575
282353
282380
282301
283683
282596
282317
282314
282243
282513
282667
283560
282344
282661
282738
282766
282863
282263
282803
282203
282539
282530
281702
282182
282672
282369
282708
282316
282639
282581
282545
282226
283848
282922
282558
282511
282839
282721
282322
282511
282782
282183
283197
282420
283124
282611
282243
283386
282124
282907
281863
283141
283380
282242
281954
282974
281600
282544
282812
281668
282906
283068
282774
283070
282936
282221
283078
281917
282036
282650
282406
282233
282593
283527
282530
282873
282479
282896
282908
281885
282582
283323
282322
283240
282156
282334
282887
283306
282208
281331
283061
