618214
620132
619511
619442
620162
619872
619926
619215
619126
619635
619043
619708
620286
620083
618679
618450
619895
619378
619235
619334
619295
619194
619076
619681
619988
618955
619608
618501
618607
618188
619027
619151
619519
618980
618861
619875
618971
619941
618864
619806
619172
620502
619833
618954
619208
619570
620668
619337
619532
619949
620771
619244
619325
619834
619415
618524
619438
620289
620536
618886
619112
619574
619039
619485
619586
620180
620621
619237
618920
619383
619264
618919
619054
618965
618434
619031
619876
619646
619254
620095
620161
620024
618926
619534
619114
619005
619181
620335
619157
618847
619373
618568
619629
618723
619770
621067
619874
619756
619268
619782
620192
619771
618657
619207
619523
619484
618894
619838
619794
619682
619651
618599
619236
619999
619128
619568
619811
618494
619696
619358
619613
619519
619589
619410
620236
620152
619335
619552
620395
619189
618525
619853
619631
619108
620020
619763
619554
619245
619979
619421
619503
619012
619267
619047
619440
619899
619785
619165
619801
619427
619080
618806
619120
619473
619111
618814
619093
620477
619613
619682
619913
619478
619688
619031
619088
620215
619460
620089
619852
619749
619005
618788
619640
619916
619597
619301
619548
618807
618797
619281
619775
618991
619541
619242
618997
619341
618594
619089
619480
619002
620077
619388
618559
619422
619380
619336
620115
619879
619818
620315
619992
619309
620272
619884
619068
619721
619918
619745
619653
619046
619421
619837
619206
619516
619041
619782
619866
619745
619638
619686
619583
619721
620274
618516
619186
619812
618989
619403
619043
619241
619187
620073
618846
618934
618939
619855
620022
619220
620380
620348
619960
619169
618777
618925
619711
619865
620082
618545
619370
619353
619706
620166
619815
618827
619229
619940
618876
619719
620133
619585
618799
619296
619344
619127
619333
619753
619207
619221
619501
619328
620000
619655
619297
619798
620076
618853
619825
618571
619540
619203
619959
619502
619520
619542
619473
619620
619077
619936
619773
619389
619222
620354
619628
619651
619485
618557
619952
619618
619027
619444
619048
618775
618864
619926
620166
618932
619633
618736
618805
619151
619006
619871
618786
620143
620215
619786
620198
620002
619299
619971
619458
619426
619840
619261
619299
619429
619289
619630
619717
619544
618779
618268
619539
619367
619466
619474
619247
619367
619429
620063
619025
619616
619800
620389
619702
619715
619412
618625
619913
620205
618560
620087
620242
619612
619872
619047
619851
619925
619651
619035
620158
620009
619925
620141
619572
619044
619641
619710
619279
619678
619992
620398
618322
620319
619964
619853
619157
619392
619246
619809
619269
619240
619561
618888
619680
619091
619255
619859
619545
619788
619569
619150
619113
619492
620387
619686
619875
619664
619658
619435
619266
620273
619691
619744
618573
618941
619756
619602
619951
619494
619657
620106
619438
618906
619053
618581
619334
620199
619175
619820
619201
618933
619543
619179
618723
619524
619064
619834
619524
620276
618828
619975
619210
619690
619657
619881
619545
619953
619384
619423
618779
619870
619291
620281
619270
619642
619076
618270
619518
619576
618671
620494
619326
619010
619349
619578
619912
618934
619447
618175
619124
619411
619508
619000
619323
619957
618780
619912
618870
618650
618602
619540
618516
619926
618998
618673
618800
620061
618799
619889
619311
618986
618825
619048
619670
619021
620337
619707
618937
620145
619246
618725
619985
619328
619259
620058
618949
619388
619235
620511
619213
618901
620372
620078
619045
618575
619153
619671
619373
618843
618952
619308
619888
620703
619253
619851
620329
619550
619456
618675
619699
619725
619161
619804
619924
619220
619695
618985
619262
619675
619188
619335
619736
619238
619530
620207
620101
620040
620569
619526
619462
619629
618887
619079
619616
619646
620615
619222
619751
619679
620002
619649
619436
619703
619250
620051
619194
619653
620273
619175
618897
618871
619345
618974
619223
618749
619473
619043
619677
618283
618655
618657
619905
620309
619001
620568
620133
617964
619403
618046
619497
619780
619678
620060
619156
619795
619016
618616
619064
619017
620040
619231
619254
619039
620202
620056
620416
619531
619064
618949
619690
618913
619114
619435
619216
619397
618954
619356
619012
619652
619247
620447
619685
619187
619215
619778
619339
619656
619125
619647
619788
619262
619236
619831
618492
619755
617973
619297
619173
618847
619262
618965
619450
619618
619852
619639
619662
619606
619312
619401
619234
619796
619621
618876
619156
619720
619779
619520
619354
619083
619866
619823
619021
620343
618978
618196
619117
619313
619576
619416
619101
619434
618971
619468
620070
618919
619673
619958
619718
620023
619985
619344
618537
619655
619249
618842
619753
619236
618846
618716
619317
619401
619617
619834
619564
619826
619757
619065
619166
618463
618457
618974
620113
619463
619414
620002
619120
618737
619655
619799
619466
618898
619438
620624
619711
619212
619977
619290
619032
619191
620276
619661
619083
620402
619426
620499
619250
619392
620368
619374
619798
619543
619081
619479
620298
619690
620408
619328
619763
619642
619759
619480
618718
619166
618998
619380
619882
619631
619723
619828
619119
619908
618757
619523
619379
619646
619925
619575
619747
619111
619995
619556
619207
620235
619630
619186
619564
619569
618904
619595
618516
619628
619601
619826
619652
619997
619097
619310
619130
619518
619639
619034
619208
619321
619284
618809
618729
619086
619686
620225
619469
619154
619674
619308
619189
619595
619185
618879
618628
618839
619494
619862
619176
620077
619126
620211
619597
619744
619395
619210
619518
619503
620141
619518
620132
618732
618903
620365
619214
619524
618564
619230
619427
618731
619639
618661
619456
620128
619171
620053
618785
619428
619601
618969
619012
619386
619245
619010
619857
619782
620069
619758
619762
618774
619382
619116
619793
619960
619048
620094
619490
619360
619662
619675
618314
619176
620160
619872
619740
620926
619704
619411
619269
619774
620534
619898
619889
618713
618671
619429
619330
620057
618348
619394
618938
619014
619237
619404
619269
619192
618949
619541
619067
619307
619273
618672
619872
619628
620227
619461
619894
619284
619587
619044
619331
618922
619803
619373
620008
618260
620131
619277
619416
620059
619723
618803
619502
619195
619119
619616
620979
619794
618615
619745
619842
618752
620075
619107
619426
619384
619454
619378
619762
619117
619277
620462
619414
619170
619580
619480
619005
618843
619410
619505
619260
619888
619282
620309
619171
620088
620213
619580
619193
618891
619928
619717
619592
620352
619527
618765
619088
619946
619618
620718
619893
619069
619282
619031
619524
618088
620035
620026
618895
619810
619143
619636
618855
619287
620286
619351
619455
619947
618997
619586
619015
619224
620281
620127
619240
619215
619097
620061
619110
619176
619537
619623
621246
619765
619381
618595
619325
618068
620458
619381
619959
619305
619914
620275
619153
619577
620044
619502
620159
619851
619187
619796
620048
619700
618465
619438
