534171
533924
533904
534592
533424
533606
533866
534317
534510
533651
533838
534570
534403
534253
533650
534156
534800
534598
533798
534279
534361
534799
534968
534460
534015
534149
533971
533427
533992
533790
533148
534423
533952
534266
533253
534055
534485
534642
533269
534573
533323
534115
534135
533840
534132
534516
534709
534225
534278
534799
534346
533039
534152
533864
534021
534244
533666
534622
533669
534243
533918
534722
533866
533797
534496
533984
534260
533924
533789
533823
534552
534058
534431
534523
533731
534040
534022
533368
533474
534749
533816
533634
534202
533030
533902
534345
534513
534602
534747
533737
533727
534763
533875
533418
534175
533352
534329
534717
533964
534098
534384
532909
533297
534035
534114
534006
534385
534358
533832
534138
534087
533992
534313
533679
532991
534259
534066
534157
533907
533763
533812
534261
533157
534123
534328
535420
533708
533645
533913
533244
534559
533786
533844
533043
534393
534439
533789
534360
534100
533853
534006
533791
533880
533573
534050
534199
534240
533402
534246
533854
534471
535127
534056
533693
533875
533953
533710
533578
533767
534571
532358
533408
533777
534353
534322
535217
534960
535115
533457
533912
533916
534980
534175
533533
534104
533956
533485
534636
534207
534101
534813
534345
534146
533965
533798
534028
534769
534613
534601
534448
534572
533120
534161
535377
533645
534809
534767
535086
534124
533291
533803
534023
534584
535329
533836
533648
534207
534328
534122
533494
534069
535213
533685
534163
533786
534220
533549
534303
533569
534452
534132
534317
533820
533890
533531
534183
533804
533888
533639
534631
534073
534044
534104
534387
533673
534007
533897
533866
534288
534278
534055
533835
534212
534059
533501
533021
534969
533678
534579
534153
533579
534071
533898
534490
534670
534279
533900
533995
534357
533501
534344
534221
534179
534380
533875
534852
534253
533651
533658
534641
534642
534124
534390
534174
534180
533981
533442
534270
533377
533759
534396
533693
534710
534703
534574
534042
534186
534837
533939
534183
534449
534734
533960
533499
534293
535319
534074
534257
533469
534965
534121
534591
534395
533747
534084
534119
533418
534487
533585
533500
534400
534620
534844
533750
533255
533706
534279
534249
534219
534139
534537
534886
534797
534840
533045
534908
533716
533765
533872
534329
533587
534789
534470
534576
534362
533298
534149
533761
533790
532946
533996
533807
534373
534595
533340
534222
533221
534543
534050
533377
534205
533928
533964
534305
534373
535009
534843
534259
533999
534186
534275
533066
533930
533876
534169
533482
533424
534126
533883
533938
532944
533054
534241
533249
533693
533558
533828
533396
533988
534737
534498
533629
534247
535361
534180
533697
534733
533924
534155
533547
533489
535048
533977
534250
534053
534063
534405
534206
533492
534454
534468
534230
533608
533909
534315
534096
534387
534270
534083
533651
534405
534182
534087
533993
533776
533404
533905
533945
533717
533946
533848
534392
533590
534696
534029
533846
533857
534017
534493
533901
533240
533375
534354
534640
533510
534302
534231
533906
534910
534562
534441
533454
534373
533661
533830
533875
533957
534277
534049
533928
533812
534506
534339
533184
533904
534995
534232
534284
533866
534137
534405
533581
533029
533941
534005
534744
533876
534086
533367
534817
534435
533977
533678
534409
534301
533215
534924
533330
534040
534205
533641
533181
533862
533659
534760
533649
535005
533367
533704
534149
534314
533529
534566
534644
533526
534040
534614
534022
534504
534492
533689
533511
533975
534045
532719
534280
534200
535099
533728
534243
534169
533652
534092
534619
533878
533840
534474
534521
534174
533990
533724
534193
533598
533735
533897
532753
534442
534028
534825
534409
534216
534461
533672
535178
534454
533398
534593
533914
534575
533625
533713
534742
533406
532356
534069
534712
534179
533890
534137
534602
534179
533761
533432
533924
533796
534142
534257
533928
534029
533904
533514
534006
533894
534116
534804
533795
534837
533524
534179
533842
533454
534676
534053
534585
534412
533618
534437
534400
533664
532908
534800
535137
534683
534168
534171
533933
534362
533385
532451
533449
534749
533788
534722
535294
534178
533808
533572
533916
534725
533834
534342
535159
533832
534717
534457
534097
534538
534551
534368
533122
534104
534541
533296
533847
535203
533732
534277
534684
533591
533646
533338
535727
533902
534420
533841
534202
534560
534591
533519
533631
534164
533857
533857
533784
534654
533472
533184
535049
533703
534658
534312
534355
533759
534894
533438
534542
533782
533079
533701
534442
534116
534161
533959
534782
533940
534084
533810
534115
533782
534108
534118
534462
534441
533896
534834
534684
534219
534394
533808
534200
533869
533491
533840
534090
533541
534006
534713
534793
534199
533927
534289
535174
534066
534705
533506
534389
534392
533255
534181
533996
534314
533586
533765
534018
534117
534251
534722
534338
534766
535008
534422
534191
534078
533813
533982
534450
534429
533959
534246
534775
533646
533769
534092
534258
534008
534393
534321
534434
534297
534334
533883
534453
534019
533982
534624
534355
534430
534308
534371
533472
533441
534294
534553
534665
534611
534069
533866
534305
533663
534282
533776
533888
534921
534342
534113
534074
534180
534325
534398
534167
534661
533671
533896
533986
533673
534534
534356
533667
534277
533694
533545
534304
534539
534575
535243
533234
533571
534790
534267
533884
534492
535145
534100
535529
533899
534591
534248
534292
533717
533262
534045
533592
533480
533910
534352
534687
534204
534174
534135
534061
533918
534093
535229
533789
534392
533960
533552
533389
533383
533455
533878
533913
534951
534893
533768
533957
533916
534208
533936
534019
534637
534553
534377
533888
535324
533765
534204
533894
534174
533768
534139
533528
534635
533484
533694
535362
534740
534766
533397
534016
534104
534571
534341
533540
533499
533897
533998
534483
533891
533816
534499
534320
533886
533859
532932
535145
533861
534390
534680
534349
533025
533959
535328
534826
534868
533490
533431
534277
534029
534560
533816
533952
534440
532765
533864
533750
533869
533752
534604
534003
534188
535154
534503
533853
533960
533969
533728
534502
534380
534003
534930
535194
534196
534652
534943
534490
533590
533880
533843
535009
533956
534814
534654
534137
533480
533539
533919
533058
533963
534106
533904
534597
533898
535212
533238
533821
534062
534313
534586
534384
533730
533954
533537
534795
534071
533074
533984
534687
534410
533720
534194
533980
534536
534711
533825
534102
534545
534641
533460
533985
534015
534724
533631
534253
534988
534354
533462
533712
533945
534523
534417
533356
534384
534087
533812
534638
534459
534083
534692
533725
533828
535405
534555
534933
534835
533562
533955
533829
533320
533250
534014
534278
534317
533818
534296
533518
533931
534657
533752
533067
534734
534337
534389
533151
533974
533962
534457
533886
534605
534170
533594
533775
533765
534185
534299
534252
534406
533293
534036
534529
534675
533665
533659
534621
533943
533846
533899
533989
535150
534808
