333140
332453
333230
334175
333992
333322
332855
333132
332916
334061
333164
333753
332231
334044
333831
333650
333454
333591
333248
333180
333325
333198
333572
332665
333771
333837
333613
332913
333735
333334
333689
332844
333109
333099
333166
332997
333836
333038
332770
334234
332671
333094
332795
333078
332798
333707
332837
332482
333822
333296
333068
333146
333451
334436
332787
332938
332764
332983
334389
332691
332993
333204
332380
332448
333555
333237
333647
333753
333845
334215
333996
332704
332663
333651
332951
333202
333385
333338
333433
332416
333566
333347
332894
333404
332762
333051
333906
333154
332577
332132
332404
333111
333559
333645
333773
332915
333648
333749
333543
332701
332814
333020
333194
333469
333251
333950
334081
333042
333860
333695
333174
332783
334012
333493
333187
332606
333208
334378
333613
333014
333347
333094
334251
333069
333714
333580
332875
333735
334334
333596
332808
333387
333478
333126
333544
333268
333464
333014
333412
334185
332932
332518
333389
333488
333236
333644
333600
333495
333408
333683
333606
333260
332981
332881
334019
333126
333472
333238
333179
333164
333517
333824
333727
333168
333642
333420
333121
333284
333929
333583
333323
333834
333462
333251
333390
333260
334170
333171
332691
333218
333761
333350
333378
333419
333579
333372
333080
332856
332774
333610
333109
332202
333100
333164
333250
332230
334066
332920
333065
334177
333025
333443
333438
332552
333259
334110
332962
333257
333513
333920
332975
333706
332923
332670
333642
333320
333370
332631
333169
332852
332593
333605
333958
333680
333800
333942
333823
333508
333273
333569
333642
332842
333011
332849
332608
332465
333785
334169
333454
333400
332825
334343
334127
333601
332992
333605
333116
333881
332999
333231
333087
334149
333331
333039
332996
333538
333713
333961
333966
332951
332565
332817
333440
333090
332881
332863
333355
332420
333238
333435
332254
333275
332882
333638
333373
332403
333270
332580
333124
332562
334056
333277
333701
333973
333531
332847
333798
333396
333169
332716
332904
332528
333467
332709
333631
332686
333670
333840
333142
334147
333430
332982
333553
333093
334213
333168
333143
333396
332937
334095
333169
333550
332992
333128
332411
333385
333869
333963
333018
333174
333254
333211
333966
332845
333948
333441
332416
332794
333122
333555
333032
334467
332450
333406
333574
333765
333069
333259
333686
333447
333998
333083
332854
333234
333210
333233
332578
333631
333524
331975
333903
333540
333420
333326
333840
332773
333835
332994
333207
332947
332840
333633
333202
333314
333575
333319
333117
333190
333253
333245
333617
333724
333013
333001
333469
332601
333377
333118
333030
333550
332915
333802
333637
333373
333987
333373
333623
333250
333583
333846
333477
333244
333045
333320
333629
333245
333240
333463
332871
332969
333607
332122
332791
333663
334400
334189
333349
333759
333798
333169
333325
333154
333831
333318
332498
333387
333987
334510
333515
333962
334189
332348
333307
333239
333184
332884
333700
332478
333039
333067
332768
332926
334197
333723
333389
333608
333415
333089
333850
333055
333903
333023
332706
332822
333628
334035
333375
333887
332484
333683
333870
333192
333567
332973
333519
332755
334007
333652
333596
332508
333514
333582
333446
333355
332565
333195
333865
333543
333079
334245
333464
333403
333383
333592
333287
333286
333246
333145
334246
332298
333106
333782
332765
332603
333124
333722
333395
333033
332764
334250
333829
333507
332880
333465
332972
332832
333586
333722
332872
332843
332612
333554
333189
332739
333073
333610
334018
333315
333183
333280
333007
333832
334032
332792
333236
333727
333205
332857
332761
334520
333275
333435
333785
333191
333248
332897
333479
332651
333135
333160
332615
333491
334694
332996
333058
332911
333242
332982
333868
333832
333351
334122
332792
333263
333390
333190
333426
332878
333303
332390
333833
334209
332536
333046
332575
333631
333544
334138
333436
333878
333489
333198
332696
333271
333365
333268
333587
333875
334278
333731
334075
333335
333232
334024
334027
333014
333098
332400
332802
333089
333360
332718
334102
333723
333316
333348
332790
333696
333250
334120
333503
332814
333562
333641
332890
333862
333422
333755
334366
333839
333325
332854
332824
334022
332999
332736
334040
332968
333128
333892
333605
333148
334402
333525
333014
333445
333272
333767
333166
333085
333335
333090
333193
333341
333263
333524
333940
333892
333808
333443
333088
333159
332978
333598
333388
333218
333534
332950
332626
333506
332990
332720
333599
333531
333102
333991
333861
333297
333517
332946
333858
333579
333617
332937
332538
332849
333560
333356
333159
333588
333221
333417
332669
332596
333541
333046
332740
333935
333523
333022
333608
333670
333080
333145
333321
333867
333116
333454
333369
333572
333709
333345
333026
333287
333455
333236
332753
333140
333206
333521
333881
333397
333705
333427
333787
332907
333986
333154
332872
333876
333578
333017
333232
333473
334092
333692
333301
333592
333287
333262
333528
333578
333300
333352
332093
333566
333461
333188
333623
333528
333082
334097
333053
333278
333558
333677
333074
333133
333006
333362
332711
332926
333949
333203
332974
333942
332391
333746
334121
334105
332956
333623
333613
333028
333137
333469
332783
333546
333835
333090
333827
332941
333708
333440
334078
332860
332793
332909
334277
334305
334218
333331
333243
333956
332877
332640
332581
333848
332505
334011
333231
333814
332986
333503
333239
334358
333084
332676
333164
332451
333592
332507
333695
333542
332667
333249
333073
332916
333354
332863
333634
333737
333039
333263
333321
334014
333087
333102
332580
334339
333768
333044
333291
333600
334056
333146
332825
334261
332429
333197
333316
333531
333184
333381
333715
332938
333896
333673
332931
332752
332951
333366
334114
333254
333022
333950
333964
333842
333571
333482
332689
333128
333299
332481
333780
333395
332643
334282
334087
333180
333350
333293
332994
333262
333522
333133
332898
333484
332775
332597
333336
333909
333472
333593
333286
333084
333862
334723
333706
333077
332950
333630
333042
332703
333663
333633
333111
332785
333861
332978
332957
333610
333421
333237
333066
332344
333595
334271
333951
333434
332841
334090
333288
332857
333522
332809
333415
333206
332552
333482
333504
333643
333908
332992
332922
333608
333480
333092
333242
332615
332931
333163
332339
332456
332947
332951
333477
333345
333075
332375
333929
333891
333575
332946
333209
333689
333738
333506
332626
333712
333531
333389
333477
333617
333142
334280
332793
332812
333599
333677
333134
333805
333549
333541
333970
333787
333255
333254
333276
333087
333457
333636
333039
333647
333102
332980
333202
332615
333786
333681
333841
333727
332655
333193
332943
333419
333507
334072
333454
333424
333930
333409
333153
332977
333084
334355
332992
332716
333562
333753
333698
334287
333418
333580
333480
333438
333147
333193
333282
334220
333493
332866
332445
333002
333174
333167
333650
333643
333410
333443
332901
333983
332515
333215
333085
332768
332531
333183
333953
333068
