416452
417018
416446
416631
416542
416188
416920
417447
417366
416079
417696
415880
416450
416838
415850
416854
416959
417086
417299
417636
416164
417065
416793
416343
416288
417529
417056
416857
416895
416824
416395
416299
415531
417209
416309
415377
416571
416882
416134
416612
416102
417603
417126
417298
416827
415997
418104
416615
416567
417019
415753
416232
416117
417169
417177
416781
415579
416759
415770
416953
416665
416555
416861
417327
417536
417045
417022
416575
416622
416912
416562
416356
417657
416720
417858
417052
416134
416333
416894
416231
416830
416235
417423
416076
417022
416367
416520
416130
416758
416433
416584
417011
416783
415806
416363
416145
416186
416813
416568
417194
416178
416497
416594
416467
416562
416875
417047
417136
416736
416259
416360
416660
416414
416901
417270
416546
416649
417386
416871
417182
417341
416042
416703
416523
416358
417128
416535
416029
416410
416982
416176
416217
417406
416408
416214
417450
416884
416623
417107
416067
416365
416177
416673
416983
416560
416726
416248
417029
416958
417103
416273
416322
417809
416581
417668
416376
416453
416104
416677
416712
416282
416710
416633
416468
416410
416555
417005
416743
416873
417293
416322
416125
417287
416710
416604
416620
416093
416243
416976
416926
417482
417399
416701
416114
417283
417273
417389
416168
417072
416770
417276
416497
417527
417144
416670
415703
416449
416132
417214
416489
416587
416165
416472
415791
415938
417184
416427
417709
416598
416594
415659
416275
415098
416073
415841
416047
417248
416552
416281
415998
416495
416640
416509
416783
415995
416893
416190
416769
417192
416706
417431
417051
416820
416216
416370
415666
416952
417492
417738
416482
416840
416977
416798
416398
416716
416744
415999
414942
416825
417248
416642
417275
415528
417111
416497
416935
416431
415960
415973
416930
417124
416484
416759
417124
416669
417430
416023
416002
416556
416681
416521
416471
416765
416498
416653
416776
415318
417280
416309
416592
417290
416027
416293
416462
417246
416672
417016
416673
417144
417054
417115
417285
416399
416745
417781
416676
416572
416940
416266
416431
415941
416472
416252
416417
416379
417116
416419
416303
416864
416325
417300
417248
416495
417369
417209
416301
416409
417000
416108
416623
415928
416432
416872
417091
418274
417366
416771
417228
417151
416817
416499
415864
416776
416371
416076
417039
415586
416373
416971
416906
416129
416645
416708
416939
417202
417054
417272
415999
416569
416868
416667
415967
417242
416057
417397
416793
416306
417879
416645
416665
417520
416439
416953
416117
415094
416776
416143
417594
417068
416659
416400
417313
416048
416420
416697
417318
416836
417509
416202
416517
416932
416231
417516
417439
416269
416282
416052
417101
416837
416482
416437
417668
417189
416765
417005
416103
416812
417097
415519
416756
417208
416149
417247
416312
417602
416963
416448
416321
415990
416251
416582
416783
416732
417148
417548
416802
416028
416488
416191
416691
417248
416254
416380
416751
416463
416329
416679
418225
415954
417080
416620
417039
416895
417563
417121
416244
417009
417330
416322
415938
416632
416998
416130
416726
418398
416778
416045
417310
416065
417851
416091
417109
416244
416446
416451
416917
416239
416802
417559
416719
417071
416806
417166
416374
416714
416174
417341
416508
416842
416506
416877
416862
416342
416944
415926
417749
416725
417053
416212
416087
417385
416712
415986
416999
416704
415757
417205
417107
416291
416674
416420
416414
416785
416154
416374
416634
416661
417615
416738
416233
416180
416228
416722
417542
416632
416976
416350
416801
416372
417183
416631
417698
416812
416801
416426
416158
416861
416688
416457
417222
417330
416241
416183
415738
416638
417313
416246
416659
416422
416247
416535
416742
416461
416061
416860
416870
416680
417432
417485
417031
415838
416938
416735
417560
415742
417020
417264
417194
415113
416379
417605
417280
416696
416520
416647
416590
417265
417149
416573
417610
416627
417093
417877
416284
416563
416974
416457
416976
415830
416662
417174
416400
416171
416177
416549
415771
416502
418002
415977
415973
416825
416313
416709
415655
417001
416863
415643
416733
417269
416751
417223
416888
416869
416442
415695
416721
417169
416717
416957
416884
415604
417414
415578
417294
416405
416883
416692
417508
415729
416931
417012
416324
415893
416034
417780
416935
416699
416894
416398
416389
416369
416808
416596
416172
416304
416828
416547
416934
416605
416762
415895
415996
416573
417239
416947
417001
416592
417018
415682
416407
417154
417208
416871
417057
417498
417189
416221
416809
416420
417015
416936
416835
416776
416888
416972
417132
416366
416508
417018
416777
417669
415547
416953
416289
416662
416661
417170
416115
416232
416701
416200
417027
416084
417674
416914
416456
415926
417514
416723
416899
416871
417029
416663
416741
416971
417481
416538
416526
416149
416871
416451
417038
416300
416349
416154
416255
416696
416707
416495
416552
417250
418801
417309
416068
416498
416913
416360
416187
416437
417820
416902
417555
416074
416470
416028
416996
416468
416804
416384
416580
417244
417060
415994
417009
416738
415869
416355
417548
416120
416236
416597
415843
416334
416141
416580
416498
416718
416602
415964
417323
416038
416973
417860
416420
416483
416347
416942
416332
416504
417509
416951
416777
417256
416568
417196
416669
417449
416645
417870
416522
416641
417382
416732
417095
416986
416400
416908
416809
417030
416256
416138
417100
416319
417658
417359
417464
417105
417261
417094
416669
415868
417178
415671
417121
417211
416450
416735
416670
416633
416985
416616
416037
416790
417523
416602
417115
416304
416905
416104
416800
417026
417356
416292
416835
416355
416192
417346
415601
415933
417389
417871
416583
416566
416501
416410
416462
416764
416989
416844
415953
416537
417356
416726
415974
417414
416591
416657
416804
416605
416787
416820
416423
416368
416757
416369
417374
417052
416349
416706
416227
416832
416605
416364
415896
417041
416973
416836
416486
416758
417242
417074
416809
416673
417112
416607
416649
417486
417350
416166
417527
416889
416611
416533
416365
415537
415998
416591
415707
416974
417054
416728
415835
417441
416890
416580
416773
415905
417036
416676
417864
416939
416477
416009
417327
417526
416530
416748
417021
417408
416990
416880
417155
416683
416641
416889
416464
416779
415901
416506
416617
416398
416160
416643
416405
416014
416503
416342
416294
416695
416136
416161
416501
416044
415859
416463
416940
416314
416957
416713
416529
416560
416841
416611
416289
416961
417121
416465
417314
416611
416826
415792
417447
416067
417326
416979
416977
416796
416699
417044
416430
416414
417197
416119
416391
416655
416939
416900
417409
417205
416639
416477
417091
416015
416059
416291
416022
416310
416529
416834
417846
416599
416165
415979
417280
416665
417239
417492
417191
416847
416517
415902
416653
416607
417644
416459
416985
416433
416906
417149
416825
416067
417200
416327
416424
416158
416770
416684
417187
416355
415734
416535
416614
415993
416822
416339
416408
415952
417059
417562
417329
