667331
665602
667178
666281
666173
666523
666768
666658
666120
666696
665958
666917
668099
666195
667358
666455
665150
666273
666581
667272
666320
666953
667330
666484
666102
667644
667001
667214
667017
666068
666718
667279
666400
666730
666363
666139
666980
666948
666497
666464
667445
666707
666922
667243
666070
666556
666799
666635
666961
666397
666688
666636
666639
667206
666277
666963
666724
665598
666858
666349
667137
667028
666556
666385
665733
667660
666448
667561
666625
665676
667131
667478
666599
666008
666017
666454
666052
666409
666561
666987
666818
666630
666917
667427
666084
666264
666447
665962
666993
666647
666197
666569
666442
666530
667567
666590
666809
666449
666728
666737
666260
666529
666157
667831
666516
666741
666824
666132
666754
666490
667096
666410
667034
666750
666228
666721
666313
665741
666964
667038
666666
666018
666265
665935
666268
666749
666653
666727
666662
666870
666234
667146
667426
667093
666182
666448
666923
666796
667516
666110
665799
666892
666598
667241
666684
666797
666903
666934
666040
666586
667416
666228
666202
666913
667003
666891
666851
666558
666160
666275
667061
666462
666885
666449
666416
666721
666666
667021
666715
666795
666768
666446
666943
666403
666697
666981
666850
667172
667140
665938
667042
666966
666205
667308
666504
666846
666675
666928
667343
666589
666027
667800
667492
665773
666261
666592
666577
666049
667017
666429
665694
667477
666384
665831
667571
666784
666561
667604
668216
666752
666847
666685
666657
667046
667862
666732
666557
666747
667178
666305
667043
666707
667076
665991
666604
666376
666795
666923
666352
667043
666413
666634
667508
665807
666622
666297
665965
666623
666236
666092
666057
666610
666631
666633
665967
667026
666858
666778
667055
667056
667143
666216
666747
666119
666545
666160
666794
667167
667160
666312
666260
666990
667010
667243
666497
667214
666289
666001
667225
667050
666141
666546
667071
666967
666589
666727
667199
667051
665850
667406
666505
666119
666010
666188
666824
666986
666687
666953
666998
666514
666042
667127
666706
666849
667067
666572
665870
666937
667276
667016
666436
666549
666035
667234
666691
666673
666859
666499
666851
666671
666882
666371
666420
666338
666660
666744
666526
666600
667098
666927
666857
667067
666123
666743
667693
667494
666424
666412
667015
666689
665898
666305
666957
665792
666699
667215
666048
666761
666389
666536
666923
666547
666752
666257
665486
667679
666218
666571
666607
666793
666293
666554
665972
666408
665720
666725
666937
666628
666806
666703
665708
666823
666847
666569
666422
666219
667156
666696
666345
665816
667108
668176
666922
666727
667092
666394
666181
667509
667060
667615
666671
666802
667366
666611
667493
666410
666315
667114
666101
666670
666844
666757
666933
666488
667447
666542
666892
667074
666409
667122
666323
666243
666868
666603
666486
666842
666368
666818
666045
666293
667535
666220
666842
666328
666536
665464
666580
666537
667004
666517
666381
666354
666705
667327
667261
667079
666335
666954
666895
665413
667117
666185
667639
666742
667530
666489
665760
665835
666995
667242
666530
665938
666712
666485
666979
666855
666063
665963
666800
666451
666520
666562
666594
666057
667035
666471
665956
666552
666750
667280
665629
667053
666801
666130
666305
666276
666703
666915
666356
666334
667042
666621
667067
666458
666708
666242
666693
666695
666736
666303
666084
666739
666915
667158
666970
666778
667196
666934
666891
667358
666651
665898
666233
666560
668108
667080
666315
666850
666395
667140
666930
666425
667224
666891
667294
666600
666546
666961
666167
665596
666216
666583
666442
667185
666946
666525
666377
666619
666845
666333
666503
667196
666377
666907
665701
666645
666768
666836
666350
666914
666972
666326
667697
666546
666391
666544
667063
666630
666415
667358
665962
666620
666337
667048
666411
666637
666895
666882
666269
666742
666964
666542
667372
666795
666796
666720
666335
666973
666508
666159
667738
666650
666570
666851
666407
666407
667514
666430
667020
666914
665306
667029
666795
666060
666710
666788
666775
667294
667044
666715
666920
666428
666671
667649
666198
667089
667039
666882
667622
667319
666764
666690
666552
666737
666722
667073
666761
666598
666214
667216
668423
667035
665885
667666
666976
666510
666673
667157
667064
666531
666645
667066
666897
666599
666793
666997
666292
667029
666233
667568
666133
666716
666110
666532
666963
666032
667352
666209
665898
667036
666778
667192
666267
666114
667086
666370
666690
666747
666570
666833
666643
666515
667318
666753
666335
666411
666359
666640
666699
667202
666808
666635
666779
667378
666639
666609
667109
666906
666693
666875
665764
666591
666675
667633
666824
667161
667108
667553
667385
667177
666366
667094
666512
667304
666930
667278
666477
666793
667202
667070
666855
666025
665859
666542
666464
665522
665794
666572
666324
666021
667007
666934
666671
666471
666193
667029
667315
666448
665535
667237
666094
666693
667237
666426
666292
666702
666280
666221
667606
666952
665586
666565
666384
666640
666373
666700
667437
667133
666411
666985
666553
666826
666650
666863
666405
666922
666592
666598
665969
666927
667361
666977
666472
667169
665652
666702
666612
666167
666030
666753
666548
666377
666326
666447
666397
666563
666432
666814
666148
666984
666506
667304
666896
667480
665881
666887
667045
666590
666367
666825
667084
666936
665909
666088
666818
667440
667060
667541
667112
665990
666604
665964
666676
667017
666526
667253
666404
667448
665611
666277
667014
666121
666904
666303
666503
666232
666300
667106
666782
667023
666659
666786
666201
666751
666387
666749
666352
667486
666843
666753
666225
666724
666822
666600
666531
666545
666774
666897
666803
666865
667057
667355
666654
666872
666925
666847
666995
666934
666452
666610
667507
667321
666851
666298
666430
666470
666661
665944
665933
665774
667136
666878
666969
666790
667286
667055
666686
667054
666025
666664
666356
665982
666508
667276
667419
666302
667016
666193
665892
665927
666961
666108
666448
665476
667080
666270
666581
666025
667205
667022
666781
665729
667040
666421
666780
666213
666324
666653
667101
666740
666620
666994
667673
667042
666744
665786
667277
666303
667372
666570
667040
666687
666690
666943
666725
666585
667017
666293
666809
666949
666200
665784
667206
666282
666702
666772
666841
666702
666488
666419
666636
666908
666859
666790
667707
667810
666409
666694
666495
666512
666753
666848
667112
665779
667420
666687
666833
667043
666836
666984
667663
666559
666273
666596
667899
666822
666391
666801
666668
666618
666026
666823
666605
667131
666800
667210
666219
666650
667401
666310
666559
666550
665834
666470
666155
666696
666871
666326
667048
666999
667093
666132
666994
666486
667384
665946
666627
666204
666325
667065
666177
666938
666432
666222
666132
667098
666769
666420
667305
666630
666271
666238
667387
666644
667258
666513
667216
666750
666807
668054
667050
666632
666083
667300
666001
666703
667312
666811
666495
666583
666295
666483
666064
666454
665988
667379
666145
666470
666806
665894
