582828
583245
582668
583423
582808
584171
583166
583842
583080
584008
583465
584331
583156
584261
583783
583116
583387
584062
583144
583399
584148
582963
583136
583578
583395
583677
582692
583496
583482
583624
583749
583849
583405
583182
583709
583214
582876
583254
583562
582993
583524
583113
583571
583399
583557
584103
583921
583519
583793
584382
582654
582705
583906
583393
582593
584189
583702
583209
583444
582758
582211
583432
583430
583272
583270
583335
582737
582924
582583
583450
583349
583287
583842
583479
583773
583292
583097
583252
584077
582856
583911
582675
582325
582580
582920
582864
583661
582479
582879
584201
583465
583276
582812
582979
583169
583331
582890
584155
582682
583623
584008
582962
583032
583339
582764
582752
583197
584155
584078
583724
583752
582664
583697
582823
583279
582653
582691
583527
583821
583347
583588
583891
583331
583471
583465
582935
582745
582934
583496
582807
583750
583573
584232
584321
583201
583414
582955
583345
583439
582495
582372
583403
583428
583314
583672
582990
583969
583626
584071
583685
583895
583020
584158
583056
583785
583824
583174
583877
584496
583988
583332
582641
583093
583484
582992
583132
583635
582663
583345
583018
583418
582703
583204
583497
583270
583221
583012
583392
583720
583334
583424
583081
583378
583774
583084
582654
583379
583428
583203
584555
583105
584437
583217
582886
583461
584519
583144
584042
583673
583536
584004
583721
583630
583594
584180
583474
582408
583169
583864
582836
583713
584368
582804
583019
583773
582754
583427
583357
583379
582453
583553
583130
582984
582654
582796
583113
583227
582668
583041
583171
583216
583581
581980
582569
584027
582764
584128
584077
583405
583289
583834
583170
583242
583816
582917
583374
583736
583311
583878
583284
583346
584007
583113
583270
583725
582960
583182
583269
582122
584578
584397
582790
583921
583814
584117
583781
583742
583031
583592
582709
582829
583390
583060
583321
583864
583485
583123
582645
583590
583337
582950
582726
582849
584371
583243
583812
583680
583110
582741
583012
583827
583399
582875
583590
583634
583256
583479
583608
583226
582728
583849
583348
584211
582808
583612
583739
582777
582628
583329
582826
583661
582518
582791
583305
583684
583517
582867
582525
582954
582823
582797
582694
583847
583653
584004
584141
583386
583297
583612
583514
584056
583715
583777
583386
583209
584251
583718
582987
583392
583252
583241
582555
583418
583407
582796
583482
583516
584356
583452
584050
583577
582189
583121
582589
582592
582547
583015
583201
583050
583670
583730
584159
583725
582953
583275
583700
582502
583162
582953
583459
583525
583616
583787
583833
584073
583080
583927
583150
582992
583260
583407
584114
582817
584092
582392
583613
583234
583670
582765
583383
583103
583553
582998
583490
582247
582754
582741
582998
583156
583619
582744
582831
582889
582759
582575
583412
583245
583060
583288
582893
583517
583508
582666
583234
582957
582911
582754
583072
582962
582986
583338
584507
582891
582689
583244
582376
582677
583597
583544
582928
583778
582825
583340
583602
583293
583333
583175
582976
583366
583781
583717
583358
584115
583083
583516
582919
583708
583819
583268
583640
582539
583562
583542
583106
583189
583604
584200
583311
583935
582989
583044
583798
583468
583128
583069
583954
582873
583080
583811
582900
583240
582725
583231
583575
583783
582822
582962
583629
583156
584020
583681
583894
583424
583548
583476
583616
582513
583013
583540
583167
584056
583782
583538
583117
582563
583500
583255
584251
583627
582132
583544
582833
583218
583934
583134
583025
584091
583281
582586
583494
583356
582942
583856
583453
582792
583459
583185
583404
583419
582966
582232
582851
583263
583448
583172
583827
584105
583196
583046
583380
584037
583534
582819
583856
582848
582781
582431
583088
583576
583653
583624
583177
582851
583747
583270
583114
583560
584508
582654
583322
583518
583203
584702
583914
583700
583558
583358
583844
583337
583183
582941
584094
583295
584061
582716
582651
583641
583287
583539
584117
583940
583695
581933
583156
583433
583217
583594
583739
583755
583760
583046
583932
582625
583490
583429
582580
583304
583731
583186
583034
583367
582701
583396
582955
582955
583579
582767
582866
584507
583934
583015
582917
583194
583930
582807
583476
584008
583399
583187
582577
582985
583202
584549
583439
583411
583146
583166
583656
583640
584322
583859
582477
583783
583463
582502
584160
582726
582989
583186
583256
583618
583191
583634
583386
583117
583514
584736
582825
583382
582737
583579
583655
584213
583121
583513
582912
582510
583779
583135
583674
583407
582733
581984
583497
584047
582939
583521
583304
583348
582477
582862
584406
582742
583672
583355
583431
583563
584080
584039
582702
583838
582376
584346
583553
583450
583055
583964
583040
582973
584115
582670
582661
583197
583460
583382
584057
583270
583631
583717
583572
584024
583788
582751
583458
583365
583785
583593
582586
583407
583685
583326
583493
583304
583248
583890
583507
582976
583370
583180
583474
583261
582675
583639
582816
582609
583287
583261
583228
583118
583223
583194
583238
583938
582975
582429
583389
583686
583173
582678
584168
584175
583369
583308
583846
582672
583672
582674
583983
582857
582986
582942
583537
583417
583353
583688
582668
582606
582969
583528
583209
583772
583396
583481
583516
583779
583978
582811
583385
582916
583517
582570
583543
582673
583309
583791
583240
582607
583096
583140
584871
583689
582649
583692
583841
583236
583571
583453
583431
584256
583315
583025
582968
583347
582871
584085
584175
583489
582915
583713
583142
583687
582740
584555
583240
583431
582894
582728
583030
583416
583566
583105
583624
584619
583724
583874
583344
583222
583362
583527
582689
583456
582824
583278
583245
584077
582950
583522
583958
583264
583199
583336
582955
582992
582865
583572
583337
583665
582446
584152
582721
584361
583779
583466
582825
583132
583527
583484
583155
582947
583737
583086
583361
583498
583236
582905
582984
583426
583650
582484
583020
583248
583119
582248
583369
583613
583754
582696
583912
582636
583563
583263
583085
583144
581969
582792
582784
582820
582743
583650
582766
583657
583531
583317
583025
584101
582523
584139
583218
583234
583595
582249
583556
583672
583526
583072
583360
582950
582985
584063
583819
583153
583572
582962
584007
583492
583136
583563
583996
584410
583077
584124
583293
583325
583471
583151
583303
584303
583072
583923
583739
583106
584284
583373
583355
583911
584019
583893
583629
583131
583572
583564
584308
583642
583309
583217
583856
583099
583411
583253
583470
583342
583814
582703
583660
582931
583419
583781
582667
583337
584054
583021
582933
582604
583393
583646
582688
582660
582809
583802
582045
583091
583824
583529
582199
583590
583652
582375
583093
582727
584918
583092
582704
582957
583544
584001
583172
583219
583682
582938
583094
582992
583359
583896
583794
583257
583589
582961
583188
583967
582694
583429
584591
583544
583635
583452
583938
583017
583405
583110
583592
582817
582892
583998
583529
582557
582998
583144
582732
583449
582684
