299212
299455
299870
301023
299479
298829
300943
300134
300080
299896
299810
299716
299568
300208
299989
299045
299968
299255
299656
300585
300501
300113
299861
299925
300236
300015
299868
298952
299899
300409
300555
300068
300209
300233
299963
299650
300327
299844
299075
300097
300244
299396
299908
299611
300141
300174
299741
300090
299592
299312
300415
299870
300218
300108
300170
299968
299880
299833
299407
300420
300293
300292
299936
299882
300091
300509
299740
300438
299758
299951
300327
300294
299837
300127
300159
300138
299557
299674
299653
299935
300185
300116
299831
300777
299568
300606
299818
300570
299946
300707
299314
299308
299932
300208
300709
300984
300083
300597
300078
300155
300563
300034
299317
299744
299494
299678
300151
300068
300329
300156
300640
300592
300157
299594
300077
299780
299845
300186
300295
300343
299552
300153
299929
299442
299539
300062
300053
299203
299314
300285
299742
299806
300453
299489
300443
300174
299491
300845
300160
299752
300258
300371
300335
299748
299784
300270
300044
300137
300102
298975
299410
299615
300165
300805
299958
299653
300799
298940
299998
299787
300027
300648
299869
300816
300224
301346
301040
300515
299812
300239
299869
299908
299581
299519
300183
300595
299703
300543
300009
299162
300206
299883
300041
299886
300323
299959
300433
299960
299835
299139
300483
299708
299958
300435
299449
300066
299803
299834
299494
300042
299756
299747
300808
299865
300437
299875
299611
299071
299882
300324
299347
300516
301173
300273
299528
299781
299416
299124
299391
299721
299730
299050
299382
299774
299525
299959
299332
299120
300608
300403
299671
299888
299883
299810
300127
300096
300240
300339
299869
299711
300392
299907
299926
300106
300310
299339
299848
300379
300406
299720
300698
300181
300319
300116
300118
299241
299889
300604
299770
299340
300750
300068
300369
300643
300138
299749
300262
300117
300558
299521
300792
299690
299506
299284
300121
300274
300475
299731
300074
300402
300106
300776
300057
300795
300470
299978
300109
300436
300508
299739
299906
300496
299687
299461
299622
300717
299969
299979
300358
299597
299979
300443
299501
299226
300350
299624
300420
299371
299625
299292
300045
300550
299929
300013
299584
301246
300058
300038
299527
298859
299531
299975
300460
299707
299672
299636
299689
300266
299891
298505
300481
300998
299528
301055
300852
299403
300419
299162
300756
299724
299718
299811
299981
300789
300629
299449
299575
300020
300163
299234
299448
300241
299507
300324
300318
300276
300317
299652
300131
299834
300217
299427
300131
300719
300010
299978
299727
300579
300224
299691
299972
299468
299900
299789
300087
300023
299803
299772
299490
300033
299326
300786
300193
300037
300223
300042
300397
300741
300244
300103
300633
300498
300040
300184
300110
300206
299240
299612
300310
300085
299838
300078
300302
300626
299470
299655
300225
300543
300999
300280
299733
299949
300536
300165
300261
300109
299898
299818
299698
300557
300996
300011
299739
299395
300734
299958
299620
300019
299843
300560
301014
301267
299338
300759
299361
299678
299697
299895
300251
299631
299912
299953
300176
299962
300318
300113
299397
300096
299736
301030
299450
300379
300683
299597
299411
300094
299487
300064
299511
300341
300141
299532
299555
299591
300122
300350
300007
300886
299329
299952
299911
299471
300574
299242
299189
299030
299849
299791
299523
300031
300223
299943
300521
299381
300081
299856
300120
300038
299805
299911
299460
300028
299297
301265
299773
300267
300051
301167
299199
299924
300068
299746
299764
300176
300368
299077
300939
300064
299790
300434
300225
300068
299958
299764
300964
299548
300689
300016
299830
300118
300192
300390
300310
300137
300535
300163
299936
300110
299832
300097
299650
300483
300891
299430
300296
299787
299952
300573
300319
299683
300303
299922
300366
300378
300597
300166
299570
300250
299462
300046
299171
300255
299320
300126
300278
299684
299623
299566
300543
300332
299219
299777
299379
300435
300448
299338
299786
300266
300164
299197
299642
300110
299075
299723
299467
300131
299528
299294
299639
300456
299688
299859
299846
299799
299649
300500
299485
299824
300012
299863
300081
299900
300864
300301
300109
299499
299809
299991
300857
299752
300526
299879
300135
299452
300666
300068
299607
299377
299823
300451
300164
300101
299625
299290
300730
299564
299178
300930
300050
299056
299519
300030
299959
299554
299623
300535
300420
300050
299718
300219
300462
299782
300226
300628
300285
299827
300676
299865
299635
300139
300613
300064
301009
300880
299944
301106
300382
299205
299812
300286
300614
299900
300287
300235
299755
301036
300058
299959
300287
299501
299972
299859
299315
299952
300012
299974
299783
300154
299799
300080
300331
300579
300447
299471
299900
300328
300097
300242
298967
299879
300470
299070
299909
299007
300280
300679
300802
299397
300123
300147
300167
298958
300251
300373
300434
299547
300266
300054
300174
299773
300329
300173
300088
299946
299643
300762
300599
300195
299563
300562
300150
299948
299744
299469
299570
300021
299585
299554
300287
299575
299372
299814
299587
299397
299902
299482
300040
300190
299395
300546
299900
300071
299967
300786
298798
300257
300361
299746
299092
299766
300232
300094
299904
299828
300387
299617
300285
300312
300219
300228
300463
300675
299507
300234
299622
300645
300443
300686
300845
300358
299958
299276
298025
299735
299573
299471
299458
300186
300090
299927
299450
299941
300593
300618
299994
300365
300093
300597
300083
300023
299817
300036
298849
299872
299319
299829
299895
300220
300490
299646
299560
300136
300091
300729
300578
299741
299847
300386
299955
300009
299783
299646
300503
300183
300566
299401
299790
300010
299526
299770
299405
299319
300453
299806
300200
299615
300009
299818
300154
300076
300255
301149
299901
300027
300753
300390
300512
299935
299557
299997
299872
300036
299700
299202
299775
299750
300157
299341
299867
299854
299919
299836
299265
299752
300667
300471
300165
299597
300682
300134
300060
300097
299706
298857
299998
300280
300262
300089
300160
301447
301075
299669
300283
300284
299853
300230
300445
300217
300067
299696
300893
300222
299895
300089
300120
300227
299374
300045
300096
298935
298916
299316
298914
299499
300447
299862
300082
299713
299916
299784
299787
299701
299660
299716
300606
300126
300262
299854
300036
300596
299765
300861
299632
299926
300243
299638
298974
299585
300030
299894
299595
300197
299685
299393
300150
299854
299939
300528
299705
299519
300170
299385
300260
299886
300292
299568
300245
299553
300493
299499
299600
299648
300208
299870
299502
299646
301321
300006
300141
299820
300091
299863
299909
299946
299755
300810
299368
299524
300102
300007
299164
300026
300176
299748
299312
300480
299860
299889
300089
299487
300145
300141
299443
300140
299926
300216
300023
300299
300145
299755
300147
300632
299582
300205
299830
300142
300343
300285
299956
300019
300075
299773
299327
300190
300267
299509
299570
300207
299343
299571
299674
300323
300363
300140
300222
299084
299639
300629
298583
299773
