400023
399908
400155
399654
399558
399663
399945
399873
400270
400003
399578
401036
400370
400447
400638
400865
400644
400725
400464
399771
399415
399629
399125
399929
400806
400384
400042
399990
399835
400736
400695
400036
399534
400316
400713
399893
400514
399215
400474
400181
399852
399577
399840
399607
400371
399596
400299
400768
400826
399607
399887
400058
400440
399917
399841
399572
400510
400045
400119
400534
399638
399659
399960
400550
400637
399929
399759
399632
399574
399502
399922
400151
399440
399485
399628
399883
399647
399519
400217
400026
400181
399722
399718
398665
401014
400877
399908
399093
399846
400217
400175
399609
400001
400324
400325
400257
399704
400110
399509
400352
399302
400201
399876
399861
399367
400331
399026
399919
400482
400067
400586
400326
400837
399928
399818
398879
399544
400606
399674
399413
399816
399879
400632
398958
400600
400740
400008
400009
400036
399582
400065
399854
399829
400710
400051
400523
400695
399737
399519
400373
398856
399944
400407
399834
399450
399275
399821
401008
399921
399674
401275
400136
399362
401821
399613
399363
399380
400088
400694
399363
400126
399089
400267
399525
399530
399859
400620
399923
400051
399544
400858
399335
400459
400446
400235
399678
400373
400041
398748
399104
399685
400204
400392
400613
399637
400175
400560
400513
399584
400012
401062
399498
400581
400172
400397
400341
400118
399859
399118
399664
399971
400074
399949
399866
400270
400206
398994
401128
399912
399610
400564
399641
400267
399945
399889
399354
400220
399569
400009
399832
400605
400632
400640
398962
400518
399679
400231
400709
400087
399748
399754
400286
399675
400067
399995
400167
399869
400332
400232
399430
399609
399775
399846
399787
399719
399338
399498
399675
400110
400513
399693
400608
399949
400002
398653
399441
400264
399622
399461
400428
400010
399272
400110
399370
399409
399737
400020
400886
399402
400226
399838
400636
399451
399784
400062
400427
400125
399584
399635
399514
399904
399745
399818
400401
399885
400762
400402
399624
400568
400214
400057
399402
399357
399861
400415
400208
399669
400792
399499
400071
400137
399956
400060
400328
399461
400098
400086
400222
400030
400264
400198
399841
399783
399472
400356
400198
400137
399597
399779
400576
400194
399937
400382
399800
400678
400880
399859
400566
400003
400150
400752
399330
400074
399784
399761
400093
399643
400337
400242
399915
399076
399536
399614
400539
400444
400688
400159
399567
400427
399416
399577
401375
400440
400370
399427
400441
399871
400330
400019
400792
400024
399769
400671
399659
400396
400608
400115
399777
400560
400447
400091
400779
399129
399199
400729
399868
399561
399227
400317
399833
399913
399997
399198
400021
399808
400722
400378
400029
400110
399998
401650
400774
399971
399825
399472
399774
399634
399924
399558
399908
400141
400199
400146
400122
399290
399531
398752
400215
400728
399535
399755
399396
399772
400250
401219
399938
400114
399884
399932
399759
401121
400422
399706
401035
400355
400659
401100
399929
399709
399272
400241
399939
398641
399507
399172
399224
400556
400405
400428
400368
399539
400968
399980
399926
400272
400083
399750
400447
399736
399380
399845
400582
400046
399315
399960
400325
400338
399523
400089
400223
400102
399431
400680
400437
399281
400049
399539
399948
398736
399426
400545
400262
400206
399596
399763
399804
400281
399791
400525
401117
399747
400369
400418
400543
400860
399818
401125
400055
400088
400506
399909
399950
400085
400315
400328
400805
400346
399740
400218
400494
400401
399567
400132
399650
399670
399979
400775
400565
400363
399495
401001
400281
399710
399957
400444
399734
399111
399373
400477
400762
401037
400660
400751
399945
399774
400136
400142
400488
399956
400149
399432
400117
400075
399557
399496
400393
400024
400241
399849
399960
400641
399231
399860
399979
400458
401077
399807
400255
400132
400580
400260
399990
400204
399343
400719
400318
400137
400914
399659
399084
400365
399659
400468
399983
400383
400190
399632
399191
400410
400652
399643
399436
399993
399212
400152
400360
399714
400376
400812
400265
399822
400170
400090
400794
400092
400142
399769
399580
399952
400541
400677
400977
399950
399131
399224
400463
399804
399346
399232
399969
399930
399849
399609
399579
400159
400797
399960
399739
400275
399639
399874
399410
400085
400526
399798
399954
400149
400433
399488
400280
399306
400318
399318
400901
399969
399932
400106
399477
399941
399819
400285
399242
399593
400516
399774
399744
400392
399434
400451
400041
399241
400048
399778
400365
399285
400699
400517
399661
399303
399312
400454
400108
398943
399845
399393
400151
400339
399812
400491
400615
400076
400084
400052
400094
399718
399665
400429
400678
400528
399908
399679
400107
400300
400045
400453
401220
400236
400334
400017
400472
400022
400166
400010
400373
399894
400796
400276
399647
399939
400244
400229
399825
400085
398577
401219
399100
401208
400035
400436
400067
399443
398717
400095
400080
399942
399024
398679
400468
400068
400017
399624
400501
400327
400104
399877
399615
400571
400338
399344
400477
400138
399888
400095
399103
400852
400486
400442
399933
400106
400496
400164
399597
399383
400129
400030
400558
400190
400921
399121
399523
400340
399755
400943
400259
400269
399873
400191
400483
400111
400508
400565
398894
400574
400590
399919
400182
400396
400282
400902
400379
400616
399393
400102
399294
399833
399545
400297
399088
400575
399590
400520
400878
399981
399964
400455
400752
400350
399648
400944
400451
400356
400475
399712
399752
399536
400329
400355
400418
398995
400917
399563
400607
399535
400703
400181
400269
399337
400508
400382
399680
400016
399966
400515
400031
400526
400912
400239
399299
400137
399660
399434
400160
400202
400506
400672
399789
400802
400516
399987
399746
400344
399928
400682
399916
398341
399827
399807
400196
399520
400662
400403
399410
400456
400037
399634
400046
400350
399896
400498
399651
399648
399749
400391
400340
401152
399921
399928
400334
400215
399699
399240
399473
400184
399786
400449
400051
399384
400349
400138
399928
400111
400469
399894
399942
400448
399449
400557
400607
400497
399353
399898
400309
400311
399937
400881
399987
400221
400307
399798
400074
399343
399562
399207
399815
399398
400134
398778
400275
399557
400014
400461
400156
400495
400052
399985
399928
399731
401002
400598
400813
399136
399938
399995
399942
400180
400549
399750
399756
400215
400038
399997
399887
399646
399095
399398
399691
399007
400009
399945
399639
399589
399668
399996
399917
399622
399907
400145
399475
400534
400770
400843
400158
399725
400347
400136
399781
399832
398929
399157
399220
400087
399583
399940
400894
400483
400241
399807
400152
399801
400189
401120
399825
400333
400680
399255
399786
400475
399819
400000
399821
399735
399948
398978
400213
400127
400388
400088
400473
399809
400781
400253
401100
399144
399797
399287
399606
400295
399761
399811
401120
399939
400452
400159
400067
400042
400480
399953
399863
399449
400429
400378
401032
400688
399290
399721
399678
400431
399347
399328
399621
