700374
700161
699681
699438
700334
699970
699525
699776
699530
700463
699814
700041
699573
699513
699840
700221
700317
700847
699711
699684
699630
699879
699489
700075
699495
700514
699517
700008
699058
700396
699786
700914
699666
700876
700448
699833
700060
699156
699551
699875
700368
699910
701060
700113
700186
699687
700210
700161
700075
699972
700154
699779
699895
700061
700735
699416
700342
700225
699702
699579
700344
699327
699799
700514
700350
700473
699082
699500
699373
700229
700417
699667
700108
699239
700137
700394
699214
700485
700269
699961
700024
700039
700195
700205
700000
700596
700289
700513
699850
700314
699834
699512
701145
699410
699965
699924
699969
699531
700117
699972
700362
699533
700007
699054
700657
700181
700217
700102
699929
700076
700128
701332
699933
700330
700405
699532
699742
699844
700692
700571
700751
700006
699715
700728
700239
699293
700682
699723
699611
700434
700217
699989
699325
701029
699746
700754
699794
700171
699025
699906
699662
700293
700667
700544
699356
699612
699807
700094
700099
699369
700280
700168
699881
700540
700060
699776
699661
700612
699707
700373
699843
700943
699760
699814
699852
699999
699986
700548
700085
700335
700269
699828
700429
700643
700046
699535
699523
699405
700612
700632
700425
699414
699592
699386
699685
700014
700467
699975
699963
700636
699900
700213
699668
699507
700126
700537
700197
700113
700414
700645
700717
699420
700918
700172
700637
699678
699836
699691
700137
700135
700107
700250
699954
699479
699882
700008
699425
699932
699778
699251
699985
700077
699371
700186
700271
700001
700178
700398
700024
698996
699876
700392
699865
700117
699816
700115
699066
698998
700133
699945
699441
699965
699918
699385
700759
700032
699735
699976
699426
700504
699593
700105
699607
699862
699210
700530
698987
700312
700915
700080
699958
700526
699697
700378
700166
700624
700070
699217
699889
699354
699228
699523
699843
700170
699783
699681
699683
700112
699330
700489
700070
699296
699622
699911
699519
699669
700040
699824
700161
700551
699775
700916
700625
700091
700731
699703
700792
699714
699557
699741
699187
700203
699586
699029
699600
701036
700046
701128
700377
701432
700425
700613
700205
699437
699944
699702
700442
699973
700587
700035
699848
699422
699324
700598
701079
700232
700119
699619
700106
699179
699768
700193
699757
700040
699723
700151
700038
700462
700328
699469
699437
700317
700378
700189
700084
700126
699538
700170
700335
699983
700281
700414
700298
700313
699797
699464
699872
699875
700424
699827
700122
700025
699833
699074
700621
700386
700591
700590
699968
700108
699757
700188
700316
700531
699706
699338
700129
699681
700294
700663
699477
699515
700370
700429
700652
700502
700258
701118
699893
699838
699277
700029
700101
698851
699912
700721
700031
699688
699769
699481
700045
699457
699546
699735
700010
700907
700214
700499
700069
699832
700425
699225
699569
699573
699913
699954
700202
699730
700543
699742
700559
700134
698571
699676
700730
699614
700559
699179
699406
700093
700422
699713
698828
700003
700137
699730
700815
700036
699596
700782
699302
699908
699871
700745
699237
700382
700719
700076
700350
699286
700137
700574
699918
699819
699929
699599
699469
700057
700199
699855
700582
699559
700230
700307
700275
700393
700099
700141
700069
700225
699234
700296
701079
700543
700812
700209
700759
699594
700410
699800
699714
700793
700250
699895
700412
700159
700737
699535
700613
699953
699212
700337
699591
700027
699676
699900
699270
700081
700339
700026
699481
699809
700133
699480
700458
700725
699744
699080
700243
699682
699975
700254
700068
699806
699700
700433
700297
700101
700357
700071
699723
700763
700207
700154
700257
699894
700220
699885
699871
699501
700066
700635
699700
700121
699814
700389
700167
700256
700719
700237
700345
699628
700047
699839
699826
699809
699726
699481
700131
700121
699967
700279
699591
700579
700641
699694
700364
700820
699904
700581
700029
699664
699999
699650
700048
699858
699635
699731
700855
699777
700545
699668
700093
700393
699862
700472
699990
699438
700805
700300
700438
700304
699778
700049
700218
699813
699834
699716
699651
699578
700205
699734
699942
700927
700081
699540
700225
699848
700155
700547
699694
699093
699725
699820
700182
699398
699766
700383
699322
699635
699861
699548
700036
699687
700322
700984
699796
699373
700470
700636
700518
700307
700698
700642
700286
700323
699848
699685
699940
699372
699560
700440
699983
699730
700099
700152
700218
700230
700018
699471
700613
700413
700221
699887
699945
700037
699226
700697
700414
699747
699652
701121
699842
700004
700324
700157
699894
699790
699951
700045
699825
699768
700092
699455
699172
699914
700035
700213
699845
700055
700727
699818
699990
700584
700394
700839
699251
700265
700028
699322
699897
699395
699913
699533
700625
700300
699842
699981
700464
700424
699218
699497
700306
699674
700101
700001
700059
700465
699842
700638
700124
700367
699981
700417
700077
699390
700570
700401
699960
700225
700133
700331
700070
699482
700161
700455
700934
700509
699721
699364
699517
699749
700383
700014
699591
700695
700099
699874
700320
700163
700366
700025
699840
700388
700253
700421
699203
699298
700085
699778
700151
699802
700449
699958
700122
700043
699580
699377
699846
700650
699849
700017
700236
699636
699544
699832
700277
700334
699394
699931
700532
699845
699496
700655
699967
699601
699451
700231
699456
700123
699525
699965
700421
699838
700443
700063
700656
700010
699596
700546
699865
699382
700690
700103
699240
699987
700169
699919
700210
700222
700528
699548
699598
699948
700924
700311
701012
699844
700240
699582
699427
700024
699152
700683
699641
699903
700079
699945
700244
700287
699395
699823
700313
700105
699880
700206
700331
699825
699313
700462
699600
700655
699917
700271
700072
700603
699958
699520
699948
700046
699442
699963
700041
699683
699636
700098
699526
699611
699777
699677
700871
699691
700268
699026
700012
699661
700388
699302
698938
700807
699119
700045
700167
701304
699701
700163
699901
700232
699787
700271
700805
700690
699499
699782
700729
701053
699368
700255
699915
700372
699547
699246
700732
699718
700187
699841
700288
699946
700272
699789
700424
699946
700189
699158
699119
700402
699772
699681
700072
699987
700055
700428
699699
700567
699901
700531
699914
700101
699563
699881
700643
700109
700310
700451
699879
699220
700093
699744
699973
699571
700377
699731
699817
701025
700554
700387
700259
700746
700547
699841
700391
699898
700314
699580
699234
700322
700040
699431
699752
699901
700220
700462
700285
700323
699710
699287
699524
699807
700784
701100
700157
700647
699760
700567
699721
700432
701028
699160
699393
700222
699906
700028
700237
699723
700069
700212
700269
699959
700167
699730
700059
699710
700458
699831
700429
700408
699956
699928
699924
699847
700179
700273
699781
700774
700551
699975
700087
700015
699315
700637
699522
699786
699619
699784
699967
699730
699741
700057
699267
699984
699753
700617
699762
700907
699828
699837
700061
699621
700939
699755
