601129
599156
600350
600329
600728
600486
600223
599654
600249
599705
599577
600557
600363
600518
600851
599937
599995
600894
599859
600743
599909
599066
600300
600585
600105
600368
600260
601312
600306
600030
598755
600394
600356
599645
599649
600361
600453
599627
599982
600224
599929
599263
599966
600022
599054
600349
599909
599402
600011
599762
600121
600134
599441
599893
600478
599809
599396
600195
600472
600168
599724
599948
600286
600039
600089
599752
599840
599983
600311
600369
600789
600226
599764
599918
599911
599084
599105
600291
600617
600479
599602
600071
600697
600061
599829
599454
600063
599931
600323
599937
599939
600584
599910
599377
599614
599910
599901
600133
599978
600250
599245
599881
600060
600262
600311
599827
599400
599953
599902
600361
599775
600015
599264
599699
600457
600259
600316
599584
599793
599722
599520
600609
600270
599696
600019
599723
599998
599719
599983
600026
599848
601083
600191
600401
599965
600594
600224
599821
600062
599997
599853
600660
600245
599986
600299
599040
599793
600939
599300
600197
600756
600513
599498
600618
600382
600474
599991
599811
599680
600196
599767
599128
600579
600316
600259
600025
600133
600005
600386
600120
600575
599433
600328
599695
600254
599451
599951
599570
600165
599546
600309
600485
600773
599076
599944
600179
600060
599876
600515
599643
600012
599492
601073
599798
600385
599692
600245
598897
600190
600219
598883
600819
600426
600283
600393
600295
600476
599761
600212
600383
600150
599639
600773
599211
600213
600224
599796
599541
599878
600525
600111
599982
599679
599178
599655
600311
599554
600525
600124
599449
600136
599722
600124
599639
599275
600099
599992
600537
598963
599641
600113
599540
600698
599462
600380
600008
599981
599814
600051
600398
600346
599924
601049
600605
600599
600176
599171
600031
600533
600483
600407
600837
599228
599723
600165
600643
600792
600055
599960
599798
599509
601095
599326
599086
601577
599678
599892
600226
599430
599530
599703
600504
600481
599395
600588
599979
600810
600604
600239
599746
600035
599879
600037
600480
599665
600224
600303
599433
599695
600243
600085
600602
600544
599515
600000
599830
600398
599639
598792
599724
600191
600005
599882
600130
599886
599914
600342
600091
598955
599108
600215
599855
599869
600115
600398
600078
600047
598460
599976
600439
599801
598866
599846
600437
600682
600089
599747
599231
599784
599833
600237
599997
599059
599866
600292
600218
599965
599890
600114
599853
599904
599447
600332
599568
600360
599603
600416
600186
599848
600315
599436
599867
599229
599022
599679
599580
600211
600391
600726
600937
599611
600268
600382
599444
599865
599245
601136
600350
599356
599943
599699
600630
600584
599864
599450
599970
599689
601131
599713
599490
600114
600490
599853
600100
600125
600445
600555
600293
600660
599999
600192
599681
598887
600025
600304
599178
599659
599889
599947
600492
599881
599849
599730
599536
600211
600068
600095
600121
600906
599595
600794
600075
599764
600260
600108
600331
599955
600019
600129
599309
599701
600797
599859
599530
598640
600490
599713
599915
600532
601014
599928
599922
600026
600085
599295
598952
600237
600464
600661
600092
599964
599793
600609
600066
600018
599997
599546
599648
599441
599592
599822
600202
599799
600684
600216
600385
600337
600918
600714
599987
599943
599918
599930
600211
598383
600150
599015
599708
600055
599737
599656
600213
600516
598969
600099
600281
600562
600618
600099
599148
599326
599769
600007
600592
599997
600086
600911
600411
599666
599392
599807
599079
599813
600216
600137
600092
600471
600220
600282
599349
600142
599848
599214
599982
599657
600010
600337
601211
600728
600244
599430
599619
600241
600057
600302
600451
599723
600089
600089
599712
599952
600039
599499
600311
599557
600064
600064
601068
599375
599944
601245
601277
599715
598888
600177
600275
599928
599655
599656
600432
600166
600243
600017
599766
600813
599919
600504
599790
600297
599960
600556
599162
599882
600294
600134
599737
600764
599658
600142
600159
599275
600792
600449
601049
599796
600379
600732
599187
600828
599610
600696
600711
600143
599194
600126
600082
598758
599861
600107
599622
600020
599438
600942
599563
599585
600199
600918
600457
600277
599772
600183
601088
600315
599202
599517
599042
599733
599900
599590
600530
599733
599603
600221
599829
599575
600356
600764
599537
600001
600506
600180
599856
600131
600366
600814
600505
600038
599983
599874
599726
599964
599677
600727
599636
599634
599496
600181
599713
599741
599894
599986
599859
599947
599227
600145
600208
599003
599568
599865
600586
599743
600034
600265
599778
600381
600446
599642
600087
600685
600493
599897
599974
600388
599881
600030
600433
600628
600018
600508
599034
599691
600040
600182
600345
600002
600584
599464
600541
599998
598983
599700
599907
600133
600219
599585
599521
599323
599547
599348
600524
600132
600392
600003
600428
599331
600453
600221
600549
600755
600863
599504
600283
599799
599757
600024
599850
599951
600370
600348
599137
598780
599869
599877
599795
599429
600243
599971
600063
599931
599667
600149
600442
599504
599573
600467
599738
600114
599999
600037
600129
599640
600297
599488
600388
599817
600507
599420
601020
600783
599966
598981
599753
598984
600386
600648
600546
599180
600120
600059
599420
599615
599417
599899
600180
600203
599483
599536
600329
600044
600607
600232
600205
600992
599706
599282
599859
599560
599779
600017
600352
600017
599018
600325
600532
600007
600396
600584
600263
599682
600778
599913
598790
599626
600398
599204
599500
599886
600013
599621
600286
600509
600654
600090
600045
599737
599729
600174
599548
600337
599888
599848
599126
600473
600103
599989
599847
599592
599300
599869
599987
599937
599530
600332
599597
599916
599360
599867
599706
600033
600274
599145
600175
600973
600582
599491
600184
599061
600665
600999
600289
600542
600301
600019
600158
600584
600366
600606
600323
599908
600266
599642
599054
600830
599375
599749
599974
600519
599866
600006
599579
599413
599929
599087
600478
600539
599815
600264
599904
600066
600136
599569
599723
598978
599580
599313
599775
600361
600334
599559
599990
598606
599669
600224
599896
599442
600234
599387
600045
600494
600922
600037
600115
599886
600509
599732
600126
599892
600866
599848
600100
600284
600081
599978
599408
599256
599733
600145
599631
599387
600176
599825
599986
600744
599720
600198
599861
599478
599258
599802
600505
599838
600873
600255
600013
600495
600175
599660
599265
599684
599955
600421
600191
600313
600522
599985
600429
600012
599789
600892
599581
600279
598948
599414
600191
599957
599714
599818
599745
599565
599545
599345
599558
600087
600094
599909
599708
600285
600632
599408
599995
599913
600138
600329
599746
599832
600420
600808
600093
600042
599574
600114
599989
599968
599833
600270
599362
599633
599520
599794
598922
600506
600376
599660
600761
599795
600486
599818
600125
599929
600708
599924
599971
598478
600642
599065
599862
600054
600045
599920
600097
599777
599487
599830
600439
600642
599967
600391
600165
600684
599785
