2498900
2498255
2498996
2498011
2501211
2499609
2500037
2499545
2501121
2500470
2500093
2500357
2500992
2498608
2496946
2500140
2499306
2500562
2501065
2498796
2500048
2498775
2503528
2499281
2500420
2498493
2500518
2499828
2499789
2500106
2498603
2498484
2502190
2499106
2501533
2497266
2501505
2497299
2500786
2498386
2500885
2497383
2502070
2499373
2501437
2499352
2497328
2499448
2499984
2497172
2500634
2498823
2499676
2500108
2501373
2499378
2500101
2501543
2499358
2499252
2498879
2501812
2499126
2500504
2496690
2497783
2499367
2498016
2500282
2498276
2499436
2500247
2499659
2498659
2498350
2499890
2498962
2500959
2499064
2498848
2499122
2498344
2501845
2501155
2500754
2499596
2497643
2498328
2501261
2500719
2500731
2501165
2499983
2501595
2502834
2503151
2499114
2502529
2500206
2501099
2503787
2500834
2498925
2504225
2500270
2502851
2502735
2502914
2502561
2499959
2501675
2502522
2501558
2502523
2499345
2498616
2501148
2500157
2504132
2501527
2501826
2500919
2501531
2500834
2499018
2499038
2499778
2502503
2499110
2502313
2503361
2501654
2498257
2499846
2498999
2499231
2497198
2498206
2500289
2499344
2501280
2499704
2500092
2497709
2501264
2499406
2499824
2499769
2499014
2498223
2502804
2498250
2499848
2499907
2497982
2501405
2502858
2504123
2500300
2502460
2502839
2502485
2498261
2500910
2499708
2505565
2501469
2499804
2500796
2500501
2503019
2503776
2500832
2500318
2501120
2501881
2502187
2501408
2499461
2501983
2500231
2502342
2501066
2501340
2501925
2502751
2502619
2502690
2500882
2501037
2501755
2502526
2501459
2501556
2502544
2500574
2502659
2504162
2501446
2501092
2502174
2503020
2501755
2500312
2501643
2501221
2502697
2502699
2502683
2504304
2502119
2502078
2504435
2499753
2502320
2499095
2500267
2499847
2500250
2496932
2499550
2497006
2499251
2497963
2501117
2500780
2500328
2499159
2501424
2498026
2500559
2499463
2501267
2500224
2499552
2500737
2498106
2499531
2499980
2498700
2497912
2497904
2498150
2499704
2498284
2498138
2499191
2497787
2498918
2498949
2497610
2497848
2502655
2502712
2499081
2499681
2500193
2502634
2503185
2502596
2499027
2499852
2498626
2499145
2502973
2497979
2501200
2501972
2501028
2499928
2499250
2497427
2498894
2498838
2500514
2500365
2497482
2497972
2499132
2497748
2500147
2500949
2500102
2498771
2500770
2498042
2500567
2499632
2500814
2499748
2498866
2497556
2500558
2500692
2500260
2500458
2498859
2500781
2499770
2499359
2498067
2500065
2499439
2497716
2500801
2500879
2497939
2500739
2501165
2501289
2497450
2499309
2502431
2500528
2497706
2499773
2502084
2498267
2500351
2500405
2498247
2498551
2499170
2498719
2500367
2500226
2502782
2500542
2500571
2499750
2500544
2501448
2499615
2500389
2501056
2499052
2499111
2499641
2498759
2497065
2500565
2499485
2500610
2500640
2500293
2499402
2498869
2499465
2499990
2496635
2500151
2501296
2497364
2500151
2497534
2498776
2498082
2499270
2498792
2500826
2499852
2500644
2498224
2499724
2499758
2499495
2500046
2500367
2498912
2499133
2500516
2499611
2501365
2500892
2499510
2500826
2501551
2497991
2499414
2498154
2499938
2500978
2502128
2500751
2503776
2500034
2499953
2503113
2502274
2501611
2501784
2498979
2500242
2500750
2503448
2500852
2499971
2502153
2498847
2501210
2503169
2499235
2501306
2502831
2499155
2501546
2501099
2500179
2499498
2499969
2499932
2499022
2499514
2499409
2500375
2500665
2501115
2500962
2499523
2502892
2500977
2501082
2501863
2499139
2499897
2500381
2499779
2497275
2499817
2500256
2498496
2499536
2501651
2499322
2503049
2501442
2501451
2501598
2499563
2500595
2500146
2500412
2500579
2501419
2499935
2500119
2498829
2502341
2499514
2501917
2499836
2501114
2499904
2499558
2502864
2500315
2497556
2500534
2498570
2499863
2500801
2500848
2501180
2497177
2500739
2499875
2499642
2501214
2500603
2499634
2500052
2499332
2500873
2502101
2501434
2498976
2500044
2501470
2502354
2501881
2498898
2498541
2499185
2501155
2501172
2499015
2501816
2499591
2500378
2501021
2500803
2498550
2502240
2500101
2502489
2500536
2502180
2501057
2502840
2504062
2502591
2500288
2501649
2501599
2501154
2502164
2501351
2499983
2501041
2501755
2501364
2501132
2502024
2503099
2501673
2502640
2499958
2500334
2502171
2499749
2501344
2500811
2500566
2501672
2503262
2500831
2502330
2498842
2502047
2500710
2501816
2501142
2497950
2503044
2500382
2498983
2501405
2500804
2504609
2503278
2501168
2504097
2500834
2500502
2501234
2501918
2501877
2502165
2498976
2501179
2499908
2500825
2499956
2500120
2501120
2500617
2500783
2502003
2499919
2502617
2499343
2500817
2499569
2499159
2500824
2502456
2500832
2499375
2498657
2500322
2500931
2500309
2500671
2500004
2501491
2498488
2498037
2501328
2498871
2500794
2501068
2499847
2500560
2499082
2501908
2500780
2500256
2497138
2502564
2503079
2501071
2497824
2499870
2500807
2499470
2501995
2500670
2500409
2503422
2502962
2498096
2501138
2500716
2501212
2498836
2498804
2498208
2500048
2500179
2502561
2498988
2501260
2500235
2499456
2500159
2500939
2502492
2502870
2500632
2498880
2499152
2500370
2496305
2500157
2496917
2499168
2499431
2498059
2498265
2500623
2499544
2500109
2499625
2499956
2500286
2501007
2501499
2500929
2499631
2500630
2501615
2498930
2498495
2500980
2499352
2500498
2500460
2498236
2500164
2499127
2498859
2500581
2501620
2502281
2501014
2499128
2501884
2503637
2502053
2503182
2502372
2501364
2502276
2500823
2502465
2500616
2499739
2500811
2502054
2503253
2501768
2501743
2502357
2503416
2500116
2499635
2500168
2502048
2501406
2500302
2502118
2502139
2498772
2499839
2500867
2500576
2501323
2499335
2501159
2499286
2499414
2498751
2500226
2499727
2500023
2498877
2499057
2498341
2499863
2499704
2498548
2500122
2497764
2500750
2497953
2500011
2501802
2500033
2501004
2502284
2499076
2501545
2500685
2500854
2500735
2502782
2503733
2501191
2501807
2500106
2503264
2502009
2500967
2499822
2500803
2498890
2500177
2498726
2502983
2503951
2501157
2500572
2501370
2500903
2500518
2499580
2502342
2501600
2501427
2503793
2501396
2501902
2503299
2502785
2499688
2499801
2499492
2500146
2498838
2496904
2499308
2499361
2499079
2500783
2501153
2500590
2499407
2499150
2498773
2497026
2499589
2498437
2497501
2499842
2498703
2495393
2499239
2498367
2497300
2499884
2498071
2498933
2500196
2500333
2500102
2501247
2501692
2498331
2499188
2499871
2500550
2499896
2499498
2500468
2502110
2502714
2500529
2499804
2500025
2501381
2498863
2497831
2501363
2500821
2497528
2498482
2499511
2500225
2501257
2497684
2499054
2499885
2498236
2502750
2498058
2501542
2500453
2499697
2500828
2500155
2497968
2499775
2497888
2499185
2499201
2498004
2501072
2498718
2500804
2501416
2500361
2496255
2498320
2499871
2499372
2499522
2501258
2498530
2499125
2497840
2497075
2499672
2498403
2500200
2500447
2500081
2498686
2497113
2500063
2501820
2500423
2499086
2499875
2500159
2501379
2499481
2498326
2499511
2497332
2500766
2500214
2500334
2501700
2500285
2500071
2499956
2499671
2501347
2499880
2500246
2500163
2501481
2499404
2499143
2497312
2500473
2502335
2497755
2498900
2499162
2500865
2499234
2499247
2499221
2500805
2500533
2499940
2500977
2498653
2498585
2497982
2496977
2500566
2496780
2498825
2500747
2498279
2498185
2499030
2498129
2499175
2499469
2499213
2499779
2499297
2498882
2499929
2498269
2500838
2498345
2500486
2499317
2500227
2501195
2500876
2501627
2498487
2498029
2500791
2498605
2500450
2498277
2499638
2497785
2501499
2500073
2500851
2500764
2498665
2499014
2500567
2502285
2498004
2499593
2499611
2500160
2499643
2500694
2496220
2499382
2499239
2499336
2502105
2500649
2499707
2499818
2501415
2500993
2502542
2500202
2499165
2503039
2499916
2497476
2498928
2502834
2500467
2500006
2498696
2498542
2496150
2501739
2502578
2499243
2498556
2499946
2501541
2497657
2499488
2500046
2500668
2499972
2501045
2499653
2500444
2499357
2500951
2499154
2499397
2500910
2500407
2501117
2501700
2496849
2500524
2499060
2499192
2499733
2500652
2501632
2500071
2498743
2499605
2499781
2499189
2499876
2499745
2500753
2501343
2498969
2499753
2499213
2499395
2499036
2498301
2500117
2498482
2501108
2498911
2501300
