3750252
3749918
3753807
3749542
3750547
3748493
3750260
3750551
3750994
3750424
3749893
3749897
3751153
3746846
3750115
3749432
3752821
3752120
3751964
3750776
3750503
3748522
3747974
3750209
3751124
3752135
3749873
3749183
3748951
3752594
3748192
3748591
3752154
3753446
3751382
3748911
3749799
3747843
3750947
3748356
3750350
3751319
3752773
3747766
3752989
3751520
3751940
3750177
3751673
3750490
3749309
3749592
3749192
3751096
3751906
3753173
3751154
3750439
3751313
3749763
3752290
3750678
3748645
3750080
3753274
3751433
3749893
3750292
3749680
3752249
3751327
3749385
3749091
3751028
3749894
3748979
3749952
3752166
3752369
3748696
3752006
3750799
3749061
3750361
3751498
3750595
3746709
3748296
3750275
3753808
3751456
3752906
3751579
3752216
3750618
3751004
3752251
3751633
3752732
3751407
3753789
3751636
3752567
3752409
3752980
3753547
3748578
3751493
3751131
3752215
3752178
3749999
3752398
3752714
3753534
3749692
3751784
3752177
3750655
3751901
3751704
3754592
3753697
3750640
3751928
3750777
3751526
3750170
3751252
3747787
3751307
3748110
3750800
3751851
3752073
3749902
3749625
3752445
3751934
3753336
3750516
3751208
3752835
3749664
3751623
3750012
3751412
3749970
3750724
3748893
3750729
3750946
3751619
3750834
3747986
3752238
3752285
3749225
3752671
3753458
3750704
3752946
3749247
3751922
3752016
3753322
3752095
3752424
3754309
3753580
3750320
3750361
3751321
3750734
3749782
3749010
3753930
3751644
3755268
3753655
3753532
3750724
3750754
3751481
3752280
3753871
3753255
3753243
3749911
3754396
3752530
3755834
3752509
3750976
3751675
3748808
3754819
3748179
3751616
3751127
3752939
3753437
3749800
3751977
3755103
3751930
3752554
3752918
3751112
3753233
3753056
3753076
3749130
3750442
3751874
3753046
3754210
3749398
3753630
3749940
3750967
3750680
3751438
3750221
3749938
3749688
3748923
3750182
3752467
3750198
3748825
3752917
3752809
3749522
3753062
3751754
3752935
3752804
3750794
3752401
3751313
3749660
3750756
3751360
3752636
3749627
3749956
3747421
3750524
3752779
3750360
3752089
3750524
3750110
3750657
3752016
3750906
3748512
3751416
3749804
3751809
3750317
3750152
3750901
3749042
3751590
3749895
3752021
3753346
3746967
3750028
3750999
3750029
3748648
3751744
3750269
3751679
3750336
3749656
3752208
3751574
3751176
3751818
3752024
3753192
3749757
3750536
3752480
3748612
3753538
3751257
3752507
3748264
3749834
3748991
3749425
3750995
3748564
3748868
3751316
3750599
3748537
3751241
3749770
3750283
3750338
3749298
3752288
3751189
3749552
3749956
3752111
3753075
3751108
3750801
3751554
3749826
3752873
3752144
3754790
3750910
3752329
3752715
3751956
3753963
3748886
3750191
3751235
3752161
3751605
3751697
3747620
3752018
3749294
3750834
3748230
3751870
3755309
3750582
3750872
3751161
3748814
3752960
3751319
3752041
3749500
3751227
3751168
3749302
3748826
3750929
3750960
3751135
3751070
3749402
3752821
3750796
3750298
3750763
3751844
3750530
3750863
3749739
3750451
3745895
3751050
3750509
3749922
3752696
3751148
3751214
3749568
3751102
3748642
3752693
3754555
3752946
3750537
3750864
3751091
3754987
3752527
3751380
3753386
3750162
3750481
3753792
3751928
3750311
3749176
3756319
3751790
3752252
3748556
3752674
3748644
3750479
3750683
3750926
3752536
3752467
3752716
3751554
3749625
3750070
3752563
3749286
3750349
3751568
3750451
3752708
3750442
3752849
3750776
3751042
3749689
3748532
3747846
3750907
3752752
3751099
3753110
3750957
3750164
3754859
3749200
3749144
3750915
3751480
3753199
3752894
3752570
3751146
3752351
3751043
3751354
3754656
3751935
3751186
3750421
3751845
3748986
3751255
3752503
3750363
3749198
3750293
3751639
3749524
3749514
3749936
3752796
3749109
3750536
3754749
3749070
3751252
3750120
3749559
3749601
3750606
3752170
3751205
3752250
3750396
3751971
3752280
3749959
3750179
3751138
3752128
3751287
3749433
3751371
3752573
3749661
3748343
3751233
3750500
3752452
3751232
3749203
3752372
3752479
3748471
3752388
3751974
3752027
3750964
3752598
3750194
3749927
3752385
3750502
3747414
3751659
3754094
3752478
3753385
3754195
3751910
3753639
3752145
3752462
3752505
3750878
3751691
3753167
3751282
3749995
3752716
3753960
3751143
3752521
3752244
3750450
3750637
3750935
3753488
3752105
3751923
3753542
3753424
3751568
3754246
3754887
3750007
3751979
3748655
3754005
3754562
3750176
3751846
3752240
3751337
3754132
3750448
3749799
3753342
3753181
3750583
3755047
3753297
3754374
3750431
3749634
3751850
3751152
3751752
3751100
3752009
3751743
3751318
3750823
3753259
3751992
3750142
3751285
3752605
3751204
3750560
3749926
3750431
3751926
3751621
3749345
3749319
3752207
3750532
3748350
3751978
3749711
3751132
3748874
3750505
3753633
3752030
3749553
3753903
3748997
3750168
3751485
3750912
3752667
3750907
3750674
3748656
3754121
3750490
3749408
3752430
3753410
3749354
3751477
3751840
3752381
3749316
3750906
3751279
3752979
3751889
3748981
3752208
3753082
3750344
3751518
3751751
3750932
3750899
3750551
3751797
3750946
3752124
3751525
3748908
3749044
3748594
3752782
3750014
3751798
3750280
3751136
3751619
3748836
3751137
3751515
3746748
3748933
3752318
3749602
3749768
3749626
3750051
3749736
3749420
3751876
3750258
3747464
3748366
3752546
3748564
3748116
3750785
3751012
3750427
3748355
3752868
3750364
3749349
3747963
3750053
3752523
3754287
3752501
3750236
3754412
3751169
3754131
3753900
3753854
3751169
3752487
3752656
3752497
3752864
3751067
3753992
3754541
3753663
3753379
3753346
3751931
3752643
3751810
3753223
3752518
3755418
3753860
3752157
3754068
3754582
3751634
3749530
3750878
3751368
3750334
3750822
3750417
3751416
3751049
3750476
3750830
3750459
3754586
3747939
3751718
3750671
3750152
3748406
3750445
3747462
3753253
3751152
3751209
3750849
3749879
3750769
3749024
3752722
3752201
3749990
3749995
3749088
3752757
3750830
3752668
3748776
3751063
3753494
3751878
3749841
3751657
3754131
3755044
3751527
3751984
3752594
3751813
3753705
3755273
3752308
3752307
3752723
3751083
3752914
3754914
3754975
3751185
3752816
3753157
3753178
3751614
3752372
3751912
3751503
3752620
3749478
3749237
3749888
3749081
3751124
3750497
3749536
3750517
3747839
3750476
3751534
3749984
3750458
3750211
3749854
3748083
3748780
3751167
3749418
3751131
3749409
3749125
3751331
3750550
3750624
3748438
3753247
3751759
3749842
3751500
3749435
3748762
3752590
3750785
3752560
3750378
3751519
3750582
3751223
3749459
3752045
3750899
3751544
3750852
3747262
3749499
3750418
3750856
3751697
3750298
3750219
3751139
3755873
3752517
3751355
3750318
3750137
3750637
3750425
3747963
3750616
3751284
3748793
3747748
3752066
3752665
3750544
3751460
3750603
3750889
3750571
3753863
3752583
3751157
3750520
3750970
3750679
3749113
3753411
3750985
3749951
3748612
3749051
3749539
3750039
3751474
3750030
3751087
3749475
3748439
3751591
3752493
3751260
3750575
3747996
3750143
3752176
3751958
3753667
3749717
3749095
3749266
3752665
3749331
3752486
3752417
3751855
3751052
3752093
3749254
3751596
3748930
3749970
3752983
3751421
3750257
3753889
3751719
3750266
3749321
3751039
3750416
3750576
3748810
3749774
3749153
3748002
3752145
3751156
3749728
3749640
3748039
3747628
3750553
3745008
3751026
3750317
3749868
3750156
3749822
3749325
3749446
3747097
3755134
3750393
3750421
3751545
3750903
3753823
3750344
3751010
3750931
3752675
3750661
3750831
3749932
3750663
3748742
3749908
3751829
3751036
3747935
3749269
3750057
3750168
3748423
3750432
3749791
3750427
3752237
3753535
3748748
3749477
3749814
3750549
3750257
3751213
3750449
3748093
3747718
3752651
3749509
3750092
3750666
3750326
3747376
3751746
3747135
3753039
3749651
3750195
3748710
3749013
3750455
3752657
3752131
3749791
3749815
3752390
3748062
3752334
3749029
3750689
3748666
3749668
3750456
3749138
3754895
3749907
3749626
3751255
3748966
3748471
3751690
3750620
3749364
3750539
3750764
3747691
3751474
3749459
3753293
3747472
3749906
3755006
3749871
3749160
3754912
3753618
3752206
3753685
3750115
3750972
3751332
3749600
3753638
3749778
3747343
3753752
3749165
3750923
3753915
3751081
3750847
3751099
3751344
3751097
3751262
3752935
3750452
3749119
3748621
3750615
3752583
