7501790
7500461
7498970
7498577
7500552
7499203
7500875
7500894
7499854
7500620
7500837
7500749
7500891
7499683
7501619
7499151
7501252
7497956
7499086
7498714
7499918
7498346
7498327
7500317
7496605
7497828
7496304
7500529
7498867
7500084
7497628
7498156
7502230
7498563
7499838
7500291
7500809
7501166
7500523
7497027
7499831
7501086
7500470
7496629
7497845
7498510
7501217
7497716
7498072
7499216
7497230
7500537
7499854
7500139
7498297
7500280
7497876
7498057
7501122
7499316
7500056
7501000
7501991
7500892
7501781
7499820
7499720
7501937
7501628
7500861
7501345
7501436
7501626
7501312
7499677
7500480
7499443
7501584
7499966
7500368
7498610
7501238
7502093
7500598
7501348
7499264
7500747
7498926
7499920
7501048
7501708
7500797
7501493
7500890
7500549
7502127
7502961
7502209
7502923
7502332
7501894
7500112
7503200
7497952
7503305
7501111
7500618
7500150
7502388
7501037
7499849
7499938
7501043
7500671
7497897
7501804
7505547
7500804
7502089
7502043
7503823
7498940
7503246
7500384
7499434
7500060
7497430
7498345
7499908
7501351
7501548
7499231
7497840
7500946
7498028
7498071
7500845
7500992
7497462
7498831
7497058
7501090
7500287
7498321
7499460
7501139
7499516
7499004
7499143
7501667
7497698
7499369
7499743
7499752
7499562
7500812
7500697
7503579
7502752
7498538
7505368
7501444
7505970
7502754
7500623
7500966
7502081
7500905
7500852
7500999
7503917
7501541
7503101
7501400
7502555
7501753
7502537
7502323
7498275
7502963
7504184
7500483
7500076
7501173
7501548
7502938
7501861
7503547
7500479
7500600
7503163
7500502
7501769
7500898
7500712
7501236
7503259
7502894
7498586
7503146
7501707
7502816
7502464
7499033
7501621
7503770
7503161
7502209
7503285
7502399
7502473
7499763
7503571
7500709
7501194
7500303
7501086
7499212
7500074
7499673
7497559
7499528
7500394
7499585
7500157
7499012
7501589
7498822
7498730
7498531
7499047
7499167
7500268
7499704
7500879
7500628
7500418
7499592
7500826
7502624
7499894
7499069
7500788
7501428
7499995
7497037
7500547
7499224
7498560
7500405
7499202
7500312
7502091
7500823
7500460
7498519
7499614
7500240
7501427
7500819
7500145
7498023
7497440
7500500
7499646
7498087
7500780
7499109
7500232
7498249
7499283
7499643
7498210
7499434
7500265
7498538
7499218
7498328
7500822
7499466
7498660
7502219
7499749
7498125
7498820
7501472
7499126
7499420
7498996
7500050
7499044
7499324
7499924
7500726
7496661
7499133
7499813
7500825
7499020
7502409
7498156
7499931
7498890
7499791
7499751
7501573
7498770
7500160
7497809
7499214
7498121
7500538
7502855
7499525
7498754
7500082
7499843
7501625
7499385
7500559
7501357
7499618
7500378
7500373
7500088
7500487
7500153
7498656
7500331
7499671
7498795
7500163
7498260
7501223
7498152
7499751
7499961
7500351
7502464
7501812
7500252
7503883
7499538
7500865
7499563
7500787
7499727
7501553
7499270
7498947
7499205
7499842
7498366
7502452
7499235
7497234
7498834
7501057
7500575
7500571
7500335
7499707
7498768
7500941
7498052
7500708
7498829
7498033
7500453
7498873
7498293
7497624
7500824
7501156
7499956
7502074
7499387
7501847
7500216
7502372
7500363
7501409
7501744
7502923
7502772
7499048
7501577
7500804
7501188
7501078
7498581
7501381
7499210
7500711
7499653
7500820
7501167
7500134
7497828
7501370
7500213
7500171
7500274
7498246
7499159
7499785
7502195
7501387
7498949
7501100
7499750
7498193
7500189
7500729
7499186
7501376
7499465
7499922
7500110
7497820
7500414
7496853
7500104
7501631
7498305
7499825
7500937
7500769
7501025
7501944
7499506
7500631
7500280
7500702
7501141
7501695
7500003
7499915
7499353
7501380
7500547
7499850
7500929
7500943
7499094
7503298
7499754
7500110
7500451
7499927
7500335
7499562
7499812
7500429
7503656
7501852
7499659
7501764
7497605
7497528
7499625
7501046
7499475
7504100
7499339
7500947
7501522
7500674
7500481
7498866
7499307
7500310
7497945
7502255
7498031
7499921
7500740
7501722
7500201
7499159
7498653
7499781
7502339
7500164
7500187
7497673
7498953
7500672
7499109
7500627
7499124
7500469
7499801
7499485
7498874
7498243
7497596
7502836
7500350
7502179
7499736
7503244
7501559
7503545
7502669
7502378
7501318
7502644
7501070
7501025
7502229
7501612
7502767
7500363
7500881
7503408
7500261
7500469
7500680
7500669
7502148
7500361
7501760
7499622
7503176
7500359
7499512
7502402
7501198
7502433
7500619
7499150
7502589
7501688
7502517
7500388
7502632
7501375
7502289
7504917
7501455
7500715
7500550
7501525
7500705
7502618
7503421
7500237
7500225
7503357
7501248
7502124
7502300
7500024
7500628
7503373
7500345
7500274
7502302
7502546
7500541
7500705
7498017
7499962
7499594
7503128
7499007
7500368
7503326
7501178
7498757
7500224
7501196
7499855
7502522
7500577
7499269
7501759
7498720
7499090
7498455
7497699
7500831
7501130
7500060
7499473
7500930
7500935
7500577
7501316
7499939
7500369
7501147
7501001
7498543
7500138
7500612
7502597
7501754
7501253
7500828
7500046
7499087
7500957
7500334
7498431
7499017
7499023
7498942
7499280
7498214
7499258
7499642
7497573
7501249
7501942
7500176
7501046
7502008
7501949
7498386
7501566
7502674
7501568
7502072
7502723
7500107
7500457
7503101
7501461
7502847
7497316
7500573
7500506
7500870
7501640
7499603
7498418
7502873
7498705
7499994
7500738
7502234
7499250
7498486
7499929
7501658
7500215
7497845
7499850
7500091
7500648
7501326
7502244
7501641
7500593
7502448
7500372
7502467
7501340
7503422
7502994
7501033
7500795
7500360
7502380
7502815
7499790
7500491
7500408
7501970
7503470
7500055
7499156
7500447
7501391
7501346
7501914
7501869
7499543
7501958
7500671
7501540
7500638
7500033
7500415
7497587
7500260
7498569
7499074
7499156
7500782
7500343
7499978
7499562
7498412
7499300
7500206
7497664
7500870
7499721
7495359
7498326
7500747
7500558
7500605
7499356
7500986
7498767
7501178
7498014
7498669
7499681
7502175
7501043
7500232
7501375
7501963
7500389
7500508
7501904
7504658
7502072
7503879
7502036
7502613
7503108
7504191
7501208
7500898
7501479
7503020
7502565
7501762
7499531
7499634
7500489
7502908
7500951
7501877
7500186
7500900
7502459
7502529
7500135
7497554
7500730
7501862
7499717
7496975
7498971
7500175
7498868
7500325
7499817
7498127
7499874
7501177
7498071
7499090
7497441
7499291
7500994
7500682
7497077
7500264
7500602
7500302
7498278
7498283
7499493
7501314
7499000
7501330
7498766
7500308
7499618
7498435
7500269
7501554
7500275
7500396
7500642
7499104
7500894
7501080
7502442
7499083
7499985
7499266
7501602
7499376
7499033
7498340
7499989
7498329
7499243
7500266
7497808
7497846
7499516
7500254
7500113
7500255
7498673
7499013
7498002
7496627
7500682
7499965
7501753
7498984
7501008
7498571
7498933
7494969
7501650
7501464
7498194
7499416
7498834
7496876
7499598
7499622
7498869
7501887
7500024
7497543
7500546
7500057
7499079
7500779
7496530
7500335
7503097
7498301
7501407
7499626
7498494
7498466
7498384
7499442
7498408
7498695
7498422
7497009
7499750
7501467
7501627
7499122
7496004
7498818
7499839
7498261
7498546
7499186
7498707
7499224
7498458
7501130
7499005
7498919
7501404
7498964
7501618
7498681
7498200
7497258
7501175
7497620
7498532
7498167
7500867
7501521
7499940
7499500
7502507
7500633
7501687
7500956
7500146
7497787
7498483
7499279
7499305
7501781
7501473
7501460
7500336
7500135
7497423
7500465
7497620
7497650
7500929
7500247
7498814
7501117
7501486
7500163
7501339
7498632
7502428
7500052
7500826
7499813
7497446
7501462
7500415
7500659
7498752
7498771
7499425
7500622
7497792
7499406
7499794
7499242
7501764
7500208
7500653
7500012
7497398
7497716
7501208
7499629
7498090
7499556
7499574
7499562
7499471
7497564
7499221
7500638
7499289
7500095
7500804
7498213
7499168
7499657
7500313
7501595
7499013
7501236
7500573
7498761
7498522
7498532
7499426
7501876
7499418
7497331
7498293
7499615
7501518
7499145
7499261
7499848
7499898
7500291
7500246
7500156
7501146
7498242
7494317
7498425
7498918
7499169
7500011
7498914
7501349
7500325
7499004
7499095
7498746
7499700
7499769
7503348
7497631
7501602
7502341
7497588
7500671
7499258
7499116
7500369
7498854
7501921
7499319
7499000
7500902
7499917
7499512
7496809
7498345
7501849
7499332
7498906
7499273
7497848
