6249180
6251075
6250382
6247877
6245896
6249687
6249609
6248381
6250462
6250819
6249093
6247377
6249947
6249731
6251055
6250263
6247802
6252062
6248402
6251115
6251660
6252129
6252009
6251687
6247910
6251937
6248802
6250090
6249566
6251144
6249407
6249390
6249265
6249673
6251603
6249310
6251507
6249989
6250235
6252571
6250512
6252216
6248606
6247721
6249951
6249866
6252769
6249395
6250240
6253411
6251649
6250186
6250443
6250487
6253397
6248190
6251688
6252050
6252996
6249003
6251219
6250310
6251961
6252205
6253229
6251762
6249498
6249970
6252187
6248957
6251961
6251309
6249544
6249656
6250285
6251491
6251676
6253760
6252206
6252457
6252148
6249685
6252049
6253918
6247663
6250902
6253488
6252171
6251645
6254045
6252785
6250220
6251247
6251750
6251465
6253285
6249439
6254028
6250226
6251757
6250465
6252036
6252424
6254407
6251324
6256223
6251079
6251788
6251782
6251941
6253003
6254117
6252096
6253937
6248968
6255381
6254753
6249102
6253283
6252817
6256124
6255855
6250789
6252399
6251801
6248797
6251166
6249557
6251847
6248440
6250021
6250954
6250500
6249217
6251161
6251120
6251345
6246834
6248357
6248020
6248988
6250462
6254082
6248762
6248621
6250983
6249872
6248041
6251399
6250175
6247293
6248357
6251302
6246546
6247600
6251267
6252043
6252307
6251521
6251307
6253574
6252026
6249707
6253267
6251868
6249806
6252292
6251162
6253049
6253401
6251592
6253349
6252037
6249989
6252583
6252328
6254223
6251786
6251019
6250283
6251394
6251788
6253972
6252245
6251243
6250694
6251818
6251710
6250052
6253296
6251166
6252334
6254841
6252636
6249790
6252542
6253485
6251658
6252915
6254054
6252182
6253687
6248914
6253537
6252196
6252590
6250867
6251939
6252326
6252181
6252008
6251930
6255541
6253478
6253038
6254111
6251089
6250357
6251038
6251961
6250772
6250355
6250273
6253727
6252395
6249858
6253556
6250578
6248589
6251866
6250118
6250447
6251169
6249988
6250188
6250255
6248483
6249498
6250033
6251730
6250418
6251447
6251466
6249497
6252199
6251434
6250811
6249028
6252272
6251397
6251464
6252580
6248561
6246919
6248597
6248520
6251213
6251261
6249512
6250426
6252474
6251485
6250858
6247539
6250400
6249294
6252033
6255233
6251028
6251621
6251360
6249567
6250626
6251440
6250191
6250680
6248574
6249361
6251666
6251755
6250110
6251002
6253762
6250359
6251813
6250488
6248759
6249353
6252240
6251859
6249443
6251599
6251119
6250940
6248963
6251139
6250451
6252375
6251215
6247496
6252043
6249023
6251611
6253443
6250332
6252006
6251052
6250740
6251913
6251545
6250914
6254086
6250822
6251172
6250067
6250979
6252438
6251854
6248440
6252180
6250263
6249993
6251823
6250836
6251367
6250228
6252960
6249626
6250048
6253060
6254683
6251033
6247194
6249584
6251509
6247546
6250581
6251695
6254621
6250426
6251883
6250097
6251675
6249658
6250765
6248120
6246791
6249961
6251589
6251602
6250327
6248016
6250424
6248699
6245475
6249117
6249936
6248765
6247833
6247660
6248803
6249975
6247712
6252554
6249100
6252778
6249691
6248269
6252348
6252386
6251239
6250766
6251262
6253170
6254444
6249743
6249750
6252166
6253748
6251903
6251293
6251553
6249492
6253584
6252222
6250942
6251172
6254651
6251468
6250867
6249931
6248441
6248347
6251708
6250757
6251782
6254247
6251072
6251351
6251532
6251995
6249925
6249499
6254215
6249387
6253112
6254156
6249664
6250409
6250050
6248427
6253830
6251999
6251144
6252621
6250063
6250454
6251347
6248792
6250980
6252474
6250878
6251398
6250374
6251223
6252415
6252197
6248900
6250428
6250072
6250640
6250258
6251846
6251656
6248470
6248614
6249897
6251611
6252120
6249615
6254159
6250191
6251549
6250543
6250462
6246903
6251434
6251516
6250153
6248450
6251390
6249854
6252296
6249624
6254239
6250759
6250738
6254899
6251676
6248313
6252846
6252272
6253811
6250411
6250574
6250313
6251794
6249152
6251530
6250493
6249173
6253154
6248630
6250764
6248884
6252697
6252397
6249131
6253359
6251429
6249588
6251980
6251333
6250917
6251434
6252126
6247803
6248023
6251585
6251559
6248958
6253432
6250340
6254091
6248073
6247937
6250431
6253125
6255213
6254920
6254300
6251136
6251928
6252402
6252664
6253929
6252942
6252436
6252670
6250412
6251892
6250653
6250470
6252274
6252634
6250978
6252061
6253568
6252303
6250690
6255839
6250068
6252954
6252868
6253075
6251036
6252145
6249372
6253792
6251446
6252509
6249676
6252696
6254168
6253677
6251388
6250248
6249967
6251306
6252367
6252001
6253144
6250585
6250704
6252162
6251794
6252844
6251065
6252182
6251215
6251401
6254745
6251018
6253442
6252854
6251968
6255677
6252572
6248421
6251522
6254733
6249814
6250316
6253299
6250870
6251925
6250748
6250869
6251491
6252090
6252592
6250531
6249901
6251415
6253146
6251115
6253746
6250236
6251864
6250654
6249526
6251701
6249604
6251223
6249530
6247638
6251371
6249591
6251079
6247795
6249650
6252902
6253532
6249559
6250323
6250965
6251095
6252467
6252597
6253561
6251269
6251429
6251687
6255205
6252821
6250533
6251395
6252220
6252627
6251139
6251674
6253105
6250196
6250740
6253338
6250463
6253400
6249417
6253072
6253506
6249638
6250586
6247998
6250395
6251172
6248675
6254540
6247282
6249638
6250268
6248767
6250948
6249307
6250396
6251679
6251283
6251976
6251347
6251407
6250459
6247312
6249028
6251511
6251729
6248853
6251921
6252302
6253391
6251089
6249866
6251079
6252668
6250057
6251171
6252416
6255031
6254245
6251932
6248445
6251732
6252425
6251424
6255170
6251705
6250203
6252549
6255651
6248081
6252213
6249779
6254731
6251043
6254919
6250977
6251166
6250959
6251219
6251966
6252332
6249313
6252215
6252374
6249055
6253299
6250547
6248802
6252071
6250209
6253476
6250272
6250097
6247634
6249806
6249562
6251878
6249329
6251287
6250190
6250014
6249308
6249720
6250851
6246839
6249790
6250373
6251409
6249492
6250360
6253710
6248944
6250770
6250508
6250580
6254414
6253380
6253649
6252258
6251614
6250291
6251983
6252081
6251065
6254385
6252630
6250596
6253759
6251623
6253331
6252731
6252459
6254129
6253232
6253001
6251934
6251246
6252908
6251287
6251352
6250662
6252664
6252687
6252181
6251020
6255349
6252924
6251186
6252494
6249573
6250443
6251903
6250440
6249513
6252911
6250130
6252725
6250418
6248989
6251487
6250351
6250167
6248618
6250407
6250534
6248212
6250112
6249593
6249491
6248726
6251520
6251274
6251098
6250338
6250054
6250163
6251991
6250212
6249033
6248269
6251357
6251265
6249246
6248833
6250109
6249771
6252141
6248848
6249110
6249641
6248557
6249219
6249699
6251463
6249544
6247488
6251676
6253102
6249434
6250318
6251654
6250895
6249637
6248401
6250673
6249792
6249149
6251811
6252599
6250572
6249479
6250201
6247076
6250506
6250153
6251201
6250560
6247088
6249211
6248927
6253173
6250873
6249476
6251845
6251211
6248815
6250130
6247899
6249011
6248819
6250462
6250097
6248573
6250449
6252340
6246597
6250702
6251099
6251273
6248764
6249551
6248701
6252040
6250737
6248216
6250510
6250335
6249000
6251214
6251645
6254039
6253244
6252006
6249959
6248961
6251623
6252849
6252783
6250555
6252275
6251114
6252376
6250007
6248810
6251319
6253579
6252320
6247680
6249314
6249818
6251251
6249498
6250983
6252644
6250837
6248363
6250987
6251091
6251937
6249537
6249467
6250678
6249458
6248706
6247186
6250251
6249911
6252696
6251073
6251338
6248783
6249778
6249703
6253123
6251132
6249362
6249548
6252483
6248880
6252999
6247522
6249465
6251619
6250817
6248428
6251113
6249216
6249781
6250399
6252844
6249775
6252784
6252073
6249269
6251463
6251848
6250159
6250885
6248405
6249837
6250045
6252782
6250303
6249953
6251975
6252504
6250813
6249823
6248195
6254036
6249784
6249993
6251137
6250114
6251792
6248646
6251937
6249286
6252153
6252063
6250570
6250973
6250156
6250576
6250088
6250878
6251002
6252339
6251850
6249195
6251970
6252637
6249022
6249715
6252778
6252493
6250614
6249414
6253031
6251753
6250633
6251105
6249823
6250501
6250397
6252348
6250430
6248394
6252338
6249734
6252084
6251789
6250710
6251602
6250275
6249248
6252026
6250714
6251658
6249964
6251821
6249680
6252672
6247670
6247567
6251749
6249932
6249837
6251977
6251534
6250992
6247871
6250592
6248296
6250397
6253243
6249354
6251956
6250970
6250630
6251194
6249819
