2999242
2999249
3000533
2999508
3001703
3000542
2999878
2999869
2999520
3000776
2998026
2998222
3001149
3002948
2999277
2999716
2997678
3000034
2998955
3000786
2998340
2999673
3002709
3000152
3000364
3000712
3000734
3002051
2998367
3000357
3002623
2998601
3001710
3001684
3001372
2998820
2999733
2998982
3000669
2998720
3000129
3001711
2999243
3002754
3001326
2997675
2998752
2996935
3000504
2999726
3001294
3000062
2998422
3001789
3000312
2996866
3000108
3001192
2999149
2998709
3000922
3001926
3000922
3002136
2999253
2999109
2997850
3000451
3001866
2998890
2999940
3004110
3000929
2998984
2999884
3000931
2998824
3000648
3001654
3000705
3001454
2997950
2999356
3000276
3000421
2998481
3000578
3002168
2999895
2996837
2998516
3000783
2996741
3000163
3001435
2999862
2997804
2998574
2999230
2999131
3001651
3001092
3001124
3001126
3001045
3002447
3001307
3000461
3002125
3000700
2998984
2996630
3000642
3000384
2998150
3000131
3000396
3000319
2999711
3000396
2997886
3002007
2997901
3001284
2998879
3000971
3001900
3000339
2998381
2999957
2999419
3001901
3001418
3000869
3001677
3000308
2999624
2999769
3000551
2999148
2998321
3000762
2997917
3001392
2998898
2998101
2997999
3003377
3002374
2999775
2998394
3002130
3000661
3003067
3001901
3000260
3002550
2999999
2998914
3002024
3002773
2998281
2998842
3000893
3001547
3001917
3000119
3000825
3003367
3001130
3002603
3002047
2998424
3001159
2997972
2999944
3000217
3001020
3000581
2998197
2999373
3000416
3001105
3000949
2999937
3000524
2998951
3001405
2998583
2999376
3001089
3002312
3000514
2997155
3001010
2999106
3000082
3000775
2999052
3000821
2998106
3000855
3000036
2999724
2998050
2999607
2998627
3000102
2997708
3001403
3001059
3001894
2999275
2997849
3000608
2998947
3002087
3000594
2998972
2998572
3001089
2997550
3000799
3001079
2998206
2998714
3001021
3000359
2998907
2999167
3001434
3001152
2999773
2999667
3001103
2998860
3003233
2999214
2999199
2997914
3000980
2997688
2999718
2999981
2999685
3000713
2999510
3000795
2999220
2998441
2998077
3000695
2999806
2998515
2996610
2998143
2998943
2999880
3002326
3001114
2997953
3000870
2999084
3000298
3001748
3000708
3001676
3000700
3000469
2997614
3003803
2999336
3001894
2998006
3001516
2999476
3001233
3000317
2999981
3001179
2999990
3000595
2998799
3000101
3001121
3000087
3000706
2999166
2999804
2999198
2998756
3000554
3000241
3000525
2999976
2999725
3002009
2999483
3003732
3001423
2999585
3001283
2998619
3000341
3000825
3000090
2998485
3001280
2997626
3001629
3000999
2999377
2999595
2997597
2997127
2998641
3000811
3000391
3000802
2998026
3002000
3000192
2999042
3002008
2998827
3000609
3003026
3001791
2999939
2998347
2999361
3003206
2997125
3000991
2999947
2998159
2999160
2999448
2999092
3000337
2999916
2999363
2999882
3000504
3002021
3000451
3000014
2999978
3001550
3000918
2999134
2999024
2999482
3000054
3002582
2999008
2999647
3001611
3002607
2998388
3000620
3001055
3000907
3002851
3002000
3001311
2999529
3000287
3002249
3004224
2999063
2999699
3000615
3000331
2999970
3001210
3000340
2998351
3001698
3001433
2999899
3001074
2999419
2997475
2999339
3000769
2998503
3001341
3000326
3001332
2999057
3002636
3001672
2998470
2998823
2999661
3001817
3002280
3000720
2998572
3003718
2999901
3002662
2999746
3002240
3000532
3001484
3000452
3001192
3000870
3001286
2998871
2998932
3000208
2996330
3000504
2999255
2999933
3001386
2999308
3000923
2999730
3000415
3000289
2998973
3001247
2999555
3002042
3000824
3001317
2997152
2998127
3000398
2999551
3003143
2999928
3000252
3000280
3002664
3000483
2997462
3003064
2999212
2999251
2999647
3002134
2998430
2998936
3000585
2998939
2999175
3002742
2998214
3001239
2997063
3000473
2997985
2998784
2999790
3000737
2998007
3000739
3002487
3002977
3000266
2998238
3000112
2998986
2998766
3000992
3001115
3000929
3002026
2999969
2996268
2999562
2998352
2997370
3001423
2998197
2999320
3000815
3001027
2999452
3000171
3000502
3001185
2997692
3001474
3001813
2999188
3001363
2998810
2999722
2999625
2998694
3001096
3000055
2998594
3000051
2998154
2998629
2996974
3000904
2998753
2999392
3001419
3000080
3001018
2999709
3001248
2999771
3001109
2999506
2999440
2997811
3001144
3000404
2997692
2999576
2998542
2998389
2999470
2998860
2999422
2998090
2997756
2999146
3001662
2999776
3000806
2997916
2996956
2998848
2999307
3003270
3000078
2998941
3002467
2996679
3000163
2998791
3001124
2998570
3002649
2998103
2999082
3000113
3001221
3001646
3003933
3000895
2998602
3002946
2999678
2999442
3002569
2999199
2999527
3001297
3001139
2998417
3002320
2999357
2999610
3000594
2997730
3000791
3001404
3001417
3000269
2999356
3000972
2999319
3000524
2998292
3000959
2999464
3001761
2999337
3000439
3000504
3000925
3000927
2999506
2997593
2998757
2999182
3000249
2998933
3001061
2998586
3002449
3000786
3000971
2998093
2998094
2999533
2998669
2999796
2998815
3000398
2998923
3000807
2999039
3000034
2999731
2999402
2998241
2999762
3000252
3001090
3002358
3000844
2999534
2999656
3000315
3002227
3000314
2997384
3001415
2999999
3001389
2996427
2995306
3000814
2998688
3001085
3002695
3001700
2998736
2997391
3000213
2997783
3002422
2998805
2998949
3000308
3001175
2998934
3001372
3002595
2999684
2998030
2999671
3000101
2997945
2998105
2999991
2999285
2998958
2999901
3000274
3001134
2999589
2999914
2998621
3001231
3000203
3000520
2999248
3002195
2996659
2999317
3000019
3001494
2998922
2999176
2999054
3000382
3000327
3001308
2999600
3001114
2996679
2999638
3000405
2998501
3000725
2999658
2997554
2998936
3001704
3002791
2999251
3000352
3002855
2997682
3002127
2999226
3000707
2999957
2998407
3000997
3001862
2999323
3000472
3000741
2999202
3000674
2999245
2998922
3001887
2998868
3002345
2999980
2999407
3000044
3001012
2998079
3001824
3000016
3001810
3000800
3002415
3000924
2997440
3003218
2999803
3001996
2998291
2998911
2997815
3000029
2997927
2997649
3002736
2999399
2999380
2999632
2998933
2996229
2999560
3000716
2999984
2998891
2999655
3001259
2996548
2997131
2998385
2998665
2998254
2998462
2999640
3002059
3000455
3000007
3000283
3001570
3001918
2998242
3000653
2999359
2999797
3001540
3000662
2998480
3000594
2999931
2999737
3000139
3000073
2997389
2999758
2997300
3000025
3001214
2998722
2998741
2998012
3001253
2999971
3000231
2999280
2999781
2999692
3001544
3000531
3003124
2998936
3001648
3001473
3000085
3000914
3002048
3001799
3000638
3001307
3000281
3000946
2998026
2998829
3000062
2996909
3002521
3001823
2999942
3001647
3000059
3002909
2999457
2999097
2998525
2998011
3000614
3000028
2998805
3001616
3001277
2998524
2999392
3000702
2998827
2997889
3000429
3001301
3001435
2998136
3002182
3001799
2999704
2999359
3001561
2998903
3000136
2998565
2999684
2999268
3001466
3000820
3000482
3000215
2998870
2998455
2999693
2999182
2999100
2999239
2998484
3000569
3001130
3000340
2999001
2998912
2998060
2999827
3000909
3000509
2999555
2999504
2998487
3002666
3000260
3001223
3000851
3001618
3002294
3001062
2999041
2995991
2998492
2999855
3000055
2999857
3002892
2998561
3000657
3000706
3001067
3001793
2998525
2998369
3000828
2999855
2997817
2999832
3000018
2998823
2998547
3000682
2999712
2998689
3001158
3000568
2998856
2997887
2999724
2996182
2997679
2997793
2998473
2998914
3004550
3000431
2999700
3000784
3001236
2999179
3001131
3001111
3002076
2997885
2999661
2998476
2998963
2997012
3001007
3001846
2997953
3001515
2997323
2997072
3000315
3000283
2998360
3000871
3003146
2998241
2997962
2999906
2999676
3000635
3000626
2999606
2998752
2999802
3001125
3002134
2998082
2999635
3000170
2998890
2999054
3000322
3000444
3000760
2997845
3002831
3001443
3000706
3000642
2998244
2995006
3001176
3001537
3000589
2999188
2997968
3000406
3000963
2999417
3002624
3000143
2997226
3000838
2999807
3003419
2998726
3000971
2999879
2998339
2997405
2999766
3001321
2998574
2998001
2998624
2999403
2998469
2998998
3001744
2999723
2999683
3002754
3000636
3000424
3000862
2998214
3002365
3001090
2999890
3002964
2995946
3000383
3000233
3001022
3001345
2999910
3000770
3002208
2999369
3001474
2999910
3002866
3001650
2998858
3001382
3000532
3000445
