3997252
3999070
4000122
3998781
4000867
3998572
3998497
4003068
4000037
4000322
3999136
4001855
3999625
4001479
4000772
3998393
3998660
4000281
3998976
3996546
3998002
4000862
4001216
3999754
4000038
3997574
3999198
4000992
3997982
3998823
3997291
4001615
4001115
4001736
3999863
3999949
4000808
4000692
3998736
4000844
3998860
3998532
3997310
4000215
4001606
4001045
3999134
3999875
4000865
3996621
4000382
3998944
3997878
4000114
3999856
3996272
4000407
4001317
3999402
3998155
3998447
3999173
3997788
4003330
4000062
4000447
3999068
3999813
3998542
3999987
4000426
4002416
3999374
3997530
3999676
4000227
3999281
3999044
3999499
4000139
4000141
3999087
4002214
3999092
3997961
3998550
3999911
3999060
3999031
4001973
4001194
4000847
3998070
4003758
3999269
4002692
3999317
3998962
3999108
4001920
4003305
4000207
4001379
4001189
4000335
4000788
3998361
4002269
4002078
3999615
4002678
4000461
4000550
4000951
3997314
3999917
3998148
4002024
4001378
4001318
4001894
3998084
4001653
4000182
4001359
4000905
3997361
4000233
4000184
3999413
4000395
4001498
4000884
4000541
4000518
3998949
3998431
3998309
4001225
3999016
3997057
4000809
3999971
4001734
4001826
3998738
4000075
4001894
4002526
4000167
4000532
3996070
3998052
4001278
3999617
4002441
4000393
4000804
3998266
4000971
4003438
3999708
4000827
4000132
3999067
3999589
3999334
4000923
3999149
3999283
4002199
4000285
3998768
4001951
4001592
3999052
3997625
4001337
4000784
3999251
4000903
3996415
3999727
4000178
3999507
4002343
4001274
3998693
3997895
4003371
4001718
4000359
4000327
3997857
4001050
3999223
4000132
4001146
3996534
4001789
4000722
4000373
3998825
3997526
3998324
4001228
4003388
3999078
3999563
4000067
4002237
4000618
3998031
4000821
3998271
4001247
4000203
3999065
4000720
4000227
4001327
3996372
3997651
4000159
3998695
3999034
4001336
3999190
3999203
3998703
3999283
4000598
3997905
4000820
4001716
3996008
3997274
4001704
3998633
3998797
3999718
4000003
3998960
3999295
3998475
3997193
3999614
4001239
3999335
4001493
4000086
4001110
3997437
4000565
3999467
4002600
4000806
4003159
4000004
4000782
4000934
4001068
4002274
3999969
3998990
4000159
3998432
4000716
3999733
4000038
4002153
4000443
4001200
4001000
3999524
3999723
3996864
3997932
3999978
3998793
4001199
4000262
3999158
4000747
4002258
3999017
3999820
4000051
4001894
4000294
3999748
3997159
3998944
4000714
3999108
4000221
4000345
3996690
4000418
4002025
4000989
3999314
3999676
3998706
3997704
4002547
3998086
3997260
4001093
4001633
3999510
4000066
4002454
3999476
3999078
4000657
3999283
3999354
3999605
4001788
4001515
4000121
3999327
3998451
3999224
4001548
4001924
4000334
3998264
3998348
4000772
3998729
3997288
4000266
4000513
4001069
3999093
3998987
4001122
3997615
4001861
3998896
4002229
4001959
4000902
3997762
3998199
3999194
4001262
3998376
4001364
3997423
4000869
3995911
4002681
3999353
4000767
3999770
3997379
3999944
4000318
3998007
3998435
3996324
3999479
3999352
3998559
3999127
3998114
3998617
4002459
3998090
4002195
4002344
4001269
4000342
3997443
4000027
3998991
3998404
4001255
4002770
4000268
4000703
4000649
4000022
3998491
4000973
3998409
4001121
4002231
3996829
3998485
4002156
3998445
4000662
4001831
3998527
4000722
3999497
4002247
3999339
3998589
4002815
3997470
4000689
4000063
4002037
4000843
4002146
4000678
3996497
4000461
3998005
3997964
4003546
4000952
4000810
3999002
4000494
4001724
4001318
4003018
3999289
3997758
3997721
3998772
4002548
4000353
3999999
3998808
4001024
3999656
4002818
3997612
3998698
4000511
3997832
4001037
4001333
4000533
3999924
4000083
4002221
3999855
4000699
3999073
4001654
3998257
4000631
3999861
3999589
3997749
4000848
4001554
4002511
3997870
3998479
3998925
3998820
4001888
4002285
3999214
3999084
4000894
4000072
3997421
4002468
4003725
3999407
4000882
3999921
4000771
4001387
4000207
3996123
4001205
4002629
4001388
4000980
4003558
3998768
3999761
4002768
3999878
4002169
4000756
3999759
3997684
3999234
4002464
3997377
3999307
4000443
4000235
4002247
3999404
4001078
4001280
3999361
4002132
3998347
4000298
4000691
4000613
3999363
4000202
4001113
4001346
3997409
4000067
4002523
4001529
3998888
3999324
3998531
3999089
3999141
3999213
4001367
4000662
3998432
3998614
4000321
4000285
3999861
4002024
4000965
3998943
4001116
3999584
3999704
4002070
3999336
4002852
4002929
3998620
4000826
4003235
3999999
3999366
3999568
4001384
4000493
4000481
4000223
4000484
3998572
4001121
4003247
4001575
4004968
4000509
3999849
3998500
4000376
4001150
4000185
3999535
4001927
4001261
3999836
3999445
4002104
4001844
4001263
3998963
4000126
3999403
4000199
4000319
4000981
4000011
3997742
4001124
3999962
4001030
3998229
4002746
3999893
4000077
3999998
4000383
4000490
4001355
3999538
3999822
4001169
3997002
3999710
3999388
4000638
3996167
4000884
4000321
3998878
4003088
4000699
4002459
3998827
4000639
4000096
3998550
4000868
4001377
3999333
4002322
4000831
4000548
4000314
3997139
4001064
4001065
4001325
3997998
3998818
4000197
4000365
4001192
4000975
3998466
4001734
4001016
3997439
4001084
3999132
4000475
4000806
4000822
4002398
4000102
3998555
4000141
3999123
3998703
4000874
4000316
3999410
3998059
3999004
3999771
4000306
3999293
4000254
4000829
4001125
4000652
4000704
4000834
4000901
3997995
3998155
4000154
4001178
4002673
4002614
4001529
3999997
3999280
3998958
3999787
3999387
4001577
3997830
3997694
3999933
3997493
3999443
4001289
4000973
3999461
4000051
3999758
4000775
3999632
3998499
3999643
3999451
4000264
4001919
4000106
3998426
4001359
3998669
3999344
3997396
4001194
3996849
4000877
4000717
4001614
4000746
4000795
4000111
3999947
3998888
4000086
4000758
3998166
4000195
4001118
3999650
3999016
4001385
4000080
3999788
3998642
4001774
4002025
4000633
4002346
4000481
3998624
4001100
3998650
4001082
3997887
3998147
4000356
4000397
4001286
3998828
3999602
3998199
3994345
3999032
4000037
3999657
4001772
4000331
4000470
4000761
4001048
4000788
3999031
3998955
3998099
4001673
3998645
3999727
3999206
4001358
3999537
3999125
4000102
4003699
4000035
3999996
3998822
3999518
3999185
3998478
4000102
4001292
4000596
4000248
4000273
4000937
3999131
4000392
4000812
3999753
3998413
3998753
4001399
3999018
4000167
4002157
3997757
3999732
3998674
4001873
4001392
3998068
4000951
3998352
4000335
4001693
3999770
3997495
3998362
4000593
3998590
3999749
3999206
4003174
4000345
4000567
3999013
3999757
4001381
3998113
3996644
4001495
4001118
3996543
4000533
4000061
3997169
3999920
4003377
4001039
3997798
4000470
3999868
4000987
3999656
4000784
3998404
3998761
4001352
3998888
4002081
3998612
3997962
4002809
4001261
4000352
3999345
3999080
3998466
4000451
4000054
4000822
3997318
3999931
3998556
4000109
3997395
4001288
3998764
4003051
3997853
3999155
4001009
3998912
4001318
4001577
3999061
4001506
3997825
3998874
4002821
4000797
4000911
4001437
3999965
3999758
4002291
4004432
4000015
4003276
4000165
4000938
4000314
3998380
4003512
3997806
3997954
4001781
3998421
4002303
3999282
4001195
4001616
4001904
4000157
3999744
3997525
4001560
4000349
3998832
4002869
3998319
4000605
3999424
3999436
3998545
4001139
3999903
3999966
4001845
3998932
4000842
3996434
4000243
4002823
3998144
3999520
4001946
3999028
3997737
4000235
3998452
4000621
3999384
4002045
3998847
3999702
3999365
4000095
4000554
4002200
3999461
4002426
4003670
4001155
3998969
4002800
4000828
3999768
4000335
4000108
3998574
3999175
4000317
4000587
3997969
3998281
4000632
4000921
3998657
3998866
3999630
4001381
4000616
3999712
4002226
4001887
4000410
4001263
3999046
4002892
3998951
3998733
4001552
3999817
4000508
4000468
3997547
4000821
3998498
3999998
4000339
3998894
3999491
3998349
4001789
4001485
3999394
3998278
3998088
4000328
3997318
3997364
3999556
3999818
4000805
3999034
4000870
4000441
4000745
3998065
4001349
4000182
3998874
4000264
3997991
3997551
3999446
3999272
4000341
4000045
3999680
3999018
4001528
4001970
4002796
4002526
3998258
3999773
4001929
4001473
4001097
4000693
3996978
4001471
3996692
4001074
3999479
4001602
3999543
4000661
4000034
4000682
3999122
3999547
4003151
4003524
3999997
