6999068
6998650
6998050
6999528
6998172
6998321
7001545
6999217
7000402
6997255
6998580
7000879
7000469
6998133
7002713
6998326
7000064
7001895
6998005
7000947
7001833
6999370
6999426
7001729
7000637
6996626
7002373
6999086
6999864
7001539
7000348
7001736
6998580
7001373
6999830
6999452
7000640
6998574
7000495
7001214
7000285
7001686
7000429
7000669
7000507
7001130
7000677
6998173
7002284
7000758
7000111
7002988
7002328
7000373
6999663
7002584
6999793
6997927
6999457
7001299
6999862
6997573
6999582
7000578
6999738
7000050
7001625
6998850
7000010
7002416
7000504
7001224
6999259
6999433
7001682
7000899
7001479
7000510
6998889
7002250
7003635
6999579
6999351
7001157
6999384
6999400
6999540
6997101
7001390
6999855
6999481
7000156
6998234
6999423
6998569
6999689
6999814
6999800
6999781
6998579
7000862
7000050
6999290
6998339
7001718
6999090
6999949
7000744
6999505
7000113
6997726
6999419
7000123
7000209
7000428
6999442
6999181
6998087
7002464
7001535
6998527
7001259
6998242
6999919
6999417
7001716
7003036
7001029
6999428
6998908
7001572
6999199
7000137
7002133
7001706
6999695
7001269
7001741
6999453
7000461
6999938
7000193
6998352
6999472
6998730
7002884
6997410
6999477
7000245
7004178
6997726
6999826
6998696
6999589
6998896
7000165
7000469
7001243
6999495
6999787
6998465
6996439
7001769
7000107
6999936
7002017
6999714
7000750
6999846
6997619
7000313
7002828
7001610
6999790
7002140
7002571
6998661
7001775
7002359
7000212
7000711
6999918
6999183
6998922
6998115
6999117
6998929
7000252
6998910
6999905
6999789
6998650
7000323
6997658
6999094
6999153
7001049
7000799
6997712
6999578
6998377
7002132
6999346
7000389
7001705
6998285
6999035
7000621
6998437
6999110
7001939
7001124
6999596
6999063
6998727
7000785
6998414
6999232
7001238
6999553
7001111
7003233
6998767
7000485
6998921
7002035
7000888
6998536
7000374
7001596
7000293
7000477
7001754
6998231
6999553
6999486
6997877
6999171
6999587
6999976
6999490
6999728
6999377
7001530
7002247
6999128
7000501
7002734
7001042
6998582
7001439
7000056
6999091
7001821
6997760
7004703
7001278
7002110
7001780
6998854
6999134
7000636
6998747
6997945
6999695
7000739
6998311
6998130
7001564
6998318
7000092
6997871
7001630
7000652
6997924
7001275
7000097
7001348
7000478
6999669
7001086
6999329
6999461
6999495
6999653
7002649
6999589
6998596
6999170
7002479
7000408
7000402
6999557
7000133
6999311
7001356
6998021
7000149
7000449
7000489
6998074
7000256
7002486
7000193
6998804
7000063
7000975
7000304
6998753
7002614
6999213
7002703
7001344
6996889
7000261
6998954
6998605
6998016
6998469
7002607
6999804
6998371
6997790
6998353
6998835
6999820
7001002
7001802
7001403
7001402
6998455
7001704
6997666
7001440
6999719
7000596
6997656
7000337
7001203
6999286
7001481
7001014
6999600
6997320
7000497
6999876
7002230
6997944
7000799
6997261
6999973
6998098
7001054
7001398
6999885
6999464
7001882
7003208
7000039
7003560
7000136
7000747
6999936
6999872
6998321
7001470
7000764
6999202
7000006
6997519
6995994
7001222
6999211
6999626
6999443
7000143
7000392
7000494
7000630
7000021
6999699
6999521
6998237
7000381
6999255
7000013
7001518
6997912
7000067
7000950
7001163
6998798
6999538
6997977
7001290
7001406
7002152
7000701
6999998
6999712
7001557
7002592
6999982
7002265
6999358
6999315
6998967
6999770
6999793
6999748
7003105
7000360
6998621
6999678
6999378
7001780
7000795
7000530
7000273
7001992
7000343
6996937
7001077
6998692
7001016
7002129
7000605
6999197
6998805
6998170
6997524
6999230
7000358
6999549
6999926
6999362
6999322
7001455
7001599
6997450
7000011
7001292
7000689
6999700
7003156
6999352
7000115
6998076
6999446
7001145
6998717
7002216
6999102
6998239
7002292
6998410
7000097
6997958
6997964
7000509
7000003
7001742
6999651
7000353
6999860
6998401
7001571
6999977
7002030
6999283
6999267
6998742
7000052
6999693
6999446
6999472
7001566
7000747
7000441
6998591
7000362
7001668
7000195
7001307
7001425
6999447
6998633
7001356
6999013
6998530
6997944
7001569
7000956
7000863
7001639
7001777
6998836
7000407
6999410
7000295
6999940
6999942
7004214
6999392
6999361
6996869
7000019
7000111
6998770
6999026
7000385
6998476
6999954
6997713
6999362
6999382
7000351
6998431
7000599
7001098
6999247
7002304
6999185
7000234
7000505
6997539
6999025
7002552
7002125
7001666
7000204
6999776
6998870
7000155
6997404
6999013
6998971
7001384
6999448
7003621
7001376
7000626
6998353
7001161
6999782
6998176
6999885
7002140
7001352
6999591
7001933
6998780
7003921
7000003
7001507
6999776
7001578
7000258
7002868
7003980
6996860
6999462
7001182
7000312
7000968
6999639
7002517
6997463
6999717
7000935
6998841
6999359
7001564
6998303
7001017
6999418
7002262
6999349
7001965
6997991
6999248
6999088
6998465
7000525
6998376
7000823
7001388
7002070
6999681
7000314
7000867
6998309
6998472
7000263
7001979
6999841
6999327
7001082
6996761
7000055
7000702
7000280
6997101
7000774
6998371
7000540
7001200
6998657
7000202
7000635
6996675
6999432
7001412
7002322
6998227
6999917
6998303
6998774
7000673
7000709
6998792
7000408
6999648
6998364
6999735
7000244
7002323
6999381
6997368
7000685
6999293
7000207
7001302
6999404
7001006
7001175
6997782
6999032
6999016
7000840
6999269
6997806
6999726
6999472
7001067
7000001
6999828
6999583
7000616
7000396
7000006
6999792
6999717
7000221
7000459
7000144
6999965
6999786
6998031
6999917
6999121
6998665
6998886
7000541
7000139
6999707
7002190
7002856
7000617
7000873
7000158
6999612
6999405
7003022
6999846
6999136
6999727
6999632
6999266
6997493
7000811
7000987
7000232
7001919
7001843
7000562
6999374
7001354
6998241
7000907
6998416
7002946
6999476
6999513
6999993
7001811
6999811
6999030
6999105
7000609
7000513
6998842
7000424
6998275
7001339
7000564
6999047
6999416
7002312
7000953
7001428
7000295
7000758
6999013
6998971
6998916
7000520
7001341
6998624
6999906
6999673
6997709
6999058
7000106
6998463
6999371
7000939
7000208
6998335
6999942
6999458
7000340
7002529
6996543
6999279
7000580
7001238
6998889
6998536
7000315
7000524
6997957
6999994
7001478
7002830
6998757
7000620
7001097
6998813
7001020
7000935
6998043
6998178
7000205
7000589
6999768
7001269
6999079
6999337
6998530
6999525
6998049
7000883
6999805
7000005
7000435
6996658
7001141
6999474
6999159
7001187
7000790
7001021
7000088
6997854
6998280
7002808
6999476
7000551
6997473
7000640
6999616
6999605
6998858
7001063
6997614
7002004
7000446
7000629
7000117
7001246
7002341
6999309
7002147
6999660
6999224
6999077
7001594
6999997
6998763
7000657
7001545
7001473
6997769
7002929
6999541
6999909
6998426
7002782
7001415
7000975
7001074
7001684
7000387
6999795
7000215
6998316
7000336
7000691
6999453
7002078
6999797
6999436
7001662
7000858
6999902
7000209
7000820
6998564
7000805
7000686
7001247
7001709
6999921
6999265
6998553
7000610
7002873
6998648
6998738
6998810
6999954
6998580
7001080
7000686
7000084
7001931
6999489
7002641
6997832
7000518
6999370
7001271
6997897
7000840
6999197
7000959
6999553
6999785
7001358
6999676
6998302
7001197
7001084
6998817
6998451
7000976
6997881
6997572
7000991
7000142
7001930
7002032
7000032
7002984
7001154
7001288
7000442
7001575
7002838
6999510
6999064
7000594
7003627
7000655
6998832
6997393
6999545
6997837
7001273
6999445
6999956
7000237
6998507
6998958
7000225
6999822
6998788
7002502
7001537
7001101
6998573
7001810
7000360
7001916
7001052
6999153
6997635
6996734
6999738
7000455
6999476
6999701
7000353
6999632
6998495
6999405
7001532
6999235
6999650
7000676
7000987
6999230
7003095
7001915
7001885
7000230
7003022
6999692
6998760
6999432
6999564
7000529
7000042
6998526
7003455
6999597
6999719
7001015
7003532
7002821
6999439
7001338
7002495
7000644
7002820
7000295
6998853
6997418
7002023
7000307
7003044
7000256
7000885
7001411
6999485
6999482
6999203
6999860
7000387
6999269
7003470
6998882
6998785
6999203
6997677
6998364
7000159
6999704
7001688
6999807
6999696
6998829
6996942
7000014
7001608
7003356
6999121
7000507
7000936
6998847
7001049
7000334
7002581
6998763
7000230
6998660
6999692
7002288
7001140
7001721
7000211
7001101
7001402
7000763
7000569
7000655
6998816
6999333
6998334
