6002317
6000053
5999627
5999984
5998935
6000137
5999374
5997877
6000984
6000224
6000325
6001683
6001552
6001752
6002520
6000562
6000824
5999054
6001216
6001023
5996613
5997967
6001243
5999329
6002523
5999585
5999033
5998808
5999708
5998397
6001307
5997906
5999351
6002384
6001182
6002412
5999878
6000218
5998816
6000439
6001145
5999602
5999877
5996898
6001408
6000692
6002595
6000566
6003029
6001921
6000077
5999993
6001339
6001445
6000804
6001226
6000821
5998758
5999977
5998531
6000551
5997781
5998477
6001064
5999405
5998347
5999697
6001347
5997231
6001121
5999205
5999249
5998602
5999756
5997735
6004052
6001071
6000301
6000279
6000401
5999116
5999364
5998375
6001536
5998345
6000556
5998168
6001305
6001143
5998276
6000826
6000405
6000123
6000779
5999506
5998698
5998982
5998577
5999695
5999860
5999403
5998483
5996971
5999145
5997776
5999840
6002060
5999862
5998768
5999616
6002814
6000279
5997546
5998548
5996953
5996991
5997349
5997937
5999820
6000605
5997877
6000369
6001807
6000601
6000884
6000924
6000504
5999570
5999767
6000077
5999912
6001174
5999304
6001201
6000314
5998707
6001888
5999926
5997716
6001612
5999730
5999643
6001869
5998194
5997590
6000037
5999584
6001892
6001911
5998075
6001750
5999725
5999517
5999820
5998031
6000575
6000319
6000431
5997455
5998174
5998324
5999581
6000324
5998337
6000873
6000126
6000193
6000754
5999052
6001891
5998100
5998084
5999471
5999120
5999498
6000219
6000607
6001647
5999400
6000363
5999621
5999487
5999923
5998982
5997909
6002555
6001509
5996591
5999818
5999009
6000061
5997872
5999916
5998036
5998836
5999898
5999867
5997123
6001178
5997911
6000651
6000818
5995975
6000303
6003180
5998908
6004370
6001365
5998479
6001657
6000789
6000608
6000672
5999525
5999156
6001444
6001231
6000652
6001700
5996899
5998747
6002028
6002868
6000290
6001261
5997422
6001941
5998335
6000573
6000863
6002274
5999752
6002931
5998968
6000409
5999805
6000312
6001328
6002636
5999740
5998862
5999206
5999581
5999426
5999858
6001397
5999030
6000349
5999723
5999606
5999009
5998453
6001304
5997808
5998381
6000997
5999240
5998739
5999754
5999162
6001102
5999982
5999181
5999059
5996989
5998618
5997535
6000980
5998739
6000412
5998933
5998330
6000155
6000338
5999659
6001400
5999704
6001058
5998606
5998601
5996940
6000140
6000672
6003348
6001905
6002054
5999152
5997896
5998353
5998917
6001512
5999584
6001708
5999085
6000076
5999208
6000647
5998122
5997994
6000298
6001758
5999309
5999148
6003141
6000968
5999767
6000191
6000431
5998919
5998798
5997273
6000738
6002451
5998815
6000722
5999290
6000067
5999078
5996930
6002359
6002952
5998539
5999791
6000822
5997373
6002323
5998792
6001021
5999420
5997950
5998671
6000457
6002841
5998273
6005076
6000744
5997979
5998900
5998502
6002017
6000838
5998705
5998436
5999398
6001837
6000985
5998776
5996665
6000386
5998117
6001863
5999437
5998435
6000977
6000170
5998324
6000479
5999586
6000806
5997918
6000281
6000423
6000482
6001844
6001084
6000817
5999598
5999253
6001451
6000241
5999196
5999976
6000490
6001407
5998941
6000893
6000329
6001352
5999790
5999104
5999581
6000348
6002052
5999726
6000999
5997771
6001960
5999356
6000548
5998518
5998594
6001172
6000434
6000128
6000730
5999947
6000598
5999643
5997594
6003023
5998501
6000136
5999252
5999573
6001486
5997120
6000434
6001015
6002043
5999229
6001119
5996942
6000618
5999958
5999988
5999789
5998564
5997431
5999829
6003023
5998054
5998108
6000283
5999217
6002409
5999223
5999994
6000957
6002707
6000397
6001223
6002204
6001847
6000137
6001626
6000272
5997562
6000301
6000012
5996973
5997830
5998029
5999853
6000494
6003141
5999814
6001209
5999601
5999556
5999485
5999004
6002408
6000998
6000071
5999473
5999005
5997675
5998044
5999235
5999745
5998846
5996620
5995508
5997838
5999723
6000045
6000217
5999308
6000033
6001414
6000680
5999189
5998321
6000111
5998155
6001003
5999271
5998803
5997204
6000678
6000224
5996940
5999568
5999353
5999163
6000516
5999183
6001811
6000169
6000890
5999815
5998334
5996782
5998383
5998225
6001298
5999799
6000747
6001207
5999719
6000572
5998605
5999710
5998153
6000731
6000739
5999618
5995534
6000081
5998617
5999711
5999369
6000217
5999363
6000414
5999155
5999329
6001298
5999398
5999511
6000929
6001292
6000737
6001463
5999587
6002314
6003146
6002292
6000766
6002519
5999961
5998638
5999368
6000523
6001680
6002985
6000429
6000486
6000076
5998802
5998448
5999539
5999416
6001621
5999155
5999606
5999943
6001925
6001932
5999809
5996047
5998131
6001449
5999069
5998716
6000599
5999599
6001911
5996762
6000513
6000657
6000563
6003157
6002696
5998927
5998487
6000938
5999709
5998197
6000768
5999317
5999020
6000477
5998971
6000777
6001137
6000917
6000852
5998827
6000141
5998477
5997414
6003082
5998552
5999956
6002764
6000413
5998679
6001219
5997997
5997050
5998767
5999462
6003163
6001452
5997783
5997966
5998637
5999647
6000840
5999645
6000326
5999803
5998631
6000369
6001892
6003528
6000453
6000422
6001558
5999624
6000058
5998791
6001637
6003393
6001609
5996688
5998805
6000680
5997191
6004155
6001347
6002483
5998498
5998834
5997481
5999625
5997607
5997713
5999814
6004086
6000438
5999795
5999616
6001187
6000645
5998272
6001842
5999328
6002721
5999826
5999846
6001017
5999967
5998132
5996554
6000403
5998211
6000076
5997861
6002521
6000384
5997661
6000869
5999156
6000822
5999149
5996229
6000023
5999540
5998546
6000702
6000015
5998373
6001490
6000715
5999480
6000303
6002331
5997747
6000781
6001029
5999158
5999436
6002726
5996708
5998613
6001870
5998641
6000661
5998111
5998214
5998054
6000459
5997233
5998497
5998721
5999804
5998217
6000749
5998630
6000542
5999004
5999982
6000430
6001033
6001415
6002465
5997403
5999929
6001622
6001087
5998916
6000405
5999467
6000494
6002264
5999214
5999782
6001799
5998985
6001336
6002244
6001218
6000542
5999169
5999349
5999445
6001922
6000975
5999445
5999369
6000833
6002030
6000251
6000628
6000414
5999323
5998255
5998151
5998878
5998521
6000409
6002855
6000900
5998634
5999668
5998425
6000774
6001117
5999893
5998067
6000055
5999090
5998325
6000428
5999446
6000342
5999126
5997918
5999770
6002439
5998977
6000279
6000006
6001552
6000211
5998099
6002209
5998962
5999143
6000306
5998700
6002189
6002128
5998082
6000016
6002359
5999593
5999827
6001439
6000620
6000040
6000937
5998303
5999930
6000175
6000152
6000879
5999691
5999511
5999051
5998697
5998264
6001760
6000707
6003154
6001380
5997652
6002499
6000945
6002685
6001741
5998562
6001312
5999993
5999354
5998118
5999202
5997581
6000819
5999778
6000089
5997943
5999569
5999282
5999568
6000003
5999887
5996745
6000596
5996887
6002428
5998631
6000956
5999888
5997169
5998126
6000347
5999035
5999534
6000515
6001328
5998373
6002245
5999941
5997775
5998196
6000490
5996749
6002459
6000428
6000078
6000555
5999040
6001929
6000297
5999487
6000609
5999767
6000324
5999385
5998339
5999362
5999306
6001476
5998780
5997928
5997744
6001191
6002970
6002563
6003645
6001241
5999681
5998466
6000376
6000897
5998378
5998574
5998583
6005395
5999785
5999448
5998754
6002683
6001213
6000989
6002589
5998773
5999247
6000026
5997913
5998992
5998670
5998145
5999672
5999380
6001931
6000549
5999152
5999314
5996985
5999912
5999700
6001006
6001280
6000446
5998288
5999713
5998520
6002034
6003999
6003557
5998809
6001489
6002669
6000345
5998373
5999234
6000714
5998908
6000594
6000031
6000214
5999045
6000495
5998271
6000411
5998766
5999355
5998774
5999402
6000371
6001689
5996730
5999841
5999949
5999711
6000238
6000795
5999601
5998165
5998809
6000615
6001462
5999958
6001474
6000137
5997898
5998367
6003233
5999768
6002045
5999429
5999220
5999759
5998149
6000677
6000937
6002986
5999021
5998682
5999972
6000865
6000342
5999252
6001532
5997912
5999379
6000289
6002371
6000390
5999986
5998934
6001382
5998790
5999788
5999720
5997273
6000723
6001210
6000217
6002668
5999687
5999764
5998848
6002948
5998869
5999753
6001038
5999032
5998181
6001658
6002892
6003862
5998493
6000393
5998672
5999155
5999164
5999666
5999870
5999135
6002506
6000300
5998165
6001226
6000635
6000191
5999829
6000990
5997879
5998360
5996908
5999737
5998134
5999561
5997430
5999417
