363022
362758
364229
363324
363822
362748
362722
362729
363458
362926
362973
363071
363122
363776
361479
363427
362796
362905
363325
363637
363560
362970
363059
363082
363873
363337
362740
364378
363346
363380
363795
362731
363246
362043
362859
363135
363153
362504
363728
363003
363355
362628
363443
362789
364267
362442
362439
363344
363177
362568
362680
363135
363610
363130
363618
362625
362829
363744
362411
363686
363142
362879
363026
362775
363616
362692
363562
362992
362927
362398
362680
363609
363627
364418
362883
362663
364004
364208
362882
362363
362261
363492
362104
362516
363509
363257
362844
362429
362898
363845
363298
363489
363619
363524
362518
363389
362595
362715
363395
362800
363875
363348
364111
363395
362465
362814
363288
362385
363083
363233
362803
362692
362991
363764
363393
362640
362895
363349
363381
362919
363985
363045
363349
362835
363450
363784
363003
363479
363591
363314
363095
363380
362451
362854
363393
362592
363412
363063
363134
363376
363294
362758
361330
363436
363502
362689
363398
362553
363409
363504
363091
363929
363299
363199
362418
363708
364120
364151
363440
362966
362516
363194
363200
363143
363277
362902
363274
363025
363089
363317
362719
362968
363142
363795
363490
363410
363277
363282
360877
362787
363772
362866
363625
362819
362758
362848
362533
363492
362250
362938
362993
362624
363422
363254
362783
363420
363262
363373
363050
362771
363856
363189
362680
363796
362727
362633
363323
363104
362755
363356
362395
362561
362931
363695
363195
362989
363474
363403
362815
363081
363310
363050
363157
363445
363718
363256
362847
362548
363362
362913
362590
363350
362885
362830
363187
363417
363551
362608
364092
362681
363766
362791
362981
363002
363066
363055
363490
362815
363635
362771
364208
363743
363226
361948
363722
362967
362988
363699
363323
363140
363800
362897
362862
362749
362188
363143
363459
362820
362837
363003
363311
363049
363663
363186
363174
363026
363656
362757
363427
363095
362845
363002
362514
362672
363236
362897
362698
363574
363282
362803
362778
363336
363546
362115
363359
362775
362983
363343
363824
362027
362535
364255
362076
363646
363781
364498
363613
362467
363413
362690
364237
362656
362318
363064
362500
363011
363700
362757
362845
363162
362858
362480
363046
364158
362487
363188
363327
363280
363388
362614
363364
363369
363501
362838
362294
362945
363097
362790
362814
363411
362429
363808
362886
363642
362310
363832
363587
362485
362829
363024
363548
363390
363559
362742
363511
363210
362200
364126
363482
362987
362119
363022
363382
363354
363111
363541
362753
363398
363209
363732
363497
363478
362694
362013
362309
363634
362784
363009
363494
363202
363240
363437
363567
362739
363772
363231
363051
362333
362970
362419
363777
363298
363327
363750
362791
362938
363664
363295
362925
362604
362986
362592
362651
363152
362597
362737
362268
363308
363230
363693
362343
362679
363941
363528
363479
363362
363074
362701
363707
362250
363075
362860
363360
363781
363209
363651
363850
364102
362748
363469
363587
363110
362347
362994
364013
363049
363867
363226
362930
363066
362943
363370
363308
363942
363031
362285
362936
363540
362548
362764
362889
363928
362145
362703
363558
363408
362986
364159
362565
363755
363471
362906
362240
362211
362670
363255
363405
362562
363687
362908
363069
363334
362247
362498
363373
362923
362749
362887
362686
363696
362732
362823
363331
362799
362895
363516
363450
362992
363578
362188
363305
364340
363764
363562
363557
363625
363660
363271
363205
364230
362517
362522
363108
363514
363733
363119
363790
362955
363875
363637
362336
362421
362523
363334
363170
363291
363099
363401
363064
362781
361945
363038
363241
363025
363323
363597
362706
362789
362249
363703
363530
363216
363507
363622
362687
364333
363201
363558
362611
363118
362811
363166
362963
363091
363248
363399
363030
362765
362955
362548
362058
363447
362981
363073
363353
363257
362601
364221
363503
363222
362710
363304
363321
363186
363924
363505
364172
363179
363616
363691
363260
363159
363678
363930
363251
363678
362866
363165
363804
363672
362998
363702
363458
363360
363717
363756
363077
362990
363292
362794
362441
363311
362168
362913
363165
363807
363495
362436
363222
362594
363108
362677
362756
363932
363509
362950
362957
363990
362889
363595
363126
363102
362280
363500
363874
363591
362016
361921
363657
362825
363228
363489
363073
363691
363614
363030
363615
363777
363581
362782
363226
363762
362740
362656
361931
363628
363306
363056
362921
363318
362722
362872
363534
362859
362817
363149
363059
363800
362852
363049
363670
362927
362856
362788
362925
362490
362974
363108
363354
363201
363399
363482
363040
362991
363700
363173
362922
362591
363497
362460
362369
363743
362628
363611
363280
363461
363730
363258
363653
362651
363395
362239
363487
363401
362669
363769
363565
362903
363339
363445
362794
363344
363565
362050
364047
362818
363078
362925
363350
363454
363338
363193
363281
362757
362719
362769
362852
362689
363511
362889
363242
363277
363746
362989
363269
362512
362848
362703
363571
363501
363020
363357
363794
363172
363194
362875
363273
363168
363307
363827
363264
363030
362700
363246
362977
363662
363525
362636
362619
362394
363114
363496
362342
363606
362479
363994
362591
362698
362541
363011
363197
362370
363595
362552
363251
363459
362235
362312
363305
363172
363082
363811
363039
362998
363050
362535
363432
363082
363541
363450
362496
362897
362982
362937
363618
362795
362705
363236
363233
363482
362852
363633
362159
362843
364127
363448
363451
363012
363829
362746
363509
362280
363222
363345
363529
363112
362995
362489
362701
362754
363222
362555
363387
363119
362464
363647
363801
363156
362954
363524
363165
363455
362635
363173
363252
364477
363576
362872
363306
363456
363161
362005
363498
362891
363693
363471
363728
363532
363994
363346
363489
363806
363661
363245
363684
363455
362826
363017
362305
362982
362793
363011
363160
363629
363792
363394
362640
362666
363318
362843
363290
363784
362722
363210
363036
363461
361994
363173
363169
363319
362579
363591
363741
363708
363046
363801
363681
363188
363147
362699
363035
362985
363722
362047
363331
362373
363031
363060
362127
362395
362892
363511
362128
363504
362704
362525
363641
363637
363189
362448
362557
363654
363295
363275
363476
363072
364215
363476
363432
363466
362912
363068
362620
364204
363340
362735
362954
363065
363110
362980
363074
363549
363657
363587
362956
362587
363034
362386
363133
362850
362367
363357
363414
362271
362391
363597
363663
362376
363824
362606
363636
363481
363699
362357
363683
363322
363125
363191
362414
363904
364365
362946
362504
362215
363372
363283
361974
363545
363263
362692
362982
363438
363842
362830
363203
363552
362670
362983
362563
362996
362605
363471
362640
363007
363210
363540
362720
362323
363109
362599
363250
363156
363405
363877
362808
364523
362517
363031
363839
363681
363178
362979
363701
363055
363765
363303
362626
362721
362995
363309
362591
363189
363788
363757
363445
362654
363588
362990
362889
363221
