419695
420809
420195
419383
420436
419373
419926
419287
419084
420368
420328
418915
419770
419811
419607
419220
419465
419124
419636
419078
419497
420642
418915
419945
420172
420214
419849
419080
420428
419433
419196
419160
419861
420247
420459
419662
419161
419380
420396
419118
419822
419862
418980
418886
418627
420265
419326
419350
419523
419882
418997
420061
419869
420273
419161
419783
419735
419626
419512
419504
420569
420520
419536
419450
419775
419784
418280
420155
419561
419539
419432
418928
419556
419519
419100
419745
419229
419658
419405
418430
419698
419741
418808
420013
419715
419623
419794
420407
418633
419850
419799
418953
419355
419578
420199
419047
418274
419631
419654
419797
419532
419736
418735
419191
419651
419647
419779
419248
419202
419978
419521
419608
420017
419874
418952
419906
419557
419620
420061
419936
418889
419727
418966
418737
419330
419117
419388
418682
419155
418509
419586
419636
419987
419090
419725
419999
419079
419479
419255
419644
419379
419306
419636
420070
419201
420305
419540
419961
419812
420351
419951
419173
419115
419593
418665
419567
420096
419201
420340
419273
419174
420217
418766
418391
420001
419825
419513
419706
419176
419274
419904
419467
420130
420100
419727
419746
419446
420164
419434
420061
419584
420386
419339
419158
420012
420871
420176
419942
419340
418618
419857
419677
419345
419556
420324
419149
419384
419945
419170
419242
418737
419371
418876
419928
419993
419436
420022
420437
418998
419255
419344
419835
419396
419111
419549
419398
419492
419568
419730
418887
419886
419411
418873
419680
419544
419353
419586
420177
418908
420038
419736
419748
419487
419759
419378
419403
419292
418943
420359
419443
419882
419154
419844
419053
419000
419547
419500
419831
419429
419065
419341
420008
419720
418497
419685
419979
418993
419311
419742
419620
419575
419979
419103
419568
420588
418902
419416
420409
419708
420041
419399
420331
418554
419828
420098
419945
418939
420161
419557
419913
419217
418548
419804
419487
419910
419631
418371
419661
420281
419711
419770
419410
418795
419384
419633
420018
419933
420073
419643
419561
419514
420471
419234
419778
419076
419486
418897
419380
419884
419864
420234
419560
420037
419424
420379
419875
419724
419743
420329
419202
419733
419619
419505
418908
420232
418817
419895
419721
419437
419935
419469
420247
420637
419619
419495
419794
419149
420190
419857
419832
418709
419627
419459
419232
419843
420541
419309
420050
419843
419237
420462
419355
419588
419929
419684
419261
419073
419879
419207
419833
419872
418657
419807
419793
419751
419447
419379
419692
419526
419275
419360
419739
419660
419313
420598
419668
420338
418596
420155
419506
420294
419591
419815
420285
420379
420646
419870
419131
419300
420281
419930
418831
418945
418879
419961
419564
419680
419784
420502
419071
419222
419286
419677
419631
419562
420653
419309
418865
418924
419652
418514
420212
419066
418942
420543
419335
419368
419774
419052
420072
419909
420003
419353
419533
420099
419750
419054
419856
419344
419242
420040
418687
419253
419631
419419
419481
419428
419582
420202
419530
418652
419875
419275
418986
419371
420408
419751
420057
419921
418768
419065
419417
419862
420200
418754
420079
420227
418556
419570
418915
419797
419286
419959
419842
419238
420036
420091
419690
419723
419990
419189
419908
419417
419161
419889
419221
419321
419621
419886
420084
419971
419472
419971
420958
419794
419459
419804
419638
419469
420289
419949
418826
419035
419528
419538
418852
420183
419910
418904
419424
419118
419735
419729
420394
419282
419970
419414
420000
420602
418840
420102
418912
418785
418790
420074
420289
418659
419597
419935
419750
419002
419498
420004
419578
419423
419033
419708
420280
419370
419565
419359
419738
420096
419922
419109
418630
419175
420455
419391
419465
419944
418903
419014
419044
420386
419424
419490
419710
419818
418962
418798
420103
419738
420238
420215
419693
419486
419722
420367
419829
420302
418899
419914
420401
419330
419745
419509
419787
420765
420129
419973
419562
420473
419152
419796
419231
419652
419443
419380
419761
420784
419031
420002
419871
419240
420172
419704
418831
420544
419268
419278
418895
419574
419837
419987
420094
419678
419243
419651
418572
419782
419907
419671
418806
420109
419856
419785
418908
419779
419356
419951
420388
419615
419923
419137
419330
419474
418936
419752
419449
419817
419348
420125
419020
419444
419062
420038
419066
418625
419793
419097
419553
419234
418399
418712
419646
419311
419244
419767
420080
419742
420333
419269
419737
419205
419352
420526
418357
420448
419317
419807
419681
418888
419137
419540
419340
419325
419304
420068
419655
420353
418699
420409
420124
420070
419665
419315
419702
419795
419026
419172
419022
419755
419797
420138
419395
419463
419846
419159
419911
420164
419854
419118
419930
420573
419403
419708
419728
419544
419667
418900
419493
419939
419004
419391
419439
420291
419918
419217
420039
419320
420326
419401
420116
419677
418801
419954
419261
418535
418817
419985
418859
419820
419358
420323
419159
419751
419783
419595
419328
419808
419412
419723
420939
418835
419621
419455
418889
419688
419702
419825
419520
419818
419060
419447
419536
420318
419496
419914
419550
419037
419310
419255
419123
419163
419508
419524
420183
419574
419312
420401
419537
419143
418347
419361
419673
418528
419845
420116
420439
419843
419337
419487
420365
419654
419355
418979
418926
419227
419332
419139
420294
419404
419870
420003
420456
420071
419247
419874
419437
419688
419337
419942
419820
419537
419461
419733
419343
419197
420082
420042
419445
419412
419487
419530
419688
419234
419067
419169
419915
419456
420334
419837
419959
419154
419072
419651
419713
419172
420068
419381
419807
420027
419594
419750
418658
419171
419152
419279
420059
419072
418728
419788
418761
419043
419127
420004
419250
418992
420259
419394
419242
420188
419535
420142
418896
420565
419632
419858
418628
419010
419230
419539
419819
419629
419736
420128
420189
419530
420005
419743
419026
418894
419831
420230
420207
419956
419612
419095
418222
419634
420382
419723
419414
420038
420043
419907
419479
419556
420472
419224
419099
419734
420145
419610
419597
419501
419464
418868
419870
419089
419962
419354
418957
420346
420163
420368
419697
419128
419104
419815
420075
419515
419198
419587
418659
418916
419513
418889
419823
419248
419718
419011
420257
420101
419073
420801
419380
419429
419222
419370
420205
419986
419769
419868
419228
419533
419811
419802
419861
418730
420175
419908
419667
420250
419834
419381
419684
418249
420110
419692
419241
419439
419408
419649
419881
420050
419291
419799
419259
419485
419528
419119
419264
419565
419460
419853
419398
419601
419674
420589
419223
419028
420115
419541
419631
419473
419858
419311
420401
419651
419483
420546
419984
419173
420449
419761
419790
420344
419073
420168
419162
419313
419706
420542
419103
420452
420080
419822
419667
419089
418873
419790
419321
420485
419429
420195
419768
419978
419546
419564
420022
419308
418421
418741
419083
420273
419490
419621
419556
