593125
593486
593557
592833
593325
593946
592946
593891
594192
594049
593248
593451
593174
593041
593694
592581
592658
592442
593593
593827
593613
593745
593591
593057
592920
593692
594023
594036
594021
592915
593893
592539
593560
592827
592649
592415
592712
592713
593339
593642
592850
593045
593743
593503
593169
593326
593233
593497
593377
593390
592852
593243
593767
593277
593188
593457
592839
593089
593519
593046
593390
593847
593523
593771
593758
593562
593613
592088
593523
593319
592832
593047
593066
593455
593905
593102
593557
592168
594599
593506
593746
593529
593254
593171
592512
593938
593311
594379
592683
593212
593488
592848
594313
592702
593050
593946
592546
594083
592415
592822
594142
593479
593908
592702
592702
593438
592581
593064
593676
592381
593032
592974
593768
592341
593497
594536
593009
592852
593109
593436
592807
592392
592554
593671
593997
593714
593468
593167
592296
593513
592810
593284
592134
593525
594120
593443
593807
592886
592252
593634
593388
593669
593385
593299
593197
593595
592925
592735
593443
593476
593401
593119
592784
592705
592703
592866
592249
593663
592902
593737
592929
594579
593060
593368
593960
593273
593909
593706
592576
593275
593518
593393
593376
592680
592546
592638
593057
593626
593546
593092
593620
593663
593315
593743
593554
593365
593822
592494
593014
593303
593141
593406
593351
593047
593422
594050
594055
593117
591849
592847
592974
593994
593661
593366
592983
593222
592598
592865
593607
593937
593292
592632
593582
593241
592778
593110
593419
592782
593564
593246
593570
593804
593338
592971
593179
593743
592968
592292
593499
593274
593750
593048
593209
593264
593195
593399
593398
593482
593666
592762
593213
592814
593254
593070
593670
593806
593720
593249
593063
592851
593064
593327
593926
593848
592776
593625
593485
593574
592860
593145
593232
593086
593032
593620
593519
592970
593665
593216
592968
593044
593145
594380
593855
593056
593851
593851
593633
592985
592680
593499
593768
593863
593541
593407
592085
593222
593100
593817
593207
593286
592587
593031
593432
592578
593038
592910
593812
593089
593526
593053
593692
594376
593143
593503
592442
593088
593637
592231
592799
594247
593220
592353
593169
594187
593062
593078
593697
593241
593381
593253
592987
592550
592903
593228
593638
594119
593388
594168
594047
593671
593909
593095
592714
593585
593089
593144
594188
594379
592855
592470
592792
593129
594107
593297
593220
593737
593745
593631
592449
593235
593456
593965
592784
593492
592913
592879
593298
593091
592932
593463
592884
592876
593335
593635
593560
592411
593634
594034
593334
592605
594397
592752
593313
593257
593147
594347
593796
593725
592825
592967
594065
593041
593684
593230
592798
592614
593380
593764
593275
593293
593694
594090
593293
592957
594145
593007
593079
593510
593607
593505
593822
594178
592889
593568
593310
593646
594432
592721
592612
592144
593238
593888
593044
593237
592924
593251
592791
593758
593889
593111
593654
593957
593705
592858
593210
593297
593296
592438
592990
592372
594188
593603
592666
594163
593008
593284
593170
592771
593947
593250
593772
593711
593351
593405
593735
593501
593099
593197
593099
592388
593081
593190
594086
593763
592916
594153
593636
593795
593404
593866
593366
592885
594579
593683
592923
593706
593681
593246
593278
593568
593280
593458
594014
593355
594334
593352
593072
593025
594257
592841
593214
594093
593164
593624
592494
593577
593604
593748
592802
593295
592915
592929
592480
592418
593440
593709
594047
592595
593468
593097
592448
594016
592575
593714
592775
593865
593503
593852
593687
593735
593029
592688
593575
593405
592721
592997
593314
593168
593340
593772
592512
593317
593224
593215
593040
592498
593533
593351
592652
593613
593228
594262
592338
593172
593594
593705
594159
592851
592837
592628
593199
593278
593723
592845
593018
593840
593910
593541
592436
593887
592235
593169
592838
593116
592666
593153
593555
592618
593780
593491
592853
593083
592827
592784
593787
592518
593066
593572
593755
593247
593979
593616
593372
593076
593208
593070
593303
592982
593292
592845
593501
592523
593475
593360
593559
593661
593206
593546
593259
593274
593249
592856
592876
593898
594273
594028
593190
593400
593010
593289
593026
592939
591788
593707
593909
593526
592982
593428
592723
593222
593964
593559
592822
593473
593722
592623
593965
593561
593049
592909
592789
592737
594040
594667
593950
593105
592671
593015
593162
593374
594187
593189
592610
592917
593179
593219
592996
592337
593190
593477
593057
592604
592693
593175
593317
593778
592993
593045
593394
594014
593651
593528
593301
593178
593787
593663
593579
593083
593194
592669
594048
593294
593302
594061
593334
593479
592737
593087
592865
592958
592901
593538
593471
593723
593670
593522
593868
593502
592679
592969
593664
593245
593395
593161
593022
592637
593628
593421
592265
592954
593448
593989
593380
593555
593565
592976
593121
593434
592817
592836
593310
593731
592612
592616
593302
593323
593476
593254
594187
593968
593318
592603
593250
594202
593195
593318
592942
593790
592821
592419
593315
593114
593291
592999
594003
592679
592806
593184
593237
593177
593071
594282
593367
593558
592584
592734
593713
592738
593510
593613
593418
593087
592879
592861
593353
593246
594023
593497
592951
592496
592791
593270
592954
593270
593171
593634
593267
593011
592874
592271
592857
592900
593275
593547
594408
593046
593449
593058
592687
592663
592596
593240
592557
592881
593271
593237
593396
593818
593714
592581
593560
593710
592417
593263
593278
593015
593549
592523
592748
593617
594552
593013
593006
592913
594014
593172
594075
593326
593105
592599
594350
592935
593859
592400
593260
593405
593704
593416
592782
593668
592156
593663
594256
593554
592814
592714
593445
593426
593484
592418
592822
593174
593156
592814
592643
593843
593863
592726
593257
593666
593439
592458
593052
593072
593613
592783
593939
593722
593092
592787
593014
593565
593426
593025
593349
593079
593404
593252
593938
592734
592287
593105
593314
593746
593588
592497
592883
593638
593862
593611
593797
593079
592952
592862
594337
592485
593128
592750
593337
593341
592425
592595
593847
594005
593316
593853
593020
593855
594211
593128
594006
592803
593060
593833
593527
592151
592692
593505
592951
593753
593410
594141
593232
592713
592966
593618
593492
593490
592773
593896
593755
593465
592202
593130
593792
593716
592729
592963
593352
593676
593425
593399
593348
593207
592415
593328
593099
593487
593637
593520
593626
593194
593446
593482
592489
593483
593845
592983
593050
593806
593809
592920
593068
593211
593046
593363
593439
592901
593525
593812
593504
592771
594043
593227
593515
592529
593724
593656
594069
593326
593460
593278
592357
593197
593069
592652
593231
593507
592838
594022
592946
593081
593323
593613
593679
593183
592612
593766
594151
593496
592816
593247
593892
593528
593213
594075
592294
593191
594242
593762
593096
593255
592922
594071
593231
593541
593474
593062
593127
592315
593515
593621
593517
593220
593800
593129
593013
593495
593073
593052
