534815
534881
536001
535439
534373
534640
534672
535505
534968
535440
535540
534878
535570
535499
535453
534606
535843
535881
535077
535020
535285
534186
535026
534533
535020
535674
535074
535948
534956
535486
535540
534886
533895
534649
535662
535208
535414
535924
535485
534699
534563
534806
535040
536025
535186
534737
535556
534724
534378
536763
535554
536149
535302
534726
535909
534967
535413
534838
535738
535115
534616
534728
534925
534322
536293
535628
534943
534991
534661
535073
535247
535505
535439
535542
535072
535023
535483
534294
535511
534739
535246
535443
534297
535097
534923
535097
534497
535331
535269
534562
534929
535593
535559
535440
534918
535406
534989
534896
535212
535615
534752
534989
535736
534900
534905
534890
535600
534569
535575
534968
534938
534984
535084
534885
534757
534502
535129
535018
535068
534412
535165
534752
534607
535343
534986
535305
535198
535071
535358
535398
534763
535551
534394
534764
534736
534459
535348
535669
534801
535148
534853
534692
535365
535391
534875
534635
534142
534618
534680
535279
535765
534970
534599
535134
535439
534187
534723
535571
535203
535010
534391
536091
535257
535195
534750
535099
535583
535086
535473
535103
534814
534826
534681
534646
534726
534630
535443
535130
535340
534967
534691
534461
534633
535642
535814
534741
534779
534727
535290
535217
535150
535187
535109
534584
535235
535597
535257
535608
534583
535546
535514
534736
535096
535392
534982
534358
535796
534825
535154
535230
535302
534665
535410
534459
535303
534686
534883
535139
535327
534325
535599
534970
535025
534945
534808
535539
534559
534953
535487
535034
534734
536077
534814
534741
534912
535829
535144
535715
534448
534458
534768
535221
535141
535587
535007
535527
534689
535064
535443
534439
534656
534407
535045
535133
534393
535136
534724
534385
535008
535160
534683
534026
535315
534896
535209
534289
535656
534140
535600
534598
534859
534913
535903
535962
534992
534861
535328
534927
535757
534844
535093
535735
535127
534809
534495
535576
535009
535056
534750
535315
534792
534963
535368
534957
535147
535619
534816
535243
536351
535554
534959
535314
535210
535300
535200
535462
535497
535848
535229
535097
535477
535820
534260
535138
534953
534672
535192
535585
534855
535565
534502
536030
534540
535041
533990
535265
534833
535301
534791
534440
535023
534929
535014
534455
535358
535107
535552
535335
535527
535777
535521
534806
535180
534977
535066
535514
535723
535622
534736
535364
534947
535238
535217
535564
534955
534492
535339
534702
534871
535602
535495
535365
535512
535582
535394
534862
535206
535296
535222
534646
534180
534535
534730
535182
535637
534908
534753
535122
534855
534655
535078
534544
534282
534323
535106
535419
534599
534824
535695
534863
534228
534188
534871
535217
534780
535203
534571
534410
535212
534722
534704
535969
535579
536166
535040
535627
534590
534774
534735
535382
535129
535401
534133
535506
535523
534707
535196
535203
534468
535686
535376
535767
534584
534919
535019
534552
535234
535657
534549
535049
535251
535418
534450
534934
535018
534932
535191
536049
535209
534723
535818
535267
535007
535443
534672
535826
535088
534966
534868
534618
534851
535041
534828
535253
534029
534747
534738
534301
535071
534651
534759
535830
534662
534258
534719
535648
535285
535459
534887
535120
534548
535823
534499
534816
535284
535454
535667
535769
535056
534620
535293
535341
534957
534225
535534
535889
534996
535037
535304
535887
534709
534397
535136
534515
534935
534991
535693
535279
535243
534934
534956
534787
535080
535832
535671
535117
535165
534155
535281
534925
536096
534532
536014
534818
535162
535067
534877
535334
535575
534849
534781
534743
535060
534746
535403
535483
535406
534438
534250
534819
535105
534786
536171
534470
534573
535790
534411
534569
535715
534921
534607
534419
535684
535672
535886
535081
535344
534651
533495
534557
534993
535521
535141
534293
534156
535847
535145
535444
535062
534126
534595
535820
534466
535782
535221
534940
534590
535587
534817
535573
533681
534861
535130
535441
534239
535201
534884
535551
534449
535213
534135
535038
535308
534980
534189
535165
534877
534643
535211
535622
536013
535735
535302
534820
535533
535146
534729
535834
535464
535163
535489
534771
534926
534516
535048
533819
535539
535244
535415
535245
535188
535605
534935
535259
534767
535693
535875
534947
535632
534735
535015
534414
534245
535177
535380
535347
535232
534755
534541
535479
535935
534829
535140
535195
536069
534948
535329
534700
535139
536319
535265
536152
535103
535903
535337
534950
535225
534732
535809
535085
534660
535361
535385
534940
534844
535283
535492
534972
534615
534831
534997
535663
535547
535985
534145
534758
535598
535313
533830
535102
535331
535067
535052
535405
535022
535410
535371
534811
535951
534565
534817
534697
534840
535393
535710
534730
535454
535594
534169
534781
533832
535300
534985
535081
535281
534642
534989
535531
535594
533745
535167
536145
534071
535443
535778
535661
534733
535685
535546
535728
535659
535495
535530
535104
534567
534760
534996
533944
534761
535419
534690
535229
535608
535137
535024
535511
535696
535664
535399
535060
534181
534957
535821
534807
534848
535225
535412
535869
535356
535688
533987
535237
534430
535891
534860
534888
533913
535150
535001
534990
534350
535859
535277
535034
534896
535161
535079
535349
534374
534794
535107
534512
534975
535452
534768
534942
535277
534773
535133
535742
534708
535473
534667
535255
535429
535437
535366
535288
535623
534902
534602
535651
534734
535209
535132
534744
535228
534980
534919
534604
535088
535102
535066
535495
534775
535306
534315
534984
536357
535746
535631
535412
535020
534805
534913
534825
535217
535938
534842
535902
535528
534783
535049
535458
534843
534988
535631
535439
535253
534840
534820
534934
536477
534806
534754
535216
535715
534112
534842
534934
535333
534901
534952
534690
534441
535765
535951
535807
535259
535116
535095
534848
535086
535884
534519
534971
535392
535617
535048
535287
535078
534314
534530
535492
535452
535666
534668
534920
534662
535047
534761
535559
534714
534950
535013
534470
535139
535523
535324
534351
534737
534967
534618
534418
535259
534869
535824
535521
534814
534805
535959
535183
535782
535259
535230
535528
535668
535360
534630
535420
534838
534521
535082
535843
535041
535410
535189
535457
534694
536074
535805
534912
535188
533894
534766
534979
534637
535019
534852
534967
535574
535141
534328
535671
535354
535463
535175
535825
535710
535434
535266
535835
535125
535613
535240
534861
536252
535576
534277
535322
534780
535429
534714
535635
535527
534715
534192
535356
535162
536162
534740
534993
535496
534830
534926
535116
535272
534864
534950
534337
536112
534005
535618
534843
535466
534983
535589
534285
535111
536379
535321
534439
534005
535459
534405
534739
535288
534402
535237
535456
535319
535973
535274
534972
534716
534485
535475
535449
534911
534208
534359
535602
535456
534958
534179
535844
534666
534378
535107
534674
535517
534993
535114
535221
534728
534656
535802
534846
535962
535515
