376032
375349
375615
375977
375459
375204
375105
376277
376194
375143
375883
375236
376188
375972
376241
375952
374937
375190
374730
374124
375371
375508
376218
375501
374368
375674
375825
375335
375703
376367
376208
375432
375427
375887
375331
375201
375455
375851
375956
376262
376173
374631
375578
375592
375663
374939
375946
375532
375016
375718
375736
375416
376047
375641
376709
376520
375882
375329
375937
375561
375621
375422
374731
375830
376254
375714
376037
375793
375789
375567
375275
375279
375480
375997
375287
375470
374608
376094
376107
376206
375601
376076
375698
375512
376426
375275
374905
375110
376157
375115
375566
375315
375126
375322
375516
375553
375466
375210
375518
375308
375250
374540
375286
375775
376496
374825
375363
375601
376032
375200
376039
375763
375325
374862
374760
375975
375513
375430
376283
375943
375611
375298
375212
375224
375288
375216
374815
375755
375549
375372
375708
375360
375303
375966
375002
374951
375762
375820
375683
375601
375367
374857
374948
375704
375728
375561
375442
375506
376174
375690
374393
375623
376595
375316
375573
375603
375026
375475
376490
375788
374749
375820
375894
376313
375826
375824
375817
375230
374993
374845
375763
375570
375168
375406
374989
375163
375395
375607
375569
375262
375613
375926
375137
375528
376429
375370
375811
376233
376181
374996
375031
374670
376030
376008
375411
375019
375113
375947
375755
375811
376315
375967
374611
375622
375328
374815
374956
376007
375100
375627
375607
376107
375274
375324
376343
376346
374721
375535
375825
375529
375252
375022
375604
375525
374626
375193
375504
374882
375722
375484
375749
375352
375579
374710
375442
375133
375969
375314
375474
375417
375618
375850
375600
374885
376064
375277
375742
375836
374969
375633
375447
374704
376155
375950
375970
374894
375247
375884
375288
374614
375193
375367
375739
375132
376201
375383
375732
375749
375073
376821
374992
375358
375770
375688
376457
375941
376142
375500
375452
374973
375267
376149
375519
375204
375631
375071
375451
376072
375012
375608
375789
376132
375344
376090
375702
376187
375907
375264
375323
376225
375147
375350
376045
375667
374889
375714
374909
375941
376028
375801
374509
375783
376297
375995
375897
375578
375189
375033
375973
374985
374898
375347
375528
375618
375916
376721
375565
376214
375843
375914
375720
375517
375538
375009
375406
375391
375275
375141
375493
375990
374785
375334
375958
376767
375040
375431
376065
375244
375737
375931
375209
375886
375620
376044
376061
375582
376219
375131
375555
375660
374752
375885
375502
375013
374995
375390
375039
375839
376670
375937
375348
375010
375676
375094
375576
375582
375558
375093
375303
376085
375604
375900
377030
374322
375220
375240
374945
375581
375126
375409
375586
375527
376347
375114
375816
374904
375705
375776
375412
375233
375001
374794
375988
375549
374580
375875
375781
375038
375968
375267
375555
375319
376498
376641
375976
374976
374836
376074
375883
375726
375764
375277
375956
376195
375295
376363
376429
375273
375912
375515
375824
374813
375465
375405
375549
375124
375243
375418
375388
375263
375388
375694
374903
375635
374848
374751
376346
376190
375295
375207
374371
375659
375378
376427
375124
375642
375778
375365
375993
375798
375778
375032
375565
375830
374445
375860
375716
375528
374967
375467
375195
375763
375442
375979
375683
376518
376433
376147
375128
375474
374787
375952
375514
374950
375512
375590
375479
374936
374585
375839
375633
375588
376643
375917
375106
376742
374257
375464
376333
375649
374896
376531
375083
375530
375649
375975
375653
374978
374624
375797
375473
376214
375775
375366
375771
374773
376204
374888
375707
376175
376346
375281
376592
376044
375139
375198
375939
376232
375939
374931
375908
375472
376512
376166
375567
374734
375775
375175
375836
375848
375598
375684
375535
376122
374895
374517
375465
375158
374896
374545
375630
376360
375893
375091
374848
375005
375505
375971
375697
375954
374956
375821
375419
375955
375420
376698
375338
376458
375246
375372
376578
375718
375781
375463
375658
375238
375242
375711
375740
375573
375514
376158
376322
374690
375134
376106
376192
374843
375903
376059
375469
375152
375351
376323
376233
375612
375648
374960
376062
375966
376160
375489
375783
376670
376224
375839
375888
375442
375422
375454
375570
375864
375413
375437
375503
375122
374962
375634
375542
375519
376169
375435
375827
375286
376014
376152
375257
375064
374630
375500
375534
376191
374660
376073
375878
375826
375023
374979
376121
375360
375431
375909
375656
375093
375731
374998
375188
375976
375146
375628
376004
376093
375891
374625
375329
374995
376525
374693
375472
375578
375814
375984
374812
375921
375239
375588
374653
375286
376253
376333
375228
375402
375309
375448
374861
375711
375562
375893
375781
375141
375760
375290
376008
375283
375510
375449
375689
375402
375966
374953
375698
376246
375086
375417
375425
374520
375892
375404
374608
376462
375498
376068
376188
375858
375885
375773
376117
374203
374861
376332
376190
375631
376075
375865
375406
376179
374997
375345
375336
375522
375535
376016
375566
375183
375610
375705
374780
375233
376180
375425
375036
375995
376667
376334
375133
376064
375993
375684
375742
375778
375809
374848
376313
375183
375037
374783
375873
375624
375444
375869
375529
374968
375536
375118
375993
375116
375674
375688
375835
376427
374820
375408
375626
375454
375062
375258
375951
375401
375295
376755
375747
375885
375573
376030
375640
374545
375587
375522
375482
375895
374440
374902
375131
375398
375901
375112
375760
375066
375663
375786
375689
375386
376188
375637
375858
376068
375164
375129
376182
376340
374457
376758
376555
375845
374792
374820
376105
375193
375320
375803
374461
374742
376148
374432
376124
375754
375052
375392
375740
376301
375881
375264
375910
376205
376778
376735
376092
375337
375795
375896
375573
375681
375536
375834
375214
374958
375465
376318
375900
375885
374966
375902
375282
375800
375800
375096
374885
375267
374905
375662
375418
376042
374582
376176
374800
375946
375805
375642
375208
375909
376188
375307
375263
376014
375679
375507
375352
375425
375698
376137
375069
375242
375328
375847
375212
375588
375274
375327
375182
375506
375619
374857
376234
375517
375758
375358
376085
375591
375453
375587
375638
376300
375537
375763
374886
375438
375325
375999
375359
375699
375031
375092
375650
376083
375520
376432
375155
375281
375460
376076
375646
374947
374834
375995
375376
376054
375671
375259
375815
375705
375499
375037
375406
375446
374941
375854
375087
375558
375009
375222
374608
376674
376730
375276
376020
375594
375530
375677
375516
375145
374615
374648
374896
374283
375553
375600
375653
376517
375299
375737
375514
375205
375382
375308
375661
375451
375424
375814
375757
375432
375202
376266
375267
375376
375235
375388
374881
375458
375969
375495
375785
375398
375643
374897
375595
374957
375099
375828
375534
375804
375529
375160
375251
375799
376384
375835
375655
375999
376324
375303
375693
375161
376432
375405
376045
375497
375322
375601
376099
375685
