569377
568313
569434
568729
569055
568804
568372
568892
569843
569821
569526
568277
568717
569153
568111
568834
569780
568203
568747
569181
569030
568550
569014
569084
569490
569307
569361
568376
568654
570375
568218
568754
568871
569131
568620
568773
567884
568274
568496
568432
569059
568430
568588
568953
568911
569301
568493
568326
568849
568362
569031
568677
568654
569273
569280
568996
570748
569738
569869
568929
569112
569228
568190
568992
569263
568976
569844
568731
568861
569171
568776
569609
568396
570314
568746
568292
569875
569135
569037
568137
568995
568708
569485
568915
569152
569199
570241
568927
569284
569363
568460
568917
568882
568808
568796
569163
568976
568854
568980
569487
568352
569299
568498
569245
569082
568343
569590
568589
569070
568807
569121
569642
569832
568439
568698
569011
569188
568931
568200
569140
569198
568920
568914
569320
568404
568826
569076
568358
569693
569763
568829
568884
569510
569123
569844
568645
569762
568996
569174
568786
568881
568646
569653
568684
568030
569046
567806
569263
568160
568955
568359
568646
568785
568835
569060
569442
569362
569015
568881
568231
568056
568214
569486
569076
567942
568350
568515
568803
568815
568660
568696
569095
568926
568192
568735
568370
568794
569599
569639
568400
568441
568687
569282
568230
569056
568288
568525
568918
568909
567877
568825
568912
568834
568799
568703
569287
568911
568687
568294
568988
568883
569816
569501
568550
569445
568755
568656
568545
569010
568268
569464
569241
568009
568996
569147
569820
569111
568347
569529
569058
569404
568604
568641
569665
568311
569194
567983
569608
569046
568291
569174
567911
569102
569060
568734
568226
569330
568734
568380
568798
569189
568793
569563
568809
568685
568994
568435
568308
568889
569695
568908
569383
569820
569365
569763
569455
569446
568952
569034
569067
569233
568593
568411
568840
569016
568731
569202
569451
569128
568824
569435
569176
569504
568235
569646
568544
569265
568976
568305
568182
569432
569992
569313
568904
568274
569309
568766
568980
569395
568742
569524
569002
568861
569394
568410
568786
568740
568691
568957
569262
569023
569523
569375
569166
569462
569684
568599
569118
568515
568510
569434
568720
568643
568908
569400
569391
569507
569503
568629
569615
568623
568433
569019
568831
569325
569377
568442
568585
570407
570233
568172
569198
568526
569430
568391
569265
568828
569118
569140
568555
567843
569220
567709
568706
569745
568523
568433
568868
568630
568661
569255
568681
568484
568136
569341
568524
568141
568553
568634
569095
568128
567904
568906
568796
568547
568606
569363
568994
569037
569160
569353
568622
568943
569408
568842
568174
568956
569292
568795
568913
569339
568843
568830
567984
569080
568253
569435
569052
569362
568167
568464
568765
568931
569088
569601
568460
568989
569959
569098
569904
568033
569012
569142
568776
568147
569758
569289
568658
568381
569252
569094
569095
568225
568628
569957
569398
569139
569232
569310
568117
568408
569093
569564
568889
568710
568911
569389
567908
568997
568751
567650
569194
568772
569376
569318
569151
568810
568351
568581
569200
568380
568686
569109
568399
569535
568425
568724
569073
569055
567981
568826
568780
568886
569903
568985
568828
568804
568795
569258
568441
569419
569318
569104
568831
568396
568216
568464
568617
568827
568739
569294
568484
568738
569429
569003
568709
569463
568483
568762
569441
568992
568836
568582
569178
569907
569000
568833
568811
569479
569053
569520
568692
568668
568399
568980
569146
568788
568462
568300
569288
569220
568983
568944
569881
569329
569065
569229
569169
569451
568624
568307
569441
568775
569053
568277
569308
568419
569072
569182
568881
569282
568774
568823
569217
569857
568941
569159
568192
568651
568563
569620
568771
568305
569450
568988
569090
568657
568639
569089
569388
568872
568916
567859
568498
568457
569504
568879
568526
568151
568544
568825
568805
568800
568868
568850
569378
569636
569607
569311
569320
568839
568478
568966
570545
570025
568640
568991
568357
568646
569178
568185
569453
569306
569730
568859
568763
568647
570658
569337
569079
569368
568491
568161
568857
568995
568741
568755
568595
569250
568077
568906
569203
569230
569310
569037
569365
567596
568669
568945
569631
568935
569244
568617
568786
569260
569284
568907
568948
569325
569360
569706
569477
569020
568687
569410
569284
569152
568184
568528
568596
569235
569653
568838
568632
568265
568722
569477
569639
567670
569094
567882
568922
568619
569159
569312
568812
569109
569109
568416
568351
568115
568822
568937
568088
569138
569263
568345
569201
568240
569829
569106
568648
569080
569074
569582
568249
569144
568840
568576
569530
567932
569751
569066
568358
568831
569536
569406
569557
568990
568827
568351
568589
569242
567695
568969
569147
569088
569401
568361
568462
568478
568463
568376
568808
568569
568829
569548
568210
568591
569221
569095
568571
568459
569124
569018
568231
568846
568314
568621
569232
569094
569080
568698
568520
568582
568637
568905
569986
569401
569215
569225
569251
569305
568649
568760
570161
568341
568948
569087
569121
569275
569101
569207
568648
568324
569359
569003
569026
569465
569531
568320
569258
569707
568936
568269
569412
568038
569527
569310
568561
569296
568448
568519
568771
568107
568938
567974
569112
568880
568724
569237
568375
569945
568700
568523
568878
569257
568830
568851
568157
569234
568980
568916
569022
569074
568406
569062
568412
568761
568982
569081
569220
568986
568579
569084
568237
568461
568227
569148
569014
568772
568708
568728
568644
568151
567965
568363
569031
569851
568667
568450
569233
568671
568650
569199
569318
569111
569288
567746
568758
569426
569123
567872
569474
568851
568719
568676
568731
568754
568943
568242
569946
569361
568920
569008
569020
568187
568557
569204
568412
568880
569588
569610
569377
569574
569849
568473
569041
568545
569453
568673
568696
569371
567955
567717
568330
570159
569371
568494
569308
569274
569442
568603
569103
569573
568606
568588
569237
568511
568478
568462
568470
568204
569091
568717
569372
569260
569471
568217
569294
568740
568216
569070
568738
568635
568679
569956
568683
569218
568673
569705
569761
568673
569337
568386
569349
569459
569272
568782
568738
568024
569034
568351
568345
569138
569277
569570
569489
569643
569169
569311
567856
568854
568441
568219
568754
569673
568696
568622
568610
568837
569602
568617
569560
568960
568454
569026
568921
569367
568770
568381
568074
568873
568349
568865
568695
568539
569459
569115
569915
569006
569085
569368
569084
568885
569050
568924
569092
568449
569690
568071
569096
569308
568691
568984
568652
569106
568265
568731
567914
569466
569206
568777
568107
568683
568452
568606
569006
568987
569903
569926
568985
568206
569095
568574
569653
569047
568802
568919
568619
568436
569527
568178
568898
569399
569405
569057
569437
569228
568960
568321
569154
569082
569134
568692
569110
568820
569306
569631
568281
569481
568010
568625
568837
568896
569581
569506
568804
568751
568955
568767
569623
568878
568910
568921
569049
568505
569360
567990
568116
