519737
519475
520242
519780
519725
519577
519955
519489
519534
519689
520350
520106
520310
519972
520166
520230
520143
519749
519323
518754
519270
520062
519620
520327
519602
520188
519717
519402
519021
520168
520211
520012
519976
519711
519514
519838
519462
519397
519682
519464
519566
519143
519958
519664
520147
519626
520920
519341
519528
520502
519803
519851
519773
520076
519518
519268
520048
520275
518752
520238
519554
519481
519702
519478
520379
519566
519945
519578
519564
519657
520069
519656
519545
520278
519790
518858
520324
519070
519859
519821
519842
520045
520020
520034
520729
520286
519956
520443
519291
520262
519421
519577
520152
520258
519744
520022
519914
519367
520715
520558
519596
520475
520344
518863
520056
519363
519497
519711
520180
519741
519417
519496
519296
519164
519264
519398
519973
519769
519954
520342
519941
519565
520266
519854
519433
520516
520930
519888
519499
519863
519787
519772
519063
519605
520085
519472
520344
519485
520215
519952
519545
520829
519682
520675
519283
520084
519806
519976
519389
520586
519984
520374
519987
519829
519239
519629
518812
520495
519807
519689
520236
521114
519357
520109
519134
519347
520146
519954
519796
519483
519632
519601
519646
520552
519962
520361
520986
520118
519781
520085
520076
520236
520242
519464
520489
520280
519342
520261
519908
518826
520788
519332
519404
520080
519465
519486
519216
520394
519754
519791
518913
519680
519022
520099
519668
520118
519574
519248
519135
518873
519741
519621
520726
519347
519724
519699
519531
519756
519623
520574
520265
519493
519960
520071
519346
520240
518858
520142
520149
520046
519898
520712
519616
519970
520134
520053
520513
520009
519061
519717
519806
519928
520370
518963
519875
519321
521241
520098
520550
519386
519529
519747
520640
519859
520348
519841
520197
519761
519464
519182
520005
519932
519674
520721
520379
518918
519668
519716
520416
519384
518940
519805
520052
520105
520440
519951
519865
519183
519691
519485
520297
519905
519824
520497
519470
520147
519495
519965
519433
520357
520165
520593
519922
519532
519748
520069
520162
519395
519587
519899
519868
519624
519903
520386
519900
519606
519948
520100
518958
520009
520089
520115
519912
518838
518763
520520
520151
519496
519401
519325
519322
519976
519589
520453
520978
519547
519489
520604
520018
519180
520108
519938
519885
520074
519964
519020
518832
519553
519718
519091
520039
519893
519289
520043
519276
519820
519056
518920
520582
519342
519843
519510
519815
519727
519876
520169
519776
520507
520211
519538
519629
520711
519387
520078
520883
520255
520434
519616
519557
520159
521087
520451
519319
520241
519428
519935
519148
519776
519554
519110
519759
519293
520194
519469
520410
519871
519796
519756
519410
521527
520071
519682
519987
519769
519573
519308
519702
519428
520037
520239
519129
519922
519476
519494
519820
519546
518885
519540
519722
520306
519325
519059
518566
519259
519494
519286
518809
518964
520347
519345
519992
520173
519312
520110
519906
519812
519740
520143
520050
520151
519168
519637
520385
519786
519315
519206
519971
518876
520279
519547
520453
519727
519748
519992
519983
519098
519810
520112
519765
520257
520334
520205
520408
519618
518972
519843
520192
520576
519270
519366
519752
519824
520316
519349
520067
520490
519954
520397
520340
519702
520317
519769
520001
519226
519996
520185
519982
519944
519764
518630
520076
518607
519926
519411
520823
519860
519673
519568
520266
520459
519456
520822
520187
519640
519537
519660
520295
518891
519862
519874
519740
519231
519752
519982
519765
520320
521059
520377
519988
519645
519772
519565
519208
519163
520009
518883
519864
519552
519421
519147
519158
520536
519696
519342
519613
519977
519504
518711
519148
519761
520772
520637
519383
520639
520555
519315
518979
520166
520094
519079
519429
520475
519443
520927
520565
520018
518623
519327
520627
519097
520251
519911
519654
520021
519941
519415
519772
519360
519019
518972
519924
519632
519067
519067
519719
519516
519378
520574
519640
520201
519445
519993
520852
519898
519206
519713
519946
520161
520700
518828
519854
520609
519691
519574
519602
519708
520006
519472
519825
520938
519604
518854
519836
520556
520875
519819
520011
520073
519263
519782
520035
519844
520162
520501
519082
519896
520190
519617
519628
519972
519616
519941
520812
520487
519529
519708
519915
519531
519417
518562
519720
520259
520473
518632
518972
519315
520534
519787
519192
520455
519633
518692
518380
520003
520235
519899
519394
519568
520225
520115
519608
519554
520219
520160
520123
519524
518982
519892
520504
519543
519421
519339
519691
519378
519551
519210
519025
519832
519087
520362
520259
520413
519579
519346
519044
519642
519186
520385
520110
519195
519763
520019
519558
519688
519952
519619
519851
519584
519906
520139
519324
520867
519770
519111
518780
520183
520604
519386
519255
519085
520625
520142
519132
520326
519463
519629
519929
519937
520682
519156
519856
519388
519716
519495
519052
520198
519902
519505
520055
519951
518748
519611
520132
519662
520248
520470
518984
519968
519694
519543
520152
519725
520417
519223
519398
519944
520453
519254
519538
519502
519723
518428
519953
519547
519360
519786
519858
518591
520247
520313
520264
519828
519669
520270
520411
519623
519324
520018
519734
519753
520345
518846
520278
520594
519312
520179
519449
518662
520682
520734
520072
519328
519037
520123
519891
520136
520547
520348
520748
519337
519767
518963
519375
520024
519201
519035
519598
519800
519977
519845
519933
519484
518965
520293
520100
519971
520095
519750
520279
520207
519237
518920
520494
518904
519769
520138
520774
519741
520674
520162
520058
520716
519015
519331
519290
520141
519265
520598
519741
519904
519348
519446
519203
519677
519789
519472
518840
519739
520890
519632
519247
519547
519823
520260
519574
519800
520610
520164
519367
520014
519568
519905
519989
519864
520501
520054
520316
519830
519241
520067
519889
519606
519372
519824
518977
519847
519872
520370
520567
519580
520182
520309
520312
519711
519580
520041
519136
519693
519839
519318
519684
520235
519569
519962
520374
519409
519549
520604
520074
520478
520658
519929
519807
519096
521113
519586
519965
519778
519584
519720
519756
520068
519822
519370
519018
519450
518997
519166
519179
519512
521048
520801
519478
519967
520500
520184
519123
519396
519806
520402
519090
519128
520860
520096
519175
519574
519767
520004
520002
518813
519678
519768
519263
519226
520559
520177
520763
519303
520621
519408
518535
519687
519704
519062
519234
520468
519483
520046
519080
519662
518874
519363
520077
519922
518823
519889
520039
519449
520028
519700
519351
519936
518908
519862
519562
520473
519271
519732
520503
519800
519681
519655
519971
520463
519971
519596
519740
519073
519681
520355
520453
519879
519961
518557
519314
519005
519959
519695
519410
519429
519647
520316
520697
519430
519389
518518
519522
519490
519435
519637
519562
519774
519990
519471
519833
518971
520087
519445
520200
518882
520809
519969
519863
519557
519301
519319
520380
520013
519587
518775
