363370
363918
363049
362896
363521
363168
363895
362684
362872
362834
363183
362877
363675
362923
363362
363173
362742
362902
362388
363142
363537
362774
362631
363236
362715
363446
363083
362053
363979
363764
362903
363244
363567
362911
363210
363464
363828
363593
362495
363649
362893
363269
363308
362222
363506
363198
363283
363173
363981
363536
362347
362958
362828
362700
363405
363791
362333
362347
363074
363299
363770
363439
362725
362807
363259
362951
362679
363093
363087
363117
363000
362634
362457
363204
363048
363093
363617
362725
362439
363207
362351
363131
362701
362491
363162
363121
363226
362552
363921
363658
361712
363463
362886
362694
362841
362991
362856
365000
363767
363583
362714
363208
362855
362555
363928
363596
363791
363368
361985
364149
363656
362794
363488
363214
363238
362960
362807
362862
363233
363529
362517
362686
363177
362407
363186
363083
362899
362511
362965
362947
363073
362408
363709
363519
363580
362405
362797
362980
362793
363213
361790
363338
362192
363845
363252
363630
363420
362853
363280
362195
363929
363275
363132
363164
363199
362575
362516
363993
363317
363118
363338
363687
362839
362885
363137
362064
362793
362925
363504
363567
363544
362930
362880
362049
362781
362218
363030
363692
363005
364030
362923
363468
362425
363204
363299
363925
362544
363405
363445
362920
363205
362121
362537
362859
362811
363428
363763
363233
363491
363872
363208
363669
363067
362880
362854
362976
362079
363803
362809
363126
363345
362908
362188
363555
363831
364032
363440
363226
362283
362949
363480
363416
363751
363682
363285
363465
363489
362247
363145
363799
362383
362952
364183
363380
363961
363477
363253
363219
363528
362366
363733
363451
362770
362198
363652
362617
362787
363044
363029
363065
362850
363223
362164
363212
362012
364525
362793
363396
363381
363241
363607
363748
363304
363602
362952
362371
363112
363105
363742
363198
362585
363448
363122
363108
363074
362720
362759
363449
362462
363587
363072
363277
363631
362875
362558
363289
363347
363950
363958
363287
361802
363300
362690
363571
364043
363574
363301
363175
362216
362928
363021
363272
362731
363547
362829
362783
363363
363136
362644
362928
363926
362703
363525
363351
363495
363455
362653
362609
362987
364168
362221
362542
362398
362641
363452
363696
362734
362692
363736
363036
363191
364347
363156
363071
362605
364364
363933
363491
362794
363071
362557
362746
363110
363573
363107
363471
362844
363756
362277
363421
364431
362359
363943
363023
363519
363263
363585
362873
363319
362064
363194
361761
363296
363648
362711
362424
362433
363594
362893
364230
362696
363135
362824
363513
363369
362208
363917
362634
362365
362856
362528
363832
363218
363150
362259
363351
362472
362625
363188
363341
363890
363033
364179
363460
362937
362918
362276
362919
363333
362625
363443
362725
363498
362342
363081
362701
363431
362242
363224
362632
362609
363825
363225
362837
363359
362657
362768
362287
362488
362989
363008
363021
363313
363900
363100
362926
363096
362719
363511
363296
363227
363258
362599
363175
362334
362423
363775
364005
363561
363652
363139
363306
362779
362928
362857
362743
363060
362928
363494
364007
363253
361874
363298
362960
363967
361984
363321
362218
364587
363089
362689
363497
362617
363084
362484
363474
363571
363687
363612
363766
363387
362771
362683
362853
361828
362587
363058
363290
363509
363049
362793
363028
363171
364091
362568
362716
363499
362567
363027
363225
362984
362372
362638
363009
363159
363078
363425
362711
362739
362801
363391
362216
363734
363480
361932
363190
363449
363280
363048
363229
362434
362917
362698
362942
363104
363457
363049
362963
362905
363191
362402
362360
362103
363035
362868
362871
363699
362286
363913
363312
363399
362910
363130
362957
362751
362225
363188
362627
363372
363145
362736
363585
364085
362840
364201
363246
362670
364596
363049
363113
362653
362739
363782
363065
364107
362306
363417
363380
363523
362509
363078
362140
362751
363449
363710
363428
362422
363841
363071
362805
363577
363602
362281
362928
362807
362316
363139
363154
363024
362724
362868
362881
363285
362626
363646
362564
362803
362771
362856
362887
363528
362901
362712
362372
363748
362625
363664
363814
362875
362983
362412
363061
363644
363764
362573
362649
363147
363119
362516
363112
364001
363245
362265
363466
363149
362727
364146
362932
362852
362832
363027
362773
362956
363245
362983
362450
362918
363578
363191
363768
363440
363165
362945
363151
363381
362516
363875
364463
362545
362893
362382
363000
363061
363817
363158
363530
362440
362982
363021
362919
362519
363166
362863
363332
363877
363632
363131
362534
363226
363079
363486
363690
362986
363446
363577
363392
362516
363404
363341
363052
362831
361629
362772
362933
362313
364444
363490
362669
363160
363648
363227
363029
363769
363111
363474
362880
363630
363471
363711
363845
363004
363047
363313
363297
363158
363203
363443
362865
363412
363654
363580
361921
363008
362807
363175
363454
363631
363521
362967
364180
363186
363147
363349
362956
363217
362917
363028
361633
363758
362746
362515
364026
363052
363256
362938
363916
362416
362662
363462
363204
363508
363038
363348
363639
362334
363293
362810
363165
363726
362701
363215
363345
363303
363031
363473
363486
362790
363425
363200
362686
362097
362705
363651
363333
363337
362842
362479
363368
363674
362625
363933
362934
363617
364329
363323
362725
363966
362660
363284
362776
362432
363267
363028
363893
362791
363349
363336
363499
363317
363267
362284
363741
363059
363761
363347
362927
363812
363386
363747
362404
362741
363316
363459
362807
363427
362839
363261
363041
362982
363779
363753
363395
363873
363235
362737
362889
363474
364385
363484
362298
362759
362873
362959
362840
363353
362606
363053
363117
363021
362711
363023
363408
363942
363705
362938
363646
363013
364116
362876
363496
363971
362582
363526
362808
364391
362726
363186
362667
363013
362979
363194
362685
362572
362260
363263
362511
363263
363006
363464
362958
362669
363558
363658
363396
363442
362502
363240
363875
363574
362877
363143
363122
362970
362766
363429
362580
362635
363350
363018
362852
362500
363427
361932
363152
362430
363433
363427
363339
362713
364068
363763
363080
363258
363010
363620
362551
363419
363707
362459
363651
362511
364082
363237
362718
362709
363428
362800
363837
362489
362791
363128
362955
363006
362366
363438
362894
363208
362832
362355
363193
363407
362810
362873
363464
362751
363351
362902
364188
363591
362652
363120
363006
363315
362202
363919
362969
363597
363716
363521
363394
362854
363929
363248
363144
362816
362585
363441
362786
363528
362971
363002
363178
363362
363169
363441
363462
362876
362943
363325
363131
363792
362661
362125
363606
363209
362998
362400
363396
364002
362321
363283
362862
361922
363262
363399
362976
363790
362501
362988
363520
363386
363125
363481
363367
363283
363555
363639
363461
363322
362978
363418
363034
362009
364107
363223
362212
363353
363659
362256
362190
362734
362721
361972
363002
362445
362768
362722
363565
363236
362729
