419885
420468
419203
419857
419203
419553
419805
419655
419631
419824
419758
420048
418928
420070
418999
420419
420918
418700
419550
419041
420107
419481
419513
418879
419745
419816
419187
420611
419558
419340
420216
419951
420111
418526
419750
419597
419045
419494
419320
420220
419642
419274
419915
419846
419033
419574
419538
419792
419631
419596
419273
419603
419770
421176
419272
419679
419584
419322
419798
418478
418572
419337
419593
420349
420144
419135
419030
419712
419372
419758
420171
420356
419563
419040
419684
418872
419254
419113
420287
418009
419104
418000
419209
418829
420049
419793
420311
419469
420380
418560
420163
418691
420077
418921
420289
419756
418973
419482
419126
418969
418696
419049
420162
418873
419400
420247
419780
419580
419915
420504
419872
419678
420470
419205
419849
420000
419441
419162
419267
419256
419407
419977
419778
419691
418523
419684
419494
419555
420087
419767
419741
418742
418898
419588
420305
419799
419929
420254
419859
419334
420222
419662
419024
419403
419809
419477
419296
419290
420018
419152
419248
419496
419305
419723
418681
419049
420782
419781
420542
420352
418932
418878
419671
419958
419682
419010
420397
419887
419949
419818
419191
420230
419321
419763
419403
419637
419850
420002
419149
419478
420207
418421
420107
420072
419316
419773
419816
419758
420671
418886
419122
419786
419010
419747
418685
418848
419170
419436
419378
419964
419367
420451
419474
418582
420044
420041
419894
419265
420356
419443
418808
419686
419688
418450
419168
419599
418841
418652
418837
419531
419808
420205
419442
419974
419758
419508
420188
419889
419172
419205
419057
419631
419078
419364
419842
419835
419294
418994
419851
418386
419861
418974
418798
418819
418820
419433
419558
419090
420077
419250
419867
419827
419860
419424
420029
419073
419872
418990
418973
419746
419599
418986
419092
419728
420542
419505
419317
418881
419639
419441
419030
419641
419380
419439
418153
419970
419336
419379
419013
420227
420209
419143
419706
420907
420047
420072
419744
419678
419605
419372
419254
418927
419236
420228
420014
419344
419951
419306
419858
419426
420088
419108
419628
418939
419291
419640
419335
418840
420354
419227
419325
420133
419837
418667
418955
419948
419057
420160
418877
419859
419407
419569
420238
419442
419814
420751
419074
419350
419475
419117
419921
419097
419211
419458
419803
419884
420658
419749
419022
419614
419547
419549
420089
420148
419307
419642
419753
419405
419338
419597
419072
419572
419639
419558
419712
419377
420622
420453
419403
418659
420652
419999
419467
419428
418632
419956
419714
418529
419713
419369
419987
419079
420303
419461
419340
419231
418714
418704
419274
420105
419426
419248
420220
419552
420817
419379
419964
419695
419642
419551
419371
419639
419596
419276
419398
419700
419733
419012
420253
419624
419992
418744
419097
419709
420483
419342
419622
419472
419924
419799
418996
419980
420086
419856
419248
419976
419636
419446
419985
419374
419493
419831
420101
420531
419687
419684
419615
419157
419568
420228
420033
419602
419079
420522
418358
419227
419736
418517
419416
420098
419349
418333
418797
419772
420148
419929
420041
420036
418968
420216
419843
419222
419747
419606
419805
419996
419293
420001
419443
419172
419486
420487
419987
418955
419423
420055
418660
419505
419339
419290
419009
419478
419867
419293
420429
418945
419776
419396
418833
419373
419505
419000
420329
419507
419436
419190
419168
419743
420396
419467
419759
419994
419291
419948
420274
419382
419537
419085
419719
419809
419194
419813
420124
419321
419445
419407
419552
419063
418978
420128
418289
419615
420054
419891
420243
420704
420737
419684
418851
419558
420757
419184
419326
419762
418810
419006
419370
419200
419695
419185
419731
419192
419399
419560
419470
420326
419428
419914
418425
419985
418519
418280
419618
418973
419820
421048
419742
418544
420241
419818
419243
419075
418291
418840
419838
419915
418615
419634
419814
419255
419961
419608
418921
419785
419579
418985
419325
418767
418468
419308
420152
418949
419406
418363
419026
419940
419573
420062
419155
419183
419968
418425
419952
419810
418841
419697
420041
419888
420188
419746
418797
419215
419307
419097
418939
418759
418720
419560
419257
419729
418983
420041
419455
418446
419440
419301
418869
419767
419518
418966
419655
420030
418640
419287
419720
419098
419445
419529
419483
418903
419302
420209
420135
419648
420158
418820
419404
420221
419731
419813
419460
419540
419228
420158
419170
419074
418326
419452
420425
418392
419904
420306
419430
419199
419079
419930
419212
419375
420045
419581
418663
419940
419214
419801
419984
418885
419888
419104
418740
419731
418689
420332
419880
420111
419684
419407
419208
419624
418987
419361
419094
419305
419965
419753
419309
419614
419371
419243
419293
420180
419231
420093
419368
420131
419558
419160
420394
419034
419776
418888
420411
419599
419071
419773
419000
420211
419696
419469
420222
420306
419737
420458
419401
420500
418824
418747
419686
418996
419565
419528
419790
420276
419681
418984
418990
419668
419676
418879
419014
420100
419893
419043
419203
419543
419991
420020
420297
419380
419010
418880
419708
419897
420159
419017
419037
419699
418790
418815
418300
419227
419202
420328
418993
418991
420116
419932
419409
418771
419667
419972
419500
419190
419634
419144
419828
420021
419461
418652
419025
419510
419527
419960
419970
419904
419792
419239
419426
418948
420247
419617
419255
419572
419088
419276
419431
419487
420133
419352
419930
419803
419754
419704
419416
419124
419496
419972
419041
419960
419368
419775
420092
419274
419522
420123
419400
419947
419157
418870
419864
419168
419468
419928
419894
418995
419612
418656
419813
419795
419958
420134
418913
419500
419330
420157
419751
418790
419346
419549
420168
419535
418767
418735
419642
419685
419492
419317
419427
420104
419300
419166
419814
419692
419793
419710
419149
420230
419515
419494
418942
418992
419535
418025
418848
419663
420932
420131
419600
419927
419419
420307
419929
419932
419858
419319
419905
418814
420010
418867
419792
418905
419734
419101
419836
419987
419904
419118
419008
419221
419784
419928
420235
418750
418315
419838
418940
418700
419450
419743
418837
419208
419936
419816
419114
419025
420367
419774
419893
419223
419820
418585
419570
420366
420410
418999
419311
419989
419802
419787
418605
419781
419972
419397
419523
419686
419341
420043
419192
419390
419074
419952
419917
419659
419713
419314
420046
418901
419705
419110
418656
419840
419751
419451
419509
418937
419552
419154
419690
419969
418849
419478
419604
419185
419315
419466
419991
419357
419836
419082
418737
418839
419977
419717
419340
418755
419430
420095
418980
419492
419963
419690
419690
419609
419697
419739
419591
419915
419209
419096
419792
419626
419601
420006
418983
419997
419539
419329
418983
420271
419080
420071
418873
419725
419197
419852
419078
418897
418998
420273
419764
419488
419755
419684
419825
419351
419527
419324
418698
419196
420734
419819
418172
419271
419653
419059
419856
419224
420640
419493
419131
419903
