593604
592338
592983
594090
593314
593063
593323
593667
592808
593538
593231
593122
593253
593816
592999
593805
593600
592870
592907
594196
594073
592980
593245
593046
592728
593645
593495
594125
593337
592761
593136
592708
594129
592857
593969
593689
593413
593226
594067
593069
593067
592702
593474
592656
592087
593126
594119
593297
593264
592604
593688
592552
593061
593416
592414
593532
592697
593257
593517
593735
592644
593450
593805
593798
592824
594098
594249
592921
592360
592223
593733
592570
593264
592847
592758
593218
592810
594411
592685
592650
592744
593255
593274
593460
593102
592515
592414
593828
593018
592217
593475
594131
593344
593864
593453
592955
592565
592726
593348
592550
593611
593484
593434
593652
592513
591924
593172
593818
592938
592973
594131
593045
593253
593525
593057
593642
592991
593387
593659
593748
593639
593929
593136
593622
593410
593706
592834
593377
592679
593750
593893
592644
593958
593725
593615
593304
593642
593765
594064
593321
593221
593189
593351
594002
592848
592699
593320
593667
593865
592745
592963
592805
592687
592493
592309
593274
594015
593005
594194
592633
593574
594008
593135
593111
593162
593300
593025
592658
592635
592764
593180
593653
592754
593053
592936
593086
593636
592932
593434
594098
593532
592835
593644
593536
592831
593003
593327
593905
593469
592543
593891
593428
592379
593171
592174
592596
593447
593291
593839
593253
593340
594212
593639
592809
593039
593187
592854
593193
592600
593218
593527
592460
592927
592782
593750
592022
593014
593195
592023
593081
593117
594050
593183
593732
592875
593230
593462
592898
593618
593323
593328
593073
593650
592682
594012
593068
593759
593329
592605
593001
593033
593866
593069
592403
593113
592811
593823
593524
592721
593089
593888
593996
593673
593346
594060
593209
593095
592802
592963
593501
593826
593621
593367
593724
592663
593718
593098
593361
593519
593182
593315
593106
593751
593942
593412
592963
592072
593043
592720
593418
593130
593514
592546
593330
593444
592945
593509
593424
592806
593128
593641
593805
593164
592206
593052
593016
593093
593253
593754
593431
594095
593669
593133
593846
592447
592967
593889
593149
593344
592764
592609
593559
592617
593304
593008
593523
593098
592729
594640
592048
593250
593419
592351
593031
592624
593629
592666
592809
594028
593449
593007
592932
593831
592251
593500
593506
592401
593007
592523
593902
592833
593175
593122
593507
592844
592963
593889
593092
592846
593415
593149
594493
593162
593490
592898
592729
593068
593155
593311
592506
592377
593222
593628
593130
593414
593044
592777
593346
592395
593071
592573
593380
592880
592690
593280
593199
592854
593326
593841
593455
593568
593695
593499
592893
593873
593498
592861
593646
593193
593247
592736
593617
593277
593224
594668
593593
593731
592489
592881
593381
593130
593130
592839
592534
593434
593145
592976
594169
593077
592516
593370
593523
593190
593864
594243
594090
593186
592349
593440
593982
594063
592864
593320
593725
593851
593063
593460
593258
593118
593280
592769
593889
593207
593333
593568
592453
593573
592972
593439
593850
593424
593113
593234
593333
592280
593832
593229
593323
592782
592185
593395
592929
593601
593327
593523
593269
593433
594144
593024
592413
593367
593198
593515
593324
592639
593175
593083
592715
592570
593654
592291
593616
593523
593533
593561
593606
593122
592820
592756
593328
592864
593178
592473
593129
594369
593322
592942
592463
593218
593588
592799
593677
594177
593421
593542
593302
592580
592895
592842
593061
593453
592954
593323
593239
594031
593823
592750
593150
592868
594096
593100
593569
594268
593777
594096
592929
592924
593549
593890
593452
593839
593900
593054
593279
592727
592717
593508
593827
593838
592930
593027
593893
592512
591954
593219
592093
593138
592297
592808
593408
594321
592785
593391
593558
591770
593156
593151
593261
593669
592901
593775
592869
593389
593867
593310
593293
592736
591958
593734
593292
593498
593661
593178
593165
593586
592779
592754
593040
593456
593182
592681
593236
592930
592769
593589
593595
593570
593198
593735
593173
593622
592461
592720
593095
592774
592280
591796
592605
593150
592532
593373
592735
594049
594193
593172
593230
593004
594456
592858
593466
592667
592994
592648
593370
593171
593866
593383
594329
592941
593113
593278
592492
592423
592248
594083
593721
592863
593829
593441
593081
593542
592802
593548
593523
592752
593458
593514
592949
593476
592866
593291
593475
593319
593391
593796
594434
592305
593195
593510
593213
594265
593490
592739
593483
593324
592016
592973
592898
593741
593925
594201
593753
593525
593667
593632
592799
592716
593686
593063
593532
593857
592883
592425
592709
592941
592357
592761
593232
593110
593362
593574
593362
594595
594763
592586
593326
593180
592687
592648
593312
593649
593159
594308
593407
593331
592416
592797
592696
594185
592837
593022
593192
593569
594903
594477
593150
592818
594404
592647
592784
592640
593457
593664
592995
593175
593009
592404
592737
593415
592811
593098
592989
593721
592398
593471
593709
592603
593197
593248
592847
592259
593454
593823
593235
593404
592026
593360
593519
592654
594036
594139
592517
593398
592819
592742
593665
593494
593417
594106
593396
594120
593488
592824
592520
593074
593269
593807
593164
593670
593773
593867
593419
594182
592759
592418
594027
593648
593969
592828
593758
593576
593411
592938
593668
592775
593546
592745
593500
593344
594390
592731
593675
593138
593726
593363
592698
593231
593222
593287
593235
593930
593232
593122
593151
593425
593049
593129
593528
593899
593598
593434
593320
593004
593716
593116
593273
593541
593699
593569
593577
593252
593822
593982
593809
592810
592761
592378
593489
593866
593356
593675
593085
594109
593196
593239
592538
593593
593929
593708
593787
594232
593251
593317
593264
593542
593358
594000
594272
592996
593756
593846
592893
593054
592635
593096
593018
593707
593322
592816
593152
593125
592742
592969
592654
593050
592460
593530
593555
593737
592558
593153
593551
592967
593516
593629
593493
593845
592676
593163
592946
593002
592593
592703
593361
592483
593433
593114
593937
593422
594500
593566
592577
593615
593343
592960
594319
593235
594635
593298
593309
594322
593942
593296
593898
593556
592024
592111
593713
594229
593053
593681
592951
593107
592938
593903
593116
592615
592040
593689
593347
592969
593468
593822
593088
593418
592614
593773
592345
592944
592607
593560
593096
592816
592229
592835
593341
593031
592560
593373
592995
593529
592420
593224
593608
593541
593185
593289
593850
593719
592733
593467
592681
593656
593044
592650
593794
592685
593972
593621
593343
593383
592551
593462
594142
593735
593396
594310
592926
592937
592987
593188
593374
594318
592342
593455
592900
593322
592152
593284
593082
593667
592868
594199
593357
592321
592306
592433
593675
593391
592831
593572
592806
593941
592613
593302
592655
593590
593062
594231
592940
593846
592415
593610
593339
594119
593507
592711
592646
592542
593802
593671
593360
593286
592569
593602
592799
594402
593199
592942
593239
