535254
535440
535030
535704
535112
534571
534583
534627
534874
535945
534857
535604
535238
534236
534281
534902
535241
535260
534721
535129
534541
535160
535932
534322
534059
534464
535849
534751
535399
535327
534735
534832
535176
535213
535154
534907
535319
536481
535172
535547
533715
534728
535314
536207
534362
534364
535004
535578
535628
534967
534933
534811
534961
535220
534123
534889
534515
534716
535343
535060
534585
534547
534775
534925
535005
534529
535230
533644
534465
534552
534812
535697
534904
535080
535372
535296
535928
535562
535784
534809
534987
534757
535105
535172
534344
535283
535136
534514
534923
535150
535448
534948
534653
535173
536025
534774
534783
535274
534657
535329
535625
534188
535562
535019
535504
535143
536010
534957
535097
535035
534886
535033
535334
536048
534816
534965
535941
534577
534881
535263
535550
534761
535496
535353
535488
534975
536184
535696
535574
535212
534954
535794
535115
535003
535536
534741
535631
534955
534424
535166
534305
534708
535369
534275
534720
534874
534934
534994
534295
534519
535163
534978
535333
535310
535095
535216
535283
534709
534412
535165
534863
535198
535456
536401
534417
534895
534928
534267
534615
535092
535834
534560
535469
535192
534929
535391
535187
534153
533867
535287
535139
534885
535015
535750
535474
534947
535191
535718
534953
535563
535523
534846
534615
534456
535192
535184
535331
534741
534266
535324
535720
535566
534327
534685
534887
535340
535352
535003
534625
535825
534797
535512
535063
535350
535404
535952
535528
535149
535471
535211
535002
535839
534048
534460
535148
535666
535276
534546
535261
534408
535252
535214
535258
535034
534467
535062
535090
534384
535099
535790
535007
535132
535398
534892
535778
535316
534623
535460
534597
535138
534864
533996
535269
535025
535099
534686
535310
534640
535108
535478
535300
534818
534811
535012
535307
535042
535708
534966
535329
535064
534202
535337
534393
535195
535712
534496
535472
534403
535517
534478
535393
534591
534288
534964
534814
534722
534891
535754
534939
534355
534337
535461
535259
535023
534825
535318
535532
534791
534922
535144
535042
535656
535123
534959
534760
534490
535119
534024
535052
534488
535620
534564
534517
535631
534819
535323
534804
535100
535020
535308
535462
534196
535112
535078
534956
535375
534739
534719
534607
534512
534897
535459
534946
534682
534999
535168
534783
535305
534673
535837
534572
535097
536208
535028
534911
534985
534900
535681
534656
535798
534457
534713
534660
535648
534444
535002
535029
535727
535430
535020
535017
534079
535374
534635
534749
534967
534839
534638
534488
534658
535267
534692
535182
535031
535013
535215
534508
535535
534843
535107
535909
535254
534374
535628
535486
534816
535500
535048
534599
535303
534879
534922
535478
534972
535276
535674
536209
535831
535068
535269
533959
534405
535349
535219
534992
535236
535003
536105
535278
534582
535245
535346
534603
535531
535012
535168
534539
534890
534804
534973
535308
535583
534050
535200
534899
535168
535017
534987
534934
535145
534925
534979
536716
534458
535561
535263
535093
535857
535120
535265
534791
535121
534498
535587
535753
535250
535103
535322
535383
536094
535025
536231
535473
534355
535147
534641
535582
535195
534301
534808
534674
534843
535016
535068
535194
534981
534926
535053
535930
534573
534884
535168
534256
534839
535813
534969
535066
534827
535288
535789
535471
535151
534779
534421
534886
535087
534219
534764
535609
534192
534936
535685
534532
534883
534593
535241
534826
536179
535083
535300
535749
535043
534949
535966
535884
535267
534999
536405
535835
534351
535264
535305
535785
535136
534960
536352
535203
535265
535457
534768
535379
534920
534968
534479
535165
534634
534563
534853
535502
535049
535077
535845
535180
535205
535771
534603
535725
534826
535076
534302
535454
534927
535318
534833
535786
535690
534678
534479
535189
535192
535503
534562
535023
534894
534796
535368
535038
534375
534554
535395
535098
535995
535081
535374
534624
534988
533652
536018
535176
535742
534224
535472
534298
534328
535458
535378
535318
534825
534882
534051
534740
535536
534635
535081
535128
536178
535176
535697
535585
535647
536000
535057
534700
535284
535713
534861
535046
534486
535128
535410
535304
534792
535344
534534
535432
534636
534496
534513
535720
533720
534306
535491
535161
535141
535160
534258
535726
535076
534571
534530
534106
535124
534893
535618
534642
535139
534831
535254
534962
535858
535443
535743
534087
534950
535575
534869
534518
535660
535788
535791
535257
535083
535667
535181
534990
535859
534800
534611
534430
534879
536729
535642
535939
534758
535322
535595
535274
535217
535409
534705
535111
534976
535194
535191
535096
535191
535975
535388
534702
535524
534665
534652
534583
535011
534728
535134
534802
534649
535146
535622
534951
533979
535295
535065
535576
535544
535652
536180
534952
534070
535189
534446
534391
535750
534308
535121
534807
534894
536121
534345
535273
535502
535799
534665
535289
534994
535388
534825
536250
535349
535258
534589
536036
535723
534826
535547
535581
534663
535476
534901
534369
534865
535092
534694
535618
534803
534836
535483
535161
535327
535753
535301
534996
535104
534682
535131
535981
534967
535236
535133
535260
536078
534375
534820
535661
535089
534574
535106
534810
535762
534963
535073
535276
535856
535606
535305
534773
534367
534672
535739
536096
534785
534260
535683
534983
535240
534609
534912
535455
534875
534647
534692
534462
535552
534631
535550
534417
534700
535606
535297
535043
534381
535027
535478
535047
535211
534553
534664
535287
534801
535336
536066
534937
534999
534599
535660
535323
535295
535169
535224
535220
535290
534784
534633
536069
534588
535425
535195
535307
535958
535276
535071
535423
535804
535609
536191
535117
534404
535247
534771
535609
535374
534683
535518
535800
535773
534822
535437
535207
535700
535391
535121
534281
535083
535051
534779
535669
535001
535269
534712
535903
534767
535191
535650
535226
535707
534626
534476
535002
534235
535239
535399
534531
534785
535461
535631
535226
535574
535322
533167
535316
534873
534944
535578
535967
535805
535357
536234
534951
535649
535792
534961
534586
534755
535213
535497
535608
534750
535061
534587
534948
535219
534147
534036
534476
535866
535037
535222
535115
535620
535818
535130
534881
533812
534726
534817
535744
535171
535791
534754
535321
535147
534396
534885
534642
534695
535725
535050
535947
535666
534933
534321
534716
536010
534936
536030
535312
534677
535243
535714
535384
534635
534779
535458
536141
534235
535054
535124
534636
535168
535569
535234
535343
535433
535270
535076
535826
534317
535967
535321
534921
534623
534467
535088
534706
534894
535365
535446
535254
534634
535377
535110
534951
535648
534970
535273
535022
535705
535132
535944
534966
536094
535342
535111
535441
535087
535218
534154
535015
534763
535295
534984
535053
534779
534206
535691
535177
534822
535816
535086
535202
535176
534906
535126
535507
534879
535691
535124
535367
536353
535785
534728
535357
534803
534175
534661
535270
534955
534950
535079
