376027
376039
375516
375507
376081
374922
375721
374880
375467
375752
375420
375705
374684
375404
374494
376181
375051
375551
375379
374603
375436
375524
375756
374987
375349
375485
375472
375903
375726
376013
375955
375982
375068
376713
375197
375413
375742
376164
375859
375366
375653
375413
375328
375462
375054
374563
375438
375229
376229
375472
374829
375408
374992
376288
375926
375263
375118
375743
374982
375330
375412
376127
375742
375363
375703
375950
374771
375367
376561
375406
374851
374898
375936
375806
375836
374567
376285
375544
375998
375821
374960
375641
375104
375498
376610
375161
375819
375507
375543
375829
374796
375668
375799
375637
376021
375486
375465
374380
375375
375350
375247
375084
376079
375383
375955
375765
375345
376231
375028
376382
375619
375134
375474
375792
374626
375289
375461
375652
375306
375461
376137
374964
376992
375444
375283
375184
376298
375318
375601
375473
375329
375438
374766
375548
374618
375195
374888
376187
375348
374136
376028
376062
376366
375282
376203
374913
375277
375823
375137
375297
375060
375351
375054
375629
375777
376715
375534
375890
375136
375351
375449
374337
374826
375893
375633
376102
374665
375647
375394
375807
375588
375874
375750
375844
375198
374899
375616
375918
376497
375370
375361
375866
374633
376330
374805
375700
375936
375539
375187
375564
375268
375706
375461
374727
375340
374806
376149
375057
375259
376484
374741
375739
376485
375792
375125
375580
375933
375846
374933
374984
375665
375516
374771
375085
375571
375599
375028
375878
375294
376066
375048
375462
375748
375079
374984
374852
375846
375496
375640
375547
375048
374841
375013
375202
375995
374852
374421
374862
375855
375858
375380
376184
375352
374553
375765
375778
375384
374871
375222
376014
375615
375060
375898
375534
375970
375460
376717
375513
374991
375793
376144
375540
375604
375411
374544
375488
375960
374986
374989
375032
374863
376644
375218
374783
375112
375710
375522
375023
374937
375376
375006
375669
376178
375524
374649
375554
375502
375260
375447
375690
375801
376217
375406
375189
375573
375911
375753
375015
375701
375545
374644
374747
375497
374976
375368
375182
375758
375718
375542
375090
374068
374412
375697
375075
375472
375822
375844
375236
374994
375009
375838
375520
375875
374794
376121
375824
374825
375745
376494
374308
375166
375133
375717
375409
375846
375170
376091
374596
374448
375942
374788
375876
376409
375475
375557
375184
375071
375452
375613
375487
375276
375861
375381
375204
376592
375775
376231
374952
374762
375227
375014
375071
375564
375973
375926
374831
375194
376109
374770
375939
375179
375615
375758
375896
375505
376020
375613
375730
375404
374647
375821
375977
375464
375289
375420
374723
375287
375651
376157
374838
376279
375601
375026
375494
375640
374471
375341
374945
375861
375791
375221
375036
376021
374475
375771
374448
375339
375704
375842
375886
375853
375686
375298
375327
375363
374670
374285
376242
374741
375510
374968
375736
375788
374903
374904
375906
376048
375440
375217
374806
375051
376086
376384
375296
375254
376139
375989
375656
375879
375545
375221
375104
375408
375488
375998
376024
375202
375019
375079
375530
375492
376253
376168
374796
375321
376145
375468
375769
376273
375507
375704
376013
374663
375584
374899
376062
374464
375498
375945
375552
375196
375413
376288
375199
374865
375595
375325
375724
376088
376364
374604
375472
375574
375449
375031
376162
375593
375549
377229
376625
375645
374815
375754
375944
375778
375237
375368
375439
375025
375424
374912
375963
375193
375122
376291
375660
375573
375537
375192
376302
375857
375438
376128
376389
375262
376228
376227
374842
375185
374785
375503
375218
375417
374784
376064
374970
374780
376068
375932
375747
375436
375663
375113
375198
375290
375856
375313
375508
375377
375043
375560
374704
376096
375527
375710
375414
375318
374927
375111
375732
375433
375929
375541
375367
375792
376520
375528
375458
376212
374841
374550
376665
375078
376352
375727
375091
375170
375854
375575
374736
374928
376085
375834
375269
375092
376011
375311
376087
374927
375064
375235
376360
375631
374984
375719
376061
375216
375262
375541
375211
375113
375753
375848
375636
375291
375714
375491
375678
375277
375154
374708
376183
376528
375522
374672
375780
375097
375693
375732
375368
374805
375827
376190
375824
375791
375014
376364
375860
376191
374555
375265
375043
374882
375029
375546
375915
375474
376279
376060
374299
374562
376306
375826
375421
375414
375762
375770
375634
375637
375686
375309
375636
374826
376210
375285
375664
375368
375765
376833
375227
375618
376555
376131
376409
374868
375111
376577
375151
375784
376216
375248
374970
375955
374912
375204
376275
375605
375041
374937
375812
375579
374932
375166
374788
375388
375119
375927
376176
375453
376252
375629
375827
375748
375074
375374
375507
374877
375233
375400
374727
375497
375361
374679
376503
376158
375063
375318
375528
375911
374658
375255
375524
375085
375578
374603
374417
375257
375121
375316
374890
375251
375064
375089
375495
376305
374723
375704
375529
374744
375417
375600
375552
375978
375735
375571
375029
375525
375353
375068
374796
375695
376153
375563
375745
376243
375523
375583
376195
375972
375419
375301
375062
375803
375567
375776
375081
375559
376253
375209
375385
375687
375759
375230
375259
374907
375718
375691
375619
375565
375522
375196
375801
375756
374886
375374
375613
375442
375831
375636
376293
374755
376258
375184
376107
375873
375913
374503
374761
375375
374980
375290
375873
376062
376369
375446
375305
374952
375669
375680
375570
375580
376307
375128
375370
375473
375162
375424
376131
375497
375053
374955
375307
376337
374763
375384
374613
375490
375193
375674
375475
374916
375281
375361
374949
375268
376074
375819
374907
374521
375300
375471
375436
375595
375487
376061
376187
375253
374602
374742
375978
375280
375529
374846
375002
374975
375041
376128
376352
375330
376168
375448
374934
375582
375434
375200
375397
374958
374714
375402
376486
375937
375785
374747
375456
374574
375613
375738
375170
375916
376068
374151
375792
374773
375770
375683
375179
374840
375875
375281
375457
375182
375089
375343
375608
375879
375587
375491
374736
375227
375541
375828
375175
374965
375412
375677
374749
375609
375159
375866
375931
375683
374422
374687
375294
375960
375648
374981
375320
375864
375858
374986
374842
374826
375641
375714
375920
375491
375168
375567
375576
376017
375903
374361
374650
376167
374902
374766
374887
376373
375635
375255
375962
375741
376160
375664
375653
374993
375486
374830
375593
374747
375827
375592
375324
375261
376282
374757
375641
375500
375406
375437
375186
375174
375133
375693
374682
374837
375220
375640
375353
374988
375672
376872
374502
375948
375212
374517
375571
376179
375687
375723
375223
376005
374611
375411
375552
375870
375313
375402
375689
375041
375046
376486
374781
376067
375369
375753
374925
375642
375189
374616
375853
375862
376069
374827
376080
374926
375327
374882
375710
375658
376901
376036
375675
376132
374043
375921
375899
375465
376081
