422474
424164
423799
423071
423249
422939
423429
423103
422925
423176
423420
422958
423568
422585
423746
422988
422599
423135
423544
422768
424245
423140
423577
422948
422697
423475
423045
422937
423840
423747
422438
423078
423694
422574
423396
423802
422817
424052
423369
423625
423861
422978
423660
423984
423957
422797
423722
423044
423684
423317
423678
423570
423580
422879
423316
423306
424245
423477
423269
422459
424226
423746
423323
422871
423891
423483
423550
422824
422748
423022
423269
423173
423412
423839
424152
422767
422979
423391
423234
423013
423693
422695
422972
423531
423875
424164
423295
423485
423490
423511
424010
422874
422524
423779
423615
422812
423438
422642
424204
423741
422990
423719
423411
423274
423771
423469
423186
423285
422916
423807
423167
422527
423075
423468
423328
423653
423107
423502
422712
423230
423006
423071
422956
423368
422369
422979
423837
423540
423370
422519
424210
422373
423156
423680
423181
423486
424018
423309
423514
423553
424513
422959
423829
424585
422971
424002
423143
423662
423387
423858
422976
424094
423513
422679
423049
423393
422898
423114
422796
424360
423663
423145
422829
424164
423708
422504
422630
423211
423992
423769
423346
423316
424092
423382
424461
423644
422547
422963
423079
423134
423233
422705
423132
423074
423246
423297
423140
423367
423063
423062
423511
423225
423067
423952
423350
423554
422663
423002
423667
423474
423128
423539
423553
423780
423302
423349
423473
423274
423061
423639
424153
422337
423773
423950
423534
423278
423427
423237
423240
423857
423216
423543
423885
423612
423437
423435
424311
423878
424364
423343
423117
423497
423358
422842
423502
423555
423537
422723
422690
423246
423032
423677
422744
423439
424597
422587
423737
422502
422795
423745
423289
423990
423495
423139
422852
423477
423455
422450
422809
423087
423200
422520
423435
424122
423669
424069
423613
424130
423483
423461
423255
422983
423072
423405
423003
423051
422955
423101
424281
423721
423243
423473
423444
423030
422681
423601
423200
423248
423100
422696
423312
422609
423993
423479
423079
423828
423135
422806
423068
422630
423091
423632
423598
423222
423158
423291
423195
423786
423545
423509
423610
423662
422466
423353
422872
423640
423060
423650
422852
424034
422964
423425
422973
423613
425020
423750
423806
423405
423817
423102
423567
423616
423506
423110
423581
423435
423002
423371
424218
423955
422791
423700
423983
422797
423218
422956
423113
423986
423285
423420
421841
423554
423325
423614
423058
422612
423787
422648
422621
423181
422257
423159
423240
423406
424044
423013
422827
423650
423917
424040
424178
423770
423515
422612
422834
423487
422936
422628
423847
423874
423876
423509
422656
423431
424259
423102
423598
423031
422892
423204
423895
422342
422993
423640
423802
422428
422278
423311
423796
422566
422857
422599
423217
424125
423790
423170
424419
423355
423672
423022
423839
424649
422816
422549
424095
423910
423577
423184
423538
423322
422825
423110
423740
422986
423210
423637
422981
423678
423702
423892
422626
423470
423356
423295
423476
423766
423945
423570
423434
423602
423654
422397
423661
422860
424149
423100
423283
423392
423873
423025
423375
422899
422466
422985
423533
423202
423086
422813
423277
422967
423185
423142
424348
423193
423573
423545
423410
422852
424119
423533
423654
423218
423568
423898
422678
423467
423927
424682
423930
423097
423070
423583
422955
422241
423693
423160
423069
423264
423405
422968
423239
423240
423740
422797
423555
423328
423829
423994
423544
423281
423585
423367
422491
422929
422703
424016
424004
423610
423323
423899
423329
423544
423890
422716
423130
423326
423430
423895
423532
422788
423553
422504
422987
422980
423610
423922
423004
423994
423038
422946
423348
423527
422792
422987
423690
423764
423406
423289
424073
423512
423795
423236
423765
422816
423428
423281
423278
424242
423585
422985
424660
422713
422409
424228
423520
424139
423386
423695
423120
423308
423143
422606
424089
424157
424441
423606
423206
423459
423560
423842
423359
423627
424094
422908
423488
423857
423278
423350
422443
424038
423377
424128
424074
423523
422930
422587
423330
423452
423544
424145
423618
423751
423451
423961
422379
423849
423126
423369
423816
423706
422389
423023
423124
423597
422541
422489
423034
423942
423837
423979
423400
423559
423362
423543
423674
423443
423674
423271
423804
423100
423659
423835
422798
422667
423012
423887
423604
424125
423843
423202
423792
422836
423859
423435
423040
424349
423493
423729
422788
422277
424268
422216
422694
423577
422866
423330
422503
423292
422709
423443
422941
422621
423118
423558
423634
423506
423109
422857
423946
423469
423561
423098
423280
423012
422861
422794
423663
424179
422820
423058
423235
423205
423055
422650
422902
423349
423356
422910
423160
423641
422948
423418
423358
423248
422857
422720
423690
423089
423538
423145
422301
423312
422699
423161
423115
423236
423556
422981
423244
423671
423784
422909
423360
423780
422913
422852
423265
423191
422676
423661
422621
423535
422787
423287
423521
422705
423361
423707
423338
423038
423715
423055
422897
423889
423174
423653
422629
423351
423098
423854
423291
423998
423668
423254
422750
423374
423489
423522
423633
423810
424548
422882
423672
424246
424316
423055
423585
423435
423867
423004
423450
422981
424237
423498
423523
423651
423512
422310
422078
423191
422886
423734
423709
423338
423770
423781
422959
423171
423597
423507
423545
423732
423224
423212
423410
423923
423214
423173
423335
423189
423695
423168
422514
423284
423686
424523
422245
424392
423646
423588
423751
422719
423493
424458
423173
423175
423261
423513
424079
423730
422554
423284
423472
423541
423693
423381
422890
423527
423007
423726
422597
423154
422858
423083
423140
423897
423369
423115
422622
422783
422237
424014
422774
422716
423500
423194
423291
423590
422812
423556
423499
422992
423202
423878
422206
423658
423884
424083
422852
423848
423619
423946
422608
423929
423546
423580
422944
424000
423238
423704
423298
423259
423266
424056
423535
422815
423158
423637
423674
423196
423944
424078
424518
423201
423367
423201
423563
423464
423129
423792
423201
423070
423739
423089
423100
423839
424295
423935
423015
422913
422930
423934
423373
423314
423538
423133
422766
423372
422917
422982
423588
423781
423788
423908
424082
422884
422925
423074
424111
424077
423356
423081
423279
423707
423324
423701
423028
423368
423068
422607
424068
423889
423809
423227
422825
423755
424232
423387
424509
422967
422765
424044
423878
423062
423859
423849
423287
423450
423907
423239
422627
423622
424049
423120
423214
423331
423221
423285
423936
423131
424042
423208
423812
423747
422665
423152
423812
422327
423415
424280
422958
422298
423389
423657
423520
423562
423322
423525
423269
424485
422417
423842
422957
423982
423516
423435
423449
423028
423190
423616
423135
423079
423192
424886
422995
422937
424000
423704
423666
423527
423171
423660
423379
424067
422270
423316
423566
423098
425211
423283
423046
423846
423016
423592
422475
423736
423177
423125
423281
422861
