567744
569176
568904
569440
568480
568574
568943
568390
568864
568250
568409
569037
568852
568540
569173
568951
568815
568233
568834
569269
569704
568694
568832
568005
569095
569266
569209
569146
570264
569230
568104
568677
568625
569842
568233
568436
568961
569789
568615
567981
569305
568666
569538
568856
567576
568840
569540
568651
569145
569422
568166
568866
569385
568626
568955
568465
568003
568438
568602
568635
569986
568899
568286
569166
568877
568305
568816
568997
568647
569781
569344
568595
568899
568703
568225
567900
569051
569607
569177
568772
569404
568551
568855
569049
568392
568680
568724
568449
568902
568612
568776
569151
569012
569228
569372
569153
568296
568826
568869
568401
569212
568545
568256
568986
567701
568619
569575
569474
569181
568075
568439
569148
569323
569285
568998
569653
568562
568221
568665
569047
569198
569116
569243
568627
567872
569262
567406
568803
570586
569486
569720
570022
568583
569349
568506
568551
568450
568976
567867
568881
568351
568590
568672
567811
569628
568682
568677
569430
568864
568482
569064
569822
569914
568142
569058
568460
569205
568893
568348
568811
568449
568918
567767
568699
568393
568078
569414
568674
568260
568410
569298
569668
568966
569140
568947
569242
568986
568855
569126
567651
568778
568937
569069
569205
567808
568373
568332
568897
569171
568930
568720
569603
569363
568790
569039
569357
568398
569039
569918
569161
568542
569119
568261
569457
568844
569598
568606
568778
568381
568221
569074
568482
570089
568658
568301
569721
568179
569380
569261
569000
569259
569009
568250
568326
568728
568883
568948
568297
568739
567974
568694
568106
567833
568022
569136
568838
568607
568794
568894
569003
569824
568200
568545
568541
568711
568505
569072
568967
567944
569443
567859
568981
568893
569924
568849
568782
568819
569273
569130
568264
568944
568050
568280
568777
569181
568816
568825
569585
569503
568892
568471
568728
569235
568847
568418
569204
568913
568678
568964
569433
568556
568946
568947
567564
568360
568037
568483
569603
568498
569291
569771
568933
568302
568572
569107
568818
568589
568731
569188
567696
568508
569543
568945
568816
568976
568949
569323
569244
568885
568693
568994
569610
569024
569375
568890
569226
568513
569721
568971
569506
569030
569029
568651
568792
568724
569297
568431
569937
568724
569196
569235
568701
568552
569109
569273
568959
568647
568551
569605
568993
568748
569143
568867
569215
569043
569116
568701
568126
569572
568593
568997
569212
568208
568957
568547
568492
568736
569491
568974
569203
569433
568951
569235
568784
569054
568742
568481
568235
569488
569118
568735
568676
569536
569492
568642
569002
569038
568160
569299
568470
568703
568823
568469
568844
568621
569832
569718
568615
569669
569099
568438
568597
569212
569790
569261
569335
568982
569136
569481
569169
569276
568853
569023
569070
568511
568528
568774
568991
569506
568856
569424
570125
569231
569388
568798
568993
569573
568688
568955
569035
569239
569050
568244
569197
567588
568454
569079
570018
568655
568561
569285
569772
568966
568233
569034
569489
568881
568459
568654
569325
569251
568427
568634
568354
569221
569364
568989
569654
569013
568723
569113
568644
568702
568770
568822
568517
568616
568935
568642
569326
568913
568535
569082
568938
570293
568930
568999
569133
569618
569029
568966
568803
569286
569124
569054
569397
568585
569282
568990
569642
568944
569343
568558
568857
569311
568482
569802
570217
568651
567651
568222
568541
569732
568941
568862
568495
568989
568596
567832
569199
568801
569323
568301
569530
569062
569495
569428
568984
569512
569286
569444
569398
568313
568164
568879
568776
568989
568349
569549
569018
569039
569537
567859
569038
569265
568036
569913
568820
569075
568375
569091
569055
568191
568980
568574
569513
568310
569697
568767
567898
568576
569544
568072
568889
568804
568641
568651
569309
569005
568700
568164
568043
569511
569001
569307
569754
569242
568600
569489
569132
569505
568645
568631
569460
568420
569013
568575
568863
568965
569119
568702
569869
568436
567796
569022
568988
569175
568329
567721
568898
568473
568288
568365
569370
568504
568880
568784
568719
568103
568365
568776
569148
569294
568757
568492
569038
568491
568838
568598
569217
569041
568745
567928
568942
568443
569558
567878
568030
568419
568903
568865
568879
569090
568942
568999
568890
568644
568384
568499
568636
568563
569600
567612
568575
567775
568360
569039
568816
568362
568965
568946
568632
569380
569011
568387
568842
569377
568073
568765
569252
569593
568699
569804
568426
569621
568102
568653
568216
568505
569038
568707
569365
568261
568747
568278
569871
569104
568334
567940
568301
568812
568582
568604
569119
568508
569250
569057
568305
568151
568664
569165
568828
569522
568527
568819
568459
569078
568668
568749
568885
568325
569004
569159
569261
569513
568218
568531
568932
569094
568960
568287
568988
568904
568912
568083
568747
569041
569351
568050
568205
568423
568697
568577
568689
569062
568343
569564
569161
568407
568717
568993
568867
568340
568953
568157
568362
569502
568004
569569
568716
568968
567740
569523
569058
568549
569281
569085
569274
569101
568469
569579
568912
569349
569183
569484
568771
568950
569306
568851
568998
569579
568572
567824
569002
568324
568664
569347
568957
568774
569798
568276
568902
567736
567605
568914
568561
569121
568405
569117
568565
568495
568819
567791
568405
568527
569495
568781
568469
569046
569302
569306
569208
568509
568198
568517
568028
569707
569776
569707
568444
569379
569314
568196
568855
569335
568899
569385
569155
568917
568444
568806
569565
568502
569223
569062
568927
569015
569082
568889
568758
568576
569395
570143
568770
568821
569055
568541
568556
568611
569223
569315
568649
568566
568096
567951
568981
568220
568695
567940
568916
568219
568623
568144
569304
567884
569334
568474
568345
570640
568971
569900
568565
568658
569293
568487
568230
568295
569484
569178
570155
568623
568447
568604
568838
569048
568922
569595
569196
569137
568186
568667
568439
569630
568570
568303
567512
569000
568318
568681
570089
568743
568693
570040
569025
568925
569189
568641
569499
569167
568860
568653
569458
568716
568318
569086
568615
568688
568640
569127
569105
569301
568777
567978
568306
568240
569212
569292
569585
568558
569093
568531
569184
567483
569494
568983
569559
569621
569443
568212
569027
569009
569818
569216
569395
569482
568156
569517
568563
569062
568153
567902
568424
569386
569052
568745
568715
568824
568946
568804
569715
569358
568265
569279
568727
569554
569125
569029
568352
570064
568297
568775
569019
569251
568377
568118
568689
568702
568902
569085
568682
568949
568672
568294
567656
568921
568329
568789
569451
569146
568427
568499
568433
568736
568870
568674
568648
569563
568936
567890
569709
569118
569021
568391
568669
568216
569156
568439
569565
568976
569043
568885
569464
569182
568586
568852
568039
569288
568261
568615
568821
569074
568561
568617
569591
569453
568951
568676
568119
569304
569669
568745
568635
569292
568866
569316
567996
568604
569126
568625
569102
