519909
519149
520518
519525
519788
519621
519570
519960
520115
519780
519572
519867
519962
519220
519055
519878
519625
520245
520681
519960
519960
519002
520289
519837
519723
519711
519426
520140
520180
519003
519866
519365
518716
519437
519563
519765
519780
519348
518600
520481
519517
518042
519485
518851
519386
520610
519663
519525
519708
520639
520126
519930
520143
519103
519145
519964
519386
519945
520528
519088
520204
519454
519311
519572
518869
519208
519470
520131
519693
519771
519519
519474
520052
519720
519315
519504
520475
520307
519459
518639
520324
519789
519749
519441
518719
518694
520229
519479
519562
519312
520022
519460
520349
519820
519234
519214
520734
519065
520271
519504
519951
519677
520278
520041
519983
519315
519700
519681
520344
519564
519379
519357
519316
519398
518651
519727
519309
519485
519554
519496
518829
519336
519795
519592
519132
519994
519438
520154
519651
518665
518987
520536
520167
519077
519092
520263
519209
519712
520146
520238
519605
519512
520241
519315
519796
519987
520345
519064
519210
520637
519534
520195
520222
519209
519761
519630
519638
520035
519892
519510
519155
520608
519183
519406
520277
518858
518668
519712
519319
518830
520156
519732
519649
519032
519483
520423
518672
519358
519824
519873
519713
519712
519504
518925
520710
519495
519469
519230
519920
519636
520221
520488
519276
518845
519480
519449
520193
520499
519095
519992
519099
520587
519066
519699
520323
519948
519508
518998
519142
518561
519418
519613
518891
519792
520492
519635
521127
519587
519476
519573
520044
519891
519664
520183
518839
518727
520361
519272
519149
519022
520295
520828
518967
520277
519854
519971
519400
519578
519992
518645
519544
519198
518583
519036
519876
520547
520641
519386
518913
519495
519386
519074
518616
519820
520877
519641
519593
519073
518799
519258
520791
519343
520364
519574
519461
520012
520216
519950
519767
519731
519501
520081
519563
519375
519492
519898
520014
519619
520102
519056
519419
519428
519835
519523
519225
519300
520532
519564
520140
519219
519588
519873
518928
518954
518590
520441
519592
519189
518925
519438
519692
520004
518855
519691
520482
519170
520194
519042
519074
519558
519364
519400
518604
519582
519326
518600
520346
519398
519799
520205
520431
519009
520762
519004
519658
519619
520466
518755
519646
519927
519655
520395
520427
520119
519687
519059
519795
520206
519752
519989
519391
520392
519380
519955
519734
519900
519848
519136
519571
519240
519823
519990
519619
519736
518794
519431
519469
519770
519820
519660
520173
519819
519647
518805
520043
519599
520354
520644
519893
519448
520453
519744
520245
519446
520182
519835
518790
520110
520053
520435
519926
519508
520521
520747
521503
520108
519729
519647
519404
519527
519186
519070
519364
519077
520282
520016
519434
519875
520524
519706
519926
520059
519894
519060
519509
519318
519518
519793
519715
519632
519176
519918
519238
520280
520531
520003
520054
520019
519330
519540
519696
520610
519483
519703
520124
519661
519469
520054
519734
520046
520050
520545
520030
519451
519861
519517
519905
519250
519329
519718
520650
519515
519473
519593
519933
519511
520387
520287
520105
519752
519982
519046
519936
519485
519157
519221
520247
520577
519648
520025
519573
519867
519889
520264
519406
518914
520636
519682
518932
519749
520111
520255
520047
519959
519652
519403
519373
519695
518810
519535
520058
519428
519731
520092
520490
519772
519907
520418
520014
520602
520065
519659
519612
519569
520424
518721
518750
520818
519765
519819
519990
519542
519658
520214
519068
519879
520584
520214
519935
518952
521432
519574
520315
519912
518762
519980
520111
520018
519778
519893
519592
519164
519918
520003
519112
520559
519734
519121
519426
518657
518701
519023
519684
520474
519467
519107
519682
518736
519303
519813
519678
519744
518433
519326
519161
519906
519813
519893
519161
519910
519672
520084
520022
519245
520219
519219
519920
520001
519347
518962
519553
519333
520058
520234
520166
519153
519820
520162
519194
520334
519144
519465
520138
519867
519183
520331
518657
519630
519448
519693
519791
519745
519765
518863
518976
519412
519193
520357
519381
519652
520057
519473
520165
520393
520172
519956
519992
519827
519895
519221
519506
519083
519377
520618
519398
519917
519066
520591
519368
519685
519613
519119
519959
519663
520406
519761
519039
519288
519614
519273
520117
519777
519834
518524
519094
520294
519881
519738
519309
520092
519201
520410
519400
520021
519280
519641
519503
520232
519615
519453
519827
518716
519993
519816
520063
519532
519491
519846
520605
520024
518946
519209
518706
520325
519747
520530
519511
519452
519935
519649
519750
520111
519043
519957
519447
519589
520291
519525
519683
519727
519146
519316
519479
520152
519738
519794
520248
519882
519202
518714
520241
519481
519646
519981
520417
518292
519004
520207
519736
520219
520133
519733
520042
519580
519537
519230
520181
520166
519659
519190
518863
520208
519340
518923
518704
519654
520125
520050
518991
519938
519099
519831
519491
519772
519006
520422
519832
519699
519994
519154
519734
518926
519439
519365
520357
519108
519810
519245
519576
519318
518735
519553
519912
519929
519837
519882
519845
519831
520025
519507
519317
519191
520082
519837
519405
518916
519392
519802
520518
519122
519814
520038
519882
519811
519006
520079
520121
519289
519800
519115
519210
519235
519161
520080
519968
519152
519815
519294
520282
520936
518942
519865
518925
519323
520185
520051
520235
520435
519791
520808
518911
519364
519022
519937
519167
519226
519583
519570
519982
519579
520382
520125
519002
519920
519706
520053
518932
519166
520467
519713
520518
519353
520092
519086
520251
519817
519156
519875
519897
520834
520148
520725
519516
519524
519856
519142
519554
520162
519886
518865
519841
519179
519684
518397
519651
518382
519161
520026
519702
520207
519374
519232
519446
520074
519351
519157
519623
518675
520370
519228
519592
520266
519745
518984
519330
519738
519197
518972
519505
520199
519170
520352
519387
518806
519962
518467
518846
519801
519515
519120
519741
520845
518966
519658
519669
519961
520561
519986
519741
520018
519636
520114
519772
519815
519253
520026
519744
519195
519488
519935
519807
518934
518695
519501
519404
519139
519194
519842
519069
519399
519931
519620
520063
520119
519510
519776
520554
519472
520072
519689
519972
520597
519596
520040
520820
519665
519697
519654
519494
519725
519350
520417
519398
520295
520262
519775
519533
520105
520290
520354
519934
520686
520187
518887
519709
519153
519010
519423
519658
520107
520211
519660
520173
519593
520216
519714
519402
519782
520020
519883
519243
520284
519636
519524
520085
519777
520519
519816
519419
519750
519256
519682
520852
519589
520032
520563
519239
519800
520752
519928
520331
520700
519789
520507
520041
520271
519726
519413
519487
519562
519807
520169
519194
519686
519745
519309
519479
519649
519584
518411
520064
520910
518590
519394
519327
519305
518813
519242
520340
520468
520357
519418
519556
520634
519155
519701
519424
519672
520893
519731
