526456
527437
527439
527343
526976
526933
526855
526368
526505
527312
526985
526172
527233
526762
527586
526940
526996
527574
527645
526326
527283
527186
527256
527236
526425
527963
526177
526070
527062
526701
526558
526832
526915
527026
527105
526468
526334
526937
527561
526342
526686
527255
527479
527376
526885
526861
527507
527262
527472
527638
526458
527378
526731
526967
527232
527654
527121
527192
527030
527232
527720
527319
526926
527595
527678
526367
527433
526531
527677
527056
527106
527513
525887
527588
527254
526103
527331
526828
526805
526597
527138
527309
526808
527071
528068
526965
527336
526241
527396
527516
527339
527490
527126
526744
526879
527172
526702
527162
527279
526346
526900
526881
527478
527162
526274
526783
527062
527300
527352
526548
527210
526711
527391
527575
527245
527131
527495
526027
526855
527468
527435
527604
526752
526718
527602
526883
527711
527964
527214
527558
527416
527038
526974
528315
526109
527187
526553
527659
526642
526923
526567
527205
526970
527547
527154
526904
526875
526865
527512
527814
527063
526762
528120
527531
527238
527092
527966
526900
527766
526901
526506
527350
527042
527208
527185
526611
527015
527240
526770
526820
527465
527973
527513
526940
526851
527337
525821
527386
527546
526845
527085
526793
526889
526397
527012
527284
526864
527312
527585
526725
526472
526894
527181
527214
526598
527897
526918
527519
527257
526428
528194
527532
527611
527112
527148
527690
527377
526382
528092
526596
526945
526356
527919
526370
526706
526693
528010
527608
527694
526384
527345
526593
527817
526817
526464
527214
526595
526839
527507
526786
527482
527764
527503
526598
526934
527653
526758
526503
527370
526538
527075
527188
526421
527557
526758
527578
527285
526934
527082
527339
527758
526581
528250
527328
526668
526901
526588
526591
528017
527939
525982
526849
527001
528117
526434
526603
526963
527342
527174
527735
526433
527352
526834
526503
526632
527023
526679
527444
527969
527065
526871
527235
527619
526504
527663
526792
526849
527494
527138
527164
527482
528096
527107
527163
528121
528056
527242
527187
526236
526957
527367
526342
526732
526936
527028
527381
527777
526888
527423
526641
527332
527731
527389
527449
526401
526582
526960
527780
527385
527460
527186
526408
527660
527107
527410
527175
527040
526974
527314
526551
526629
526310
528384
527376
528338
526231
527214
527329
528079
527450
526858
527031
526892
527570
526943
527328
526992
526646
526957
526636
525842
527147
527148
527228
526038
526823
528007
526714
526769
527896
526922
527213
527655
527553
526537
526845
526153
526979
527219
527838
527331
526821
527111
527760
527666
526779
526578
528093
526990
526874
526637
526619
527475
527153
526791
527715
527899
526892
527528
527137
526848
526441
525976
527949
527732
526563
527117
527716
527409
526842
527052
526813
527095
527365
528141
527355
527246
527923
527061
526362
526753
527355
527763
526955
527313
527443
526520
527971
527155
527296
527750
526174
526079
526460
527031
528498
526977
527630
527575
527046
526159
526772
528139
526943
526876
527875
527623
527485
527292
526834
527552
527618
528051
527693
527260
527066
526804
526927
527602
527672
527182
527522
526230
526815
527309
526736
526107
527772
526417
527229
526981
526515
526537
527873
527732
526971
526811
527342
527113
526525
526954
527490
525980
527235
525795
526441
526862
527438
526481
527547
526891
528104
527529
527487
527391
527031
527446
527212
527335
527436
526913
526548
526727
526508
527458
526788
526524
527575
526503
527116
526909
526950
526963
526833
527425
527187
527345
527667
527239
526717
526350
526295
527560
527080
527386
527560
527565
527276
526938
527220
526529
527049
526611
526386
526234
526803
527451
526631
527560
526960
527112
526879
527105
526301
527285
526716
526995
527490
526680
526843
527109
526896
527316
526932
527469
526660
526828
527148
527114
526879
528136
527184
526823
526864
527065
526840
527003
526831
528132
527193
526973
526404
527438
526846
527554
526598
526677
527300
526561
526985
526781
527066
527345
527933
527259
526584
527809
527582
527462
527730
527308
526976
527031
526615
527540
527102
527038
526865
527305
527072
526640
528250
527485
527507
527291
526831
526648
526656
527594
527306
526501
525654
527155
526913
526735
527399
526985
527222
526398
527083
526588
526664
526912
527216
527949
527167
527087
528267
526187
527710
526271
526800
526083
527125
527148
527284
527511
527130
526496
527178
527219
527631
527043
527093
527562
526754
527373
527399
526524
527202
527741
526197
527269
526874
527281
527475
526898
527464
526578
526534
527853
527658
527037
526897
526826
526864
527222
526751
527191
526534
527541
526845
527572
527173
526500
527311
526898
527426
526218
527205
527198
526909
526830
526739
527340
527586
527931
527158
526747
527551
527059
526886
528151
527055
526916
527188
527748
527667
526500
527215
527137
526564
527121
526909
526168
526320
526797
526927
527282
526566
526857
527084
527079
527499
527997
526411
527507
527492
527044
527233
527400
526732
527305
526647
527426
527475
526618
527925
527202
526779
527226
526784
526928
526702
525834
526495
526784
527038
527608
526905
526647
526718
527418
527021
526733
527260
527832
527619
526796
528020
526202
527282
527403
527447
526036
526655
527098
527412
526358
526106
528032
527428
526864
527182
526860
526231
526977
526974
526546
527389
527136
527484
527137
527210
527067
527128
526922
527182
527468
526923
526728
527749
527249
526404
527164
528108
527028
526330
526362
527819
527313
526896
526903
527220
526894
527161
526144
527470
527058
527521
526216
526794
527165
526950
527547
526688
527977
527228
527340
526976
526774
525817
528168
526846
527147
527473
527174
526742
527042
528192
526672
526957
526520
527204
527424
527214
526621
526709
527126
526499
526846
526537
527755
527336
527515
527413
527401
527128
527475
526841
527097
527565
527505
526590
527721
527496
527332
527430
526487
526581
526265
526459
527625
526976
527089
527483
526741
527314
527064
527339
527582
526910
526621
527034
527200
527324
526654
527329
527191
527636
526972
527459
527066
527378
527181
526861
526697
526958
527861
527448
526604
527117
526931
527313
526929
526734
526304
526749
527792
527510
526881
527161
526572
526858
527266
528247
527433
527439
526319
527175
526468
526458
527060
526970
526688
526389
527573
527050
526394
526609
526961
527758
526612
526956
527195
527004
526712
527568
526991
527064
526807
527611
526289
526351
527195
526843
527059
526377
527704
527242
527151
527910
527051
527244
526648
526784
527695
526578
527160
526335
527709
527018
527597
526797
526491
526383
527348
526961
527973
527294
527014
527595
527429
527492
527196
527547
526493
526628
526887
527039
526647
527401
526760
526920
527140
526608
527621
526274
526599
526535
527577
526987
527949
526798
526313
527433
528289
527043
527305
526730
527369
527440
526886
527926
526542
527486
526967
526884
527554
527564
527476
528426
527569
526759
526430
527076
527232
527302
527687
527417
527955
527292
526403
525645
527206
526976
526294
526513
525781
526284
