593712
594174
594231
594305
594676
593896
594605
594243
594003
594295
593703
594129
594248
593952
594529
594191
593646
594471
595243
595027
593939
594121
594580
593816
593836
593977
594103
593597
593624
593625
593793
594565
594397
593926
595027
593925
594722
594031
594975
594246
594633
594413
594290
594434
593368
593832
594060
593986
593204
593901
594264
593777
594716
594242
594157
594261
592972
595609
594932
593604
593882
594662
593772
594240
594324
594344
594253
594132
595494
594448
594284
593943
593583
594849
593665
594029
593847
594349
594134
594021
593582
594273
594587
594862
594387
593518
594007
594325
594190
593510
594717
594419
593597
593960
593717
594140
594210
593999
594748
593719
593294
594788
595320
594586
594153
593859
595046
594069
593898
593824
594485
594190
593442
595356
594044
594055
593301
594329
593945
593735
594365
593350
594515
593704
594884
593935
594133
593879
594576
593515
594122
593975
594043
594735
593887
594501
593925
593795
594901
594920
594181
593544
593919
594893
594452
594384
593659
594259
593729
594548
593844
594883
594035
594789
594445
594650
593649
594412
594107
594517
592253
594330
594877
593234
593293
594521
594682
594373
594092
594424
594604
594637
594673
594066
593720
593670
594021
594311
595629
594337
594923
593797
594226
594960
594692
594372
593640
593943
593773
593273
594127
594554
594342
594607
594820
593485
594516
594634
594697
594411
594130
594675
594048
594423
594694
593308
594323
594317
595453
593794
594335
594657
594096
593629
594042
594529
594010
594325
594412
594400
594862
593933
594730
593681
594714
593952
594262
594286
594178
593347
593722
593931
593746
594494
593831
594498
594183
594071
594194
594069
594424
594183
593816
594642
593645
594382
594254
595098
593467
594515
595153
593808
593642
593125
594116
593932
594227
594138
594322
593688
594297
593255
593876
593496
594191
593560
594781
594678
594451
594040
594678
594359
593755
594730
593877
594142
594083
594380
594857
594161
594579
594211
595117
593904
593538
593387
594502
594604
595757
593946
594460
594173
593942
593561
593710
594021
595259
594027
595006
594366
594297
594269
593614
593961
594177
593385
594372
594878
593972
594956
594936
594340
594179
594508
594530
594464
594569
594387
593696
593969
593591
594869
593741
595181
594790
594466
593858
593747
594860
594430
593535
593412
595104
594639
593731
594347
593965
593537
594486
594046
594344
594137
594715
593632
593700
594273
593593
594008
595068
593576
594672
593906
594913
593804
593671
594050
594256
593668
593589
595106
594156
593386
594768
593763
594404
594491
594608
594701
594395
593900
594483
594426
594151
594107
594436
593554
594405
595140
594126
593663
594208
593780
594248
594142
593618
595375
594209
594438
595181
594281
594542
594656
594091
594509
594796
594505
594211
594096
594459
595484
594718
593811
593797
593904
594075
594993
594221
593960
592932
594426
594593
594373
594702
595270
593435
594723
594319
594930
594413
593246
594110
594121
593815
593903
594298
593734
594429
594301
594436
594686
593915
595145
594719
595302
593392
593862
594146
594866
594027
593938
593809
594372
594011
593512
594451
594457
594705
593512
594566
594724
593892
594185
594338
593631
594018
594451
594682
594241
593478
593758
593157
594249
593831
593845
593765
593076
594345
593993
593867
594066
593144
593995
594179
592964
595144
593650
594158
594584
594469
594063
594151
593642
595038
593886
594332
594309
593770
593610
594760
593637
594736
593662
594092
593823
594543
593514
594267
594476
594455
594165
594170
594563
593145
593832
594295
594637
594929
593676
594744
594626
593759
594191
594070
594603
593889
594521
594205
594646
594182
593540
593349
594263
593492
593779
593359
595371
594249
593779
594899
593985
595286
594432
593698
594093
593326
594364
593825
594683
594148
594363
593821
593180
594348
593906
594263
593968
594105
595610
593799
595294
594423
594458
594731
593871
594007
594256
594207
593777
594636
593696
593750
594665
594275
594254
593773
593816
594163
593445
594253
594562
594463
594183
593539
594321
593292
593832
593709
594234
593817
594909
594452
593569
594019
594503
593073
593601
594497
594146
594910
594111
594103
594542
594603
593931
594580
595164
594039
594365
594045
594157
594409
593390
594716
593488
593347
594278
593606
593195
593880
594561
594552
594280
593749
594045
594712
594259
594570
594228
594304
594060
594602
594215
594624
593943
594400
595564
594513
594657
593813
593866
594584
593387
593686
594348
593483
593682
593746
594491
594130
593744
594125
593059
594543
594262
593701
594325
593971
592935
595058
593317
593720
594491
594004
594759
593116
594268
594946
594194
593897
594356
595363
594184
594127
593952
595054
593883
593242
594073
594771
594294
594088
594262
594336
593925
594429
594353
594495
593864
594408
594652
593907
594592
594629
593987
594616
594296
593466
595063
595905
594267
593507
594125
594004
593738
594550
593970
594715
593691
594072
594311
595050
593496
595108
593708
593496
593809
594511
593932
593850
594036
594672
594392
594596
593461
594163
594255
594057
594696
594176
594232
594576
595061
594868
593172
593988
594390
593699
594698
594672
593860
593674
594700
594405
593337
595136
594167
594257
594578
593411
594182
593707
595020
594360
595238
594871
593917
593882
594501
594623
594021
593736
594781
593761
594160
593948
594413
593946
594561
594861
593625
594466
594303
594730
594515
593808
594218
594291
594267
594144
594271
594209
594340
594790
593233
593874
594371
594609
594575
594256
593476
593293
593959
594225
594679
594467
593946
594149
594397
594094
593784
593938
594428
595214
594111
594729
594408
593130
593801
595179
594207
593582
594480
593998
594461
594541
594630
593721
594192
594042
594215
594556
594117
594814
593847
594353
593662
594171
594309
593213
593388
594585
593365
595055
594261
594912
594617
593461
593992
593703
594733
594497
594367
593545
593984
595375
593711
594745
593709
593578
593750
594572
593581
593433
594424
594181
594111
594094
594275
594694
593881
594019
594392
594713
593864
593738
594470
594414
593872
593917
594595
594027
594263
593747
594224
594123
594478
593858
594637
593470
593885
594597
594672
594580
593430
594183
592806
594438
594581
594350
594123
594519
593247
594392
594386
594097
594628
594135
593765
594865
593966
594066
594270
594085
594009
593592
594374
594705
593836
594770
593848
594009
594676
594473
594177
594687
594174
594001
594185
593462
594291
594091
593646
593497
594078
594742
593653
593783
593594
594104
594630
594318
594416
594502
594164
594222
593758
594725
594585
594784
594565
593908
595129
594468
593881
594388
594749
594014
595203
594434
594375
594605
594390
594289
593922
593452
593967
594775
594402
594265
594077
594238
593985
593890
595059
593691
594405
593767
594521
594129
594435
594200
594300
593902
594389
594593
595005
593997
594933
594000
594115
594368
594036
593833
594244
594198
594536
593649
594277
594937
594746
594215
593260
594321
594029
593951
595258
594442
594530
594487
595381
593275
593957
594043
593699
593826
594478
595213
594798
594444
594708
