807567
807733
807765
806978
807343
807928
807423
806904
807227
807822
808492
807092
807708
808146
807556
807219
808465
807996
807561
807297
808602
807605
807798
807462
807569
807795
807228
807057
807910
807645
807444
807458
807769
807307
807675
807771
808055
807059
807049
808361
807779
807850
807291
807726
807811
808107
806762
807664
807643
807341
808514
807640
807178
807259
807648
807544
808287
808181
807548
807853
807924
807650
807793
807186
807997
807666
807298
807262
807852
807442
808973
807600
808142
807483
808290
807675
808230
807709
807655
807322
807893
807242
807090
807184
807417
806940
807909
807570
807875
808308
807953
808418
807782
807649
807796
807915
808503
807193
807752
806846
806774
807906
807688
806849
807268
807309
807890
807623
807067
808085
807250
807835
808016
808246
806872
807302
808324
806932
807409
807344
807506
807204
807733
807989
807342
807386
808186
807799
808209
808003
807354
808058
807724
807458
807315
807673
808158
807430
807951
807194
807713
807213
807419
808439
807720
807501
808079
807824
807194
807457
808305
807321
808073
807785
807914
808344
808082
808407
807585
807627
807038
807394
807401
807741
808410
808066
807717
807903
807768
807465
807581
807864
807345
807389
807942
808132
807770
807655
807540
807246
807521
807962
807763
807555
807798
807463
807893
807691
807490
807863
807367
808638
807274
808292
807872
807788
807684
807266
808546
807751
807760
807376
807520
807385
807886
807715
808259
808248
807113
807929
807785
807724
807239
807526
808016
807508
807060
807201
807771
808182
807430
808538
808124
807376
807826
807616
806765
807401
807285
807663
807255
807121
807220
808173
807576
806844
807332
807367
807045
807082
808094
807476
808030
807653
807728
807825
807440
807195
807997
807127
808342
807976
807319
807142
808280
807295
807396
807673
806924
806982
807566
807261
806846
807958
807749
807871
808069
807772
807316
807034
807534
807846
807365
807509
808161
807586
807635
807381
806969
806825
807684
808003
807607
807674
807673
807183
807991
807698
807728
808038
807046
807498
807690
808307
807468
807793
808280
807473
807067
807602
808167
807638
807800
807755
806892
807751
808093
807731
807914
807602
807615
807727
806880
807287
808118
807619
806604
807495
807398
807645
807924
806689
807485
808101
807329
806945
807348
807334
807754
807795
807904
807435
808436
807960
807048
807964
808356
807601
807763
807827
808018
807271
808523
807037
807602
807534
807763
808068
806902
807642
807658
807982
807308
807637
807632
808251
808251
807438
807238
807476
807087
807328
807187
807997
808208
807481
806675
807819
807208
806541
807991
808203
807341
807601
807327
808057
807867
807448
807931
807932
807422
807326
807610
808344
807847
808416
808151
807173
808098
808016
807809
807074
807230
807964
808312
808273
807518
807094
807614
806947
807983
807125
807641
807316
807634
807734
807202
807185
808316
808036
808023
807769
807596
807349
807989
808057
807236
807898
807925
807585
807214
807762
807697
807684
808130
808284
807127
807764
807721
807408
807499
808107
807364
807143
807982
808268
808232
807784
807512
807441
807283
807622
807590
807587
807497
807607
807763
808084
806839
807785
807736
808212
807316
807686
807250
807347
807303
808075
807204
807233
807641
806903
807770
808273
807428
807311
807626
807129
807330
807711
806951
807100
807009
807291
807327
807399
807230
808168
808050
808228
807515
807664
807813
807641
808291
807709
807905
807405
807919
807809
807195
807145
807350
807926
807320
807137
807538
807975
807850
807508
807588
807160
807288
807680
807155
807585
807394
808053
808591
807426
807005
807395
807263
807972
807545
807726
807468
806424
808541
807779
807096
807328
807708
808003
807593
807579
807396
807585
807143
807491
807010
807890
808433
807694
807826
807993
807761
806865
806686
808188
807637
807249
807492
807465
807661
807465
807703
806999
807985
808306
808283
807607
808344
807321
808105
807990
807735
807550
807293
807796
808208
807656
807324
806805
808026
807413
807687
807396
807479
807817
807963
808176
807875
807128
807213
807684
807353
807616
807381
808036
807539
807582
807085
808272
807873
807389
807723
807803
808189
807970
807583
807488
808115
807688
807796
807166
807995
807384
807447
807879
807132
807733
807409
806991
808088
807689
807509
807788
807695
808272
807478
807668
807664
807867
808129
807342
807437
807914
807506
807813
807169
807283
807646
806931
807813
807485
808191
807496
808041
807328
807486
808113
808110
807873
808100
807958
807070
806964
807809
808006
807683
807123
807244
807845
807494
807821
807854
807491
807376
807953
808249
807501
807498
807306
808122
807198
807951
807715
807434
807538
807451
807930
807138
808203
807237
807757
807383
806943
807386
807252
807463
807544
807671
807260
807762
807980
807489
807223
807598
807677
807188
807462
807428
806915
807045
807408
807534
807602
807347
807369
808612
807628
807876
808189
807709
807110
807972
807472
807271
807789
807305
807675
807345
807966
808148
807931
807753
807219
808221
806766
807409
807006
807671
807844
807894
807558
807696
808337
807914
807219
807474
807317
807581
807201
807312
807854
807483
807353
807087
807254
807516
807440
807549
807403
807531
807579
807111
807744
808273
807236
807422
808311
808035
807556
807598
807400
807662
808000
807282
807844
807389
808018
807547
807372
807426
807786
807819
807490
807611
807222
808318
807243
807062
807754
807853
807776
807322
808159
807865
807676
808437
807242
808166
807718
807744
807475
808261
807914
808376
807761
807627
807380
807493
807908
807297
807346
807105
807164
807489
807830
807090
808029
807521
807591
807189
806751
807210
807968
807793
807576
807575
807714
808064
807834
807905
807815
807810
807815
807731
807227
807616
807555
807813
807613
807134
806833
807714
808039
806896
808226
807765
807317
807966
807485
807517
807591
807778
807105
807221
807441
808402
807457
807554
807588
807574
807902
807056
807358
807463
807491
807568
807308
807453
807981
807469
808664
807554
808081
807753
807680
807952
806748
808169
807597
808055
807688
807233
807071
808423
807119
807221
808358
807600
807511
806793
807550
807772
808297
808019
807918
807127
807316
807634
807427
807333
807226
807196
807624
807555
807210
807553
808372
807511
807545
807405
807418
808233
806859
807609
807386
807222
807248
807875
807675
807686
808313
807809
806954
807519
808098
808398
807915
807008
807524
807646
807134
807660
807684
807736
807514
808000
807922
807707
808472
807461
807299
807331
807659
807611
807664
807953
807298
807607
807442
807492
807985
807092
808227
806765
806840
807578
807631
807781
807590
807805
808036
807083
807862
808463
808185
807694
807747
807365
808256
807034
807980
807816
808136
807545
807706
807729
807651
807111
807042
807823
807785
807428
806715
807970
807894
807422
807580
807524
808234
807286
807436
807751
808115
807347
807338
808203
807450
808032
807748
807492
807610
807376
808195
807686
807306
807561
807280
807141
807282
808433
807206
807417
807165
807550
807884
807149
807213
807698
807836
808394
807422
808088
808267
807877
807654
