736285
736081
735246
735398
736191
735810
736017
735167
736363
735441
736316
735758
736355
735120
735567
735370
736206
736343
736694
735445
735058
735229
735717
735771
736743
736021
735789
736160
735947
735704
735754
735677
735811
735905
736801
734899
736293
735999
735597
735100
735155
735327
736297
736231
735293
735927
735789
735960
735153
735742
735557
736254
736324
735836
736327
735588
735641
735371
735207
735673
735958
735074
736175
736692
735837
736302
735818
736018
735958
735835
735916
735614
736282
736338
736445
736523
735142
736927
735922
736116
735957
736252
735797
735940
735933
735452
735263
735014
736231
735614
735574
735666
735853
736447
735354
736236
736154
736442
736450
735944
736113
736249
736276
736076
736612
736114
735912
735596
736871
735993
736041
736062
735378
735489
735647
735737
735343
736238
736030
735853
736234
735279
736246
736120
736471
735396
735988
736816
736063
735181
735810
735762
735583
736388
735920
736448
734991
735227
735574
736223
735768
735851
735784
735918
736060
736139
735786
735693
735664
735147
735979
735845
735489
735343
735760
735850
735773
736098
735560
735945
735584
735756
735897
734784
735799
735969
735732
735440
735900
736430
735128
736337
734978
736234
735741
736118
736475
735482
736322
735887
735587
735917
735940
735587
735960
736307
735098
736633
735486
736092
736083
735764
736070
735589
736226
735663
735798
735919
736076
735508
735444
736238
735484
735673
736566
735490
735727
735140
735568
735578
735324
736044
735615
736263
736035
736054
735765
736303
735896
735995
736061
734749
735781
736043
736076
736511
735604
736183
736398
736256
735537
736144
735617
736776
736158
736123
736212
735892
736280
736649
735948
735149
735609
735971
735595
735808
735877
735261
734973
735199
735962
735610
735758
735002
735885
735569
735516
736416
736538
735481
735655
736446
735651
736672
735854
736669
735534
735755
735997
735677
735956
735857
735235
736401
735600
736303
736225
735303
735822
736030
734810
735847
735897
735308
736054
735416
736098
735388
735296
736052
735694
735131
736284
735898
735577
735698
736241
735429
736053
736151
735738
735307
735830
735238
735592
736448
735853
735390
735326
736146
736434
735872
737034
736344
735993
735709
736027
735205
736279
735522
735903
735780
735563
736456
736275
735513
735599
736507
735537
735891
735835
735046
735618
735299
736343
736753
736155
735288
736093
735301
735692
736017
735218
735919
735631
736069
735963
735327
736223
735317
735697
736496
736183
736071
734724
736326
736367
735986
736193
735429
735723
736266
735533
735526
734603
735510
736781
735480
736099
734912
735990
735559
735576
735916
736310
735700
735402
735330
735856
735976
734819
735886
736091
735000
736147
736408
735848
735916
735715
735350
735620
735690
735267
736506
735997
735874
734524
735991
735963
735036
736164
736682
735826
736075
735573
736357
736434
735607
735859
736152
735511
735295
735266
735750
736242
736218
736009
736134
735686
736320
735874
735910
736123
735379
735802
735283
735690
735645
735608
735995
735221
736262
735463
735915
735505
735816
735773
737107
735358
735614
735906
735976
736191
735617
736334
734997
735233
734974
736198
735562
735739
736437
735362
736451
736527
735348
736500
736337
736116
735537
735186
736339
735886
735675
735801
735030
736125
736337
736137
736371
736328
735441
735739
736136
735846
735432
735913
735808
735517
735679
735502
735803
736314
735150
736169
736112
736728
736596
735957
736527
735948
736136
735776
735270
734927
735792
735565
736282
735434
736775
735694
736545
736464
736386
735843
734994
735958
735608
735585
735618
735660
736279
736312
736183
735545
735373
735368
736221
735924
735510
736202
734729
735631
736631
735744
735904
736098
735663
735372
735947
736137
735529
736304
736357
735365
735792
736168
735839
735623
735925
735917
735410
735917
735694
735578
735972
736055
735201
735778
735473
736165
735951
734676
735448
735222
735505
736119
735956
736026
736094
736582
736117
736584
735570
735925
735871
736808
735906
735971
735327
736053
735688
735968
735750
735631
735175
736308
735819
736424
735312
735481
736058
736591
736283
736424
735693
735822
735734
735761
735878
736105
735346
735881
736590
735545
735991
735782
736013
735668
736077
735710
735941
736044
735709
736033
736363
735016
735826
736216
735683
735616
736058
735697
735663
735704
736351
736157
735004
736475
735650
735975
735836
736420
736408
734971
735501
735842
735384
735839
735402
735827
735735
735382
735721
736078
735590
735838
735456
736132
736117
735551
735563
735060
735269
736079
736083
736103
736492
736612
735887
735549
735878
735581
735805
736272
736029
735473
735472
736426
735676
735708
735522
736254
735387
735403
736786
735429
736384
736265
736135
735904
736079
736171
735394
735518
735831
736670
736140
735258
735941
736120
736023
735723
735786
735515
735403
736135
735674
735927
735913
736209
735800
735997
736073
735295
735973
736043
735218
736115
735733
736361
736007
735830
736378
736286
735476
736119
736129
736025
735663
736112
735474
735500
736162
736707
735715
736555
735360
736202
736007
735806
735488
736238
735847
736281
736380
735716
735691
736097
735842
735955
736110
735392
736419
736420
735984
736198
736259
735534
736344
734779
735690
735218
736103
736304
735786
735120
735642
735461
736295
736122
736506
735355
736099
735722
736167
736125
736117
735306
735862
735289
735280
736275
736231
735597
736133
736426
735740
735911
736213
735771
735070
735839
735413
735988
735874
736469
736301
736330
735564
735623
735896
736142
735743
735891
735834
736196
736081
735726
735900
735711
735540
735411
736656
736060
735944
735656
736643
736121
736137
736039
735838
736192
736057
735475
736364
736637
736398
735736
736095
736056
735691
736037
735527
735595
735649
736084
736181
735717
735958
736126
735817
735902
735744
736765
735715
735451
735829
735081
736249
735644
736197
735933
736022
735544
735745
735379
735368
735952
735672
736808
735449
735411
735666
735599
735667
735558
736532
735188
736361
735921
736148
735759
736214
735790
736037
735621
735819
736721
735797
735689
735588
734984
736072
735155
735655
735210
735949
735775
736011
735417
735024
736144
736703
735903
735868
736080
736306
735646
735440
736229
735939
736545
736827
736051
735542
735754
736450
736535
736000
735768
735109
735773
735919
735430
735276
736109
735533
736069
736010
735369
736819
735295
735636
736415
734965
736115
736020
736342
735017
735914
735715
734727
735987
735372
735523
736308
735577
735398
735919
736321
736222
736056
735737
735788
736253
735880
736480
735550
735537
736255
735948
735136
735802
736509
735549
736162
736164
735749
735950
734845
736342
736159
735086
735719
735273
735673
736508
735554
735421
735400
735974
736343
735268
735913
736166
735925
736076
736500
736257
735632
735985
736111
736013
735774
736259
735401
736374
735964
737056
735274
735759
735277
735919
736071
735760
735975
735937
735830
735432
735693
736065
735557
735944
735335
735566
735830
735728
736211
735570
736076
735898
735903
735859
736065
735669
735909
735698
735827
735737
