388173
388132
388756
387815
388641
388110
388756
388112
388193
387926
388311
388739
387804
387874
388210
387233
388365
388582
388258
388865
389375
388912
388406
388438
388603
388756
387950
388191
388115
387957
388351
388342
388367
388288
388551
388762
387055
388570
388202
388816
388251
388230
389014
388613
388434
388458
387973
388498
388511
389054
388853
387664
388133
387345
388273
388039
388804
388423
387913
388624
388483
388588
388125
389014
389135
387641
388484
389215
387979
388309
388300
387895
388137
388530
388693
388344
388042
388027
388560
388127
388421
388348
388115
388509
388760
387687
388378
387876
388914
387537
387917
387915
388168
388718
388729
387299
388830
387878
388394
388775
387716
387983
389291
388564
388878
388593
387363
388530
388097
389011
388575
388738
388914
388743
388174
388482
388431
388494
388339
388017
388813
388078
388608
388763
387941
387955
387714
388104
388808
387739
388292
388426
388420
388801
388507
388499
389151
388652
388745
388808
388307
388756
388307
387779
389120
388996
388068
389077
386988
389065
388637
387009
388939
388899
388329
387738
389240
388267
388128
387676
388100
389674
388974
387879
388712
388688
388997
388575
389248
388755
388479
388484
388865
387787
389107
387461
389079
388466
388364
388697
388469
388797
388139
388129
388022
388565
389434
388732
388934
388152
388543
388045
388397
388333
387640
388235
388111
388432
388462
389302
389378
388633
388482
388571
387856
389069
389200
388470
387953
387748
387369
388928
388729
387634
388663
387697
388117
388403
388570
388179
387583
388307
389240
389245
388884
388112
388305
388101
388073
388791
388187
388340
388869
389200
388861
387525
388713
388851
388370
388939
387820
388511
387729
387704
389439
388445
387624
388332
389707
387854
388588
387876
388719
388501
388044
388159
388644
387882
388089
389309
388327
387876
389082
388914
388054
389181
388658
387819
387915
388682
388115
388576
388780
388925
388513
389235
388440
387944
388735
387760
388003
388662
387015
387712
387944
388215
388300
388750
388372
388213
388466
388702
388727
388289
389018
387647
388263
387135
388823
387909
388170
389511
387740
387811
387770
389017
388254
388604
388492
388828
388579
388685
388423
388391
388878
389384
388702
387645
388945
388373
387663
388926
388525
388427
388453
388071
388126
387788
387972
387805
388586
388494
388131
388215
388744
387630
387326
388430
388604
388342
388131
388739
388824
388175
388654
389123
388403
388335
388287
387727
388331
387902
388872
388321
387512
388698
389187
388719
388197
388394
388187
388415
388146
389212
388603
388575
388154
388754
388296
388164
387854
388608
387571
388316
388151
388715
388533
389068
387740
388155
389082
388168
388458
388876
388043
388160
387493
388114
388272
388893
387904
388750
387862
388793
388207
387105
388159
387929
388324
388646
388701
388272
387993
387624
387971
387768
388138
388066
388769
388216
388165
388960
389261
388930
388861
388095
390203
389397
387560
388311
388039
388427
387678
388532
388125
388360
387454
388848
388282
388700
387391
387341
388340
388099
388114
388916
388122
388115
388662
389098
388170
388709
387771
388227
387994
387811
388573
388532
387813
388165
387602
388038
388759
387587
388075
387197
388613
388131
388575
387468
388024
387624
388347
389132
387938
388737
388819
388117
388699
388099
387817
388121
388722
388537
388671
388669
389356
387564
388307
388389
387729
386807
388761
388281
387442
388313
388250
387946
388287
388397
388667
389173
388331
388264
388741
388507
388916
388407
388341
388905
388662
388967
387418
387802
387893
388216
387512
387720
388676
388426
388231
389187
388230
388284
388996
387921
387799
388456
388464
388502
388081
387353
387977
388637
388356
388008
387980
389088
388057
388154
388175
387592
388397
387840
388303
389023
387962
388391
388477
387335
388836
387451
387335
388327
387903
388644
388539
387410
389072
388411
388525
388377
388506
387159
388446
387875
387558
388234
387770
388880
388295
388719
388541
388057
388648
387557
388572
388411
388574
388726
388010
387575
389146
387907
387196
389127
388494
388152
388350
387970
388540
388103
388648
388560
388480
387763
387987
387949
388327
388314
388603
388370
388266
388636
387912
388839
388990
387899
389395
388351
388050
388626
388635
389203
389282
388176
388253
389175
388188
387871
387788
387039
388546
388220
388162
388699
387282
387808
387531
387850
388690
388397
388716
388754
387912
387952
388080
388047
387863
387299
389031
387494
387540
388288
388040
388781
387854
388917
387853
387509
388973
387604
387860
389016
388780
388192
388316
388566
388307
387749
388199
388886
387717
389024
388274
388159
387796
386817
388316
388823
388021
388518
388477
388358
387800
388065
388947
388364
388599
388361
387914
389144
387754
387781
387360
388052
388244
388610
387055
388568
388208
388105
388401
388042
388581
389601
388385
388749
388314
388349
389441
387471
388492
388317
388819
388244
387870
388827
387904
388732
388756
388336
388497
388787
388168
388397
388185
388312
387787
388195
389231
388097
387955
388028
387948
388383
387445
388231
387523
388511
388494
389599
388444
387121
388435
388533
389106
388669
388364
388578
387228
389126
388374
388496
387956
388318
387745
387853
388267
387075
388553
389686
388410
388579
387762
387836
388541
389549
388577
388036
388571
388497
388408
388347
389280
388768
387925
389124
389860
387922
388371
387565
387913
388768
388675
387500
387768
389381
388471
387974
389047
388002
388783
388776
388684
389115
388528
388115
389184
388201
387924
387919
387838
388849
389763
388322
387399
389164
388064
388030
388416
388853
387883
388986
388983
388437
388840
388952
388813
387697
388649
388190
387458
387712
389133
388622
388497
388746
388458
387844
388182
388039
388636
388708
389659
387627
388542
388920
388974
387108
388175
388457
387764
388126
388789
388361
388909
388460
387802
388737
387858
388656
388753
388588
388993
387670
389198
387932
389112
388733
389134
388275
387864
387943
388640
388069
388663
388596
388136
388609
387877
388030
388443
388245
388139
388410
388398
388473
388538
387765
388166
388304
388220
388283
388637
388258
388522
388478
388605
388223
388458
387705
388575
388530
387958
388082
388838
388449
388933
388211
388390
388107
388437
388395
388608
388743
388082
388652
388338
387611
388137
388946
387600
388121
388100
388199
388879
388125
388954
388198
387378
388540
387778
388567
389106
387973
388412
387955
388303
388403
388881
388543
388474
388231
388385
388121
387734
387985
389312
389105
388106
388927
388095
388711
387973
388601
389249
388056
388824
388294
387915
387987
387843
388460
388719
387253
389344
387833
388797
388585
388836
387596
388895
388428
388508
387412
388895
388299
388740
388585
388176
388527
388581
387875
388133
388452
387887
388913
388760
388191
389130
388315
388269
388720
388602
388282
387753
388584
388157
387911
388353
388506
388980
387370
388757
388801
387966
388626
388316
388515
389049
388948
388203
388504
389047
388628
387442
388328
388415
388705
388522
388075
388742
388459
388231
387720
387536
388279
388097
387219
