443149
443155
442587
442135
442566
442511
442154
443335
442382
442953
442838
441728
442759
442785
442941
442530
443513
443593
443299
442777
443363
443502
443736
443353
443323
443282
443484
443075
443291
443119
443031
443291
442322
442982
443198
443673
443048
443092
443242
442936
442905
443722
442543
442585
441977
443039
442700
443608
444008
443504
443186
443323
443400
443364
443156
444446
442436
443712
443380
443493
443403
443950
443922
443065
443745
443433
443688
443132
442710
442962
442364
443890
443945
443134
443532
442805
443158
444071
442904
442489
443530
443436
442917
443299
442913
443188
442799
443789
443133
443827
443164
442980
442827
442684
442516
443358
443547
443744
443653
443227
442939
442781
443851
443373
444232
443492
442922
443974
442838
443841
443398
443063
442580
444343
443067
443773
443341
442791
443094
442823
442587
442932
443042
443648
443434
443644
443327
443232
443556
442898
443412
443139
443020
443143
443755
444657
443738
443585
443141
443131
444131
443507
442444
443944
443449
444370
443288
442613
443991
442955
443974
443809
442800
443225
443873
442851
442902
443045
443326
443680
443047
443361
443629
443508
443418
443439
443075
443181
442243
442541
442707
443869
443048
442458
442866
442752
443033
443275
443642
442671
443179
444071
443699
442465
442986
443118
443561
442787
443176
443235
442810
442675
443538
443493
442156
442497
443707
443309
442849
443309
442937
443119
442810
442472
443234
443601
443739
443347
443084
443091
444138
442523
442992
443302
443125
443188
442679
442796
443118
443401
443097
442855
443012
442464
443437
442598
443553
442604
443533
442550
443822
443113
443904
444113
443160
443480
443164
442908
443724
442895
443157
442955
443680
443834
444194
442558
443757
442906
443015
443445
443292
442683
442763
442984
443025
443434
443334
443196
442635
443481
443124
443428
442989
443643
443610
443700
443189
443132
443272
443124
443845
442267
443066
443737
443229
442391
443220
443403
442914
443307
443328
443354
443859
443929
443541
443044
442757
443745
442262
443422
442020
443192
442589
443040
443106
443537
442424
442768
443170
443066
442738
442834
443144
444287
442344
443268
442913
443089
443118
443792
441923
442404
444049
443760
443060
443532
442386
442869
443047
443432
443459
443647
443020
443752
442911
443254
443720
443583
442794
442911
443161
443010
444152
444422
443165
442652
442908
443809
442893
443549
443741
442697
443373
443146
442903
442763
443428
443430
443046
443256
443299
443342
443330
443936
442850
444326
443299
443588
443574
443559
443205
442802
442989
442844
442652
442824
443123
443047
443607
444069
443382
442444
443753
442287
443271
443790
443209
444046
443477
442971
443350
443134
442969
443057
443477
442659
443570
443215
443458
442973
442416
443303
443098
442464
443664
442712
442603
443830
443374
442822
442949
443460
442024
443880
442905
442665
442533
443682
442199
443710
444271
442434
443835
443845
443348
442384
443509
444298
443296
443893
443377
443680
443492
444210
441843
444076
442926
442872
443226
443264
443413
443790
442606
442901
442744
443311
442715
443101
443049
444237
442946
443702
443083
444465
442841
443571
443879
443758
443115
443182
443986
442951
442705
443118
441984
442970
443082
442929
443839
443287
444390
443698
442649
443597
443168
443364
442895
443538
443140
443582
443574
442908
442243
442801
444097
443266
443267
443772
443153
443607
442937
443867
443108
442536
442757
443067
443124
443189
444066
443392
442894
443695
443141
443788
442919
443696
443856
442765
443116
443462
442248
442635
443204
443423
443584
442723
442477
443278
443814
443162
442555
443423
442792
442630
442876
442463
443422
443083
442747
443403
442112
444106
442608
443647
443486
443607
442735
442850
442944
443345
442785
443133
443536
443969
443065
443240
442906
442503
443412
442689
442937
443434
443135
443583
443380
443623
442581
443257
442819
443647
443327
442709
442522
443314
443272
443136
443056
442457
443005
443084
443157
443719
443071
442466
443801
442910
443506
442873
442981
442455
443634
443402
443082
443378
443477
443025
443363
443828
443443
443353
442612
442200
442497
444391
443370
443651
442627
443830
443175
443186
444704
442803
443491
443271
443208
443445
443168
442475
444742
443792
443973
443002
443931
444175
443289
443380
442817
442716
443813
443164
443023
443515
443221
442193
443397
443103
442921
444171
443306
442641
442813
443781
443747
442607
443795
444420
443750
443609
444237
443818
443745
444589
444063
443441
443487
443323
443558
442826
443911
442782
443863
443654
442991
443746
443628
444352
443899
443092
443378
442680
443189
442746
443069
443912
442102
444549
443166
442746
443222
442710
441993
443285
443867
443260
442581
443865
443149
443250
442458
443812
442745
442664
442925
442706
442799
442909
443182
442365
443563
443215
442329
443217
442152
443421
443691
443054
443272
443174
443949
442830
443446
442214
443965
442992
443602
442438
444211
443226
444349
443004
443154
442876
443900
443857
443168
442882
443468
442846
443551
443803
443358
443600
443958
443151
443058
443426
442946
444111
443147
442810
443418
443241
443000
442560
442600
442973
443528
442359
442956
443400
443650
442937
442611
443497
443405
443803
442399
443840
443519
442170
443306
443685
443087
443273
443287
443203
443364
443627
443064
442935
443635
443277
442981
442861
442176
442907
443863
442954
443818
443729
444247
443261
443613
443209
442806
442975
442558
443090
443204
443036
443461
444079
443957
442392
443355
443692
442215
443196
443691
443117
443388
443672
442625
443140
443421
442418
444153
442653
442779
443332
442756
442960
443459
443772
443986
442423
443020
442450
443325
443448
442761
443601
443136
443562
443694
443681
443202
443420
443780
442899
443074
443637
443607
443536
443935
442557
443247
443600
443090
442792
443217
442469
444104
443325
442043
443379
443237
444342
443322
443157
442722
443860
443762
442622
443390
443065
443161
443599
443304
443604
442950
442851
443439
443511
442815
443043
442697
442871
443597
444119
442985
442637
444147
443060
443916
443449
442071
443169
443857
443350
443843
443579
442700
442322
443317
442286
442629
444172
443339
442856
442658
443268
443052
443016
442855
442173
444191
443072
443083
443545
443241
442601
443132
443443
443679
443346
442791
443075
442723
442706
443217
442774
443359
442607
442465
443113
442482
443262
443099
443301
443200
442752
443375
443218
443204
443456
443973
443109
444185
442469
442992
443275
443391
443288
443365
443292
443504
442990
443454
443455
443570
443321
443499
443671
444042
443576
443168
442526
442915
443858
443056
443238
442304
443203
443250
443344
443147
444143
443413
443135
443003
443129
442510
442903
442973
442715
442107
443118
444295
442841
443673
443622
443654
442751
444061
442829
442916
444091
443192
443300
442949
443600
442627
442974
443339
443926
443283
443388
443301
442769
442430
443191
442504
442855
443088
442886
442473
443524
443074
443253
442913
443932
443354
443182
442760
443276
443198
443871
441906
442851
443563
443308
443707
442781
443614
442511
442776
443729
442742
443754
