610368
610612
609906
610387
610239
609629
610311
611882
610896
610438
608761
610789
610127
610153
610741
611368
611263
610839
610115
611036
610378
610414
610898
611233
609861
609854
610857
609717
610410
610129
610879
610340
609733
610733
610476
611574
609746
609916
610311
611175
610291
611177
611844
611018
609888
609909
610971
609337
610271
609865
611124
610835
609801
610367
610485
609747
609872
610194
609839
610640
610313
609413
610511
610219
610188
611024
610213
608935
610471
610711
610851
609550
610610
610284
610071
609715
610754
610413
610114
610256
610588
611062
611058
610558
609923
611275
610036
610513
611863
610438
610547
610451
610887
610019
610193
609551
610938
611300
609891
610724
610137
610508
610941
610922
609759
609838
609698
609975
609971
610443
609755
610910
610693
610192
610540
611715
610300
610867
610036
610188
610625
610491
610388
610508
610115
609254
609763
610646
610921
610288
609876
610012
609997
610505
610402
610114
610407
610274
610596
610736
610727
610604
610809
610781
610229
610464
610941
609894
610338
609166
611210
610854
610125
610963
610093
610681
610456
610963
610245
610582
610550
611115
610693
610512
609897
610145
611065
609875
610304
610413
609676
610452
610439
609212
610272
610538
610423
611768
610414
609880
610271
610318
610366
610912
609846
610539
610940
610126
610453
610165
610967
610610
609225
610362
609784
609809
610619
610388
609892
609598
610386
610236
610316
610285
609982
610184
609804
610069
610493
610840
611251
610116
610485
609795
611024
610372
610027
610899
610246
610605
609850
610443
610021
610446
610364
610527
610472
609672
610468
610328
610065
610836
610231
610864
610498
611251
610141
610723
610026
611017
609759
610766
610864
610125
610342
610613
609849
610688
610910
610143
610247
610724
610597
610273
609805
610135
610200
609935
610092
610258
609425
610171
610013
609595
609780
610833
610990
610738
609912
609781
610465
609435
609270
610342
610415
610677
610117
609723
611343
610557
610148
610813
611035
609998
610903
610249
611019
610884
610201
610906
610081
609740
610139
610841
610251
610333
610321
609651
610394
610240
610533
610239
610461
611136
611158
610260
611308
610294
609925
610251
610510
610935
611407
611143
610235
609892
609934
610840
610400
609973
610636
610140
610301
610427
610406
610958
610168
610420
610495
609994
610756
610998
610730
610776
610716
610216
611906
610819
610270
610595
610132
609797
611041
609901
610006
610865
609988
610079
609881
610195
610499
610720
610041
610033
610655
609842
610898
610391
610135
610095
611402
610621
609545
610790
611455
610504
610638
610496
609910
610757
610777
610772
610521
610304
609833
609670
609608
611038
610296
610841
610080
609769
610493
610020
610431
610614
609826
610053
610414
610929
611354
610405
610548
610559
610066
610328
609747
610461
610470
609730
611045
610083
610583
609664
610311
610580
610635
609764
610861
610669
610355
610286
610649
609511
610572
610722
609076
610345
610486
610719
610091
610015
609287
610767
611383
610733
610597
610211
610364
610151
609871
609840
610665
610460
609611
610234
611041
610324
609836
611381
610181
610089
611234
610259
609886
610634
611989
611140
610246
610498
610117
610291
609691
610175
611073
610228
610117
609971
610173
610217
609900
610300
610027
610237
610658
610296
610040
610368
609923
610386
610864
610882
610473
610129
610261
610188
609371
610392
609608
610306
610641
610057
609924
610645
609753
609820
609913
609912
610817
609538
609294
611020
610706
610777
610187
610475
610970
610011
609288
609871
609876
610751
609114
610165
610293
610890
610262
610487
609936
609631
611325
611231
609482
610012
609692
609527
610554
610463
610850
609926
610734
610119
610122
610550
610417
610010
610180
610433
610044
610254
610467
610029
610167
609966
610491
610231
610216
610629
610726
610013
610243
610635
610124
610747
609968
610449
610664
610167
609770
609807
610718
610307
611092
610112
610649
610582
610807
609167
609249
610457
610284
610362
610480
610259
609298
610427
610347
611106
609175
610774
610101
609957
610481
610217
610099
609798
609095
610068
609741
610434
609789
610282
611252
610653
610325
610475
610808
610162
610311
610046
610293
610578
610218
609960
610547
610549
610751
609401
610508
610580
610747
610503
610280
610605
609795
610591
610055
610025
611044
610537
610271
610842
609965
610333
610199
610308
610580
610003
610616
609921
609656
610607
610714
610060
611594
610189
609886
610395
610642
610761
610846
610422
610412
609581
609807
610439
610223
609952
610715
611051
610092
609708
610457
610177
610582
609086
610316
610865
610483
610552
612098
609569
609955
610738
609784
609373
610289
610280
610143
609787
611050
611016
610041
610396
610296
610575
610230
610004
610727
610228
609898
609304
610107
610053
610013
610637
610048
609672
610683
610226
610083
610367
610574
610558
610350
609370
610368
610160
610173
610536
611221
609321
610161
609853
609901
610750
609669
610583
610139
609942
610471
610863
609604
609926
611109
610270
610287
610403
610111
610343
609452
610670
609535
610637
611288
611189
610631
610591
609845
610115
610505
610977
611029
610110
610739
610206
610158
610741
610238
610257
609944
610945
609802
610318
610634
610430
609408
611304
609796
610684
610545
610089
610794
610228
610612
610518
610008
609659
611036
610488
610339
610820
610599
610522
610534
611072
609567
610834
610357
610188
609450
610358
610304
610648
609844
610033
610414
610553
610085
610092
610367
610065
611085
610269
609873
610818
609906
611378
609864
609833
609760
610353
611136
611313
609856
610029
610068
609716
611232
611006
611119
610344
609680
610601
610124
610296
609784
609814
610143
610713
610555
610334
610305
610303
610321
610630
610413
610286
610228
610320
611311
609793
610295
611578
610153
610861
611241
610091
609970
609825
610315
610740
610343
610754
610624
611759
610094
610273
610350
610157
610563
610496
610067
610512
610267
610802
611125
610463
610034
610208
610277
609917
610208
610296
609571
610646
610457
610262
609949
610399
611218
610120
610580
609875
610548
610673
610548
610912
610006
610043
610575
609350
609665
610154
611159
609975
610154
610353
610407
611262
610737
609687
609720
610485
610177
609524
610389
610769
610463
609962
610399
610108
610572
609531
610898
610242
610164
610028
610141
610840
609989
609871
610427
611603
610211
610356
609690
609861
610819
610788
611530
610839
610734
610028
610085
610100
610134
610384
610259
610077
610473
610185
610088
609649
610936
611125
610361
609934
609687
610387
610064
611029
610810
610229
610076
610791
609670
610774
609252
609633
611069
609891
610060
611409
610070
610427
610300
610834
610521
611099
610125
609831
611030
609591
609936
610068
610164
610720
610597
610480
610481
610980
610271
611053
610636
610945
609798
610403
610629
610284
611705
609948
609809
610711
610112
609889
610822
610559
610552
609367
610801
610468
610464
609579
609867
610668
609919
610782
609880
609350
610240
610682
609760
609740
610361
610360
611108
611008
610888
610005
610632
610466
611299
610295
610088
610497
609392
610123
610709
610148
