553048
553873
553414
553165
553727
553485
553381
553543
553388
552834
553316
553514
553665
553292
553517
552635
553305
553463
553839
552910
552187
553430
553792
553115
553587
553711
552862
552306
553378
553866
553279
552699
553713
553087
553646
552793
553648
553335
553579
553533
553256
553573
552997
553607
552497
552686
553017
553526
552957
553650
553818
553460
553631
553384
553708
552297
552271
554235
553043
553326
552658
552443
553271
553328
553217
553186
553919
553554
552980
553582
553245
552922
553063
553272
553599
553188
553307
553371
553864
553663
552812
553386
552452
552575
552395
553259
553222
552356
553205
552823
552741
552721
553731
553001
552992
553460
552986
553780
553955
553177
553738
553076
553452
552658
552306
552832
552442
553274
552839
553413
553018
553732
552882
553319
552405
553387
553620
552495
553753
553550
552617
553236
552926
552747
553641
553027
553312
553900
552716
553673
553251
552769
552937
553809
552529
552521
553091
554274
552809
553899
552834
553809
553805
552843
553196
551978
553071
552678
552786
553763
552861
551845
554071
552767
553274
552765
553454
553387
553246
552596
553768
553368
553102
552992
553046
553449
553037
553198
553983
554173
553369
553446
553908
553034
553095
554356
552914
553036
552185
553181
553310
552743
552536
553118
553018
553495
553023
552991
553305
553245
553360
553513
552195
552382
553346
553035
553409
552503
553346
554109
553197
553674
552376
553490
553389
553645
553791
552656
553486
553205
552931
552974
553396
553135
552642
553462
552890
552468
553123
552865
554004
552530
552716
553613
553228
553543
553551
553704
553529
553836
553612
552971
553206
552980
552397
553470
553028
553377
552964
552988
553445
553998
552829
553411
553033
552562
551763
552984
553643
553448
553529
553543
553773
552996
552389
553902
553440
552849
553250
554106
553064
554248
553103
552851
553566
553269
552908
553134
552882
553027
553986
553044
552723
554403
552553
551732
553258
554021
553949
553523
552182
552280
553373
553614
552941
552520
552787
553279
553387
552785
553030
553295
552882
552468
554178
553350
552760
553307
552867
553030
553103
553332
553143
553663
553787
553580
553071
552653
552865
553237
552498
554389
552604
552227
553952
553461
553583
553240
552621
553483
553308
552998
553124
554158
553354
553395
552272
552628
553040
553498
552951
553831
552616
553733
553885
553574
554245
553201
553313
553642
553194
552910
552935
553326
553296
553167
552838
553447
553606
552520
553086
554103
551978
552694
553175
553999
553315
553345
553308
553434
553523
553326
554003
553211
553241
552985
553466
553197
553041
553819
553709
553049
552656
553914
552119
552933
552397
553715
553882
552987
552790
553348
553544
553912
553672
553414
553628
553606
553372
553519
553853
552674
553055
552564
553604
553404
553017
553718
553648
552953
552895
552129
553907
553727
553594
553471
552720
553005
553282
552730
553527
553217
553455
553049
553355
553995
553028
553308
552937
552569
552788
552676
552569
553148
552909
553049
553299
552972
553336
552580
553033
553478
553040
553257
552257
553564
551924
552502
552885
552937
552306
553460
553054
553851
553753
553748
553366
552943
552602
553459
552617
552733
553504
553982
553898
553146
553833
553379
554002
553511
553588
553006
552403
553785
553360
553221
552815
553542
553335
552659
552534
553720
553106
553218
552399
552993
552969
554405
553675
552857
553484
553412
553927
552620
553267
553663
552603
553110
553126
552844
552003
553459
552662
553420
552691
553195
552798
553710
553092
553453
552957
553183
552432
552088
553443
552446
553458
553569
553586
553333
553454
552191
553638
553198
553757
553993
552902
553860
552814
552697
553061
554697
552617
554111
552600
553257
552655
553484
553677
552210
553339
552895
553693
553184
553152
552367
553329
553529
553034
552685
553544
552729
552355
552839
553455
553382
553318
552475
553668
552797
553169
552587
553435
554048
553748
553194
553094
554196
553091
552072
552960
553490
552328
553187
553284
552822
554088
552979
553391
553232
553766
554107
553581
553059
553422
553987
553047
552744
552862
552425
553318
553024
553240
552729
553445
552690
553249
553817
552848
552290
552482
552786
552719
553547
552881
553784
553904
553573
552350
554099
552910
553632
553635
553273
552419
553186
552611
554108
553070
553219
553323
552938
553681
553288
553495
553542
553026
553247
553064
553827
552780
553502
553133
554160
552431
553620
553492
552701
553676
553276
553905
552758
553190
553016
553002
552760
553053
552612
553791
552764
553095
552855
553243
552513
552444
553021
553412
553497
553062
552882
552435
552207
553179
552727
553750
553555
553041
553123
552928
553018
553548
553614
552608
554065
552572
553019
553692
554387
552718
554244
553463
553213
553591
553296
552205
553386
552945
553273
553358
553171
552642
553112
552957
552810
552711
552228
553219
552944
552775
553507
553158
552078
553048
553310
553644
552966
553151
553661
552829
553672
553648
554048
553804
553360
553491
553488
553437
553041
552864
553817
552953
553663
552890
554138
553191
553475
553313
553530
552538
552408
552892
552214
553772
553882
553313
553773
553223
553065
553048
553530
552588
552863
552474
552961
552467
552414
553015
552606
552520
552552
552972
553361
553596
553654
553541
552527
553183
552921
552764
553203
553452
553628
553909
553297
553268
552484
553317
553177
553432
553530
553140
552795
552712
553185
553157
553572
552699
552000
554006
554038
553248
553489
553540
553954
552829
552910
552399
552451
553691
553401
553235
552924
552520
553397
552977
552889
552708
552763
553172
553594
553219
554022
552522
554617
552631
552444
553303
553214
552969
554230
553796
552003
553852
552833
553449
553504
553305
553460
553476
552385
553057
553058
553685
553818
553446
553165
553782
553610
553496
552126
552515
552901
552487
553261
554531
554368
552340
552995
554000
553364
553193
552865
553629
553163
553606
553610
553300
553453
552743
554423
552160
553850
553920
552873
553520
553235
553877
552553
553611
553837
553240
552669
553191
552720
552291
552972
552934
553420
553492
553038
553725
553755
553022
553317
552400
552889
553838
553826
553420
554540
553595
553086
552830
552804
552302
553470
552648
553528
554126
553011
552336
553423
552380
553406
553384
552740
552846
554333
553741
552555
552677
553430
554022
552694
552613
553541
553042
553495
553220
553508
551920
552737
554186
552508
552591
553800
554130
552745
553354
554203
552696
553375
553852
553421
552977
553127
553503
553430
553626
552609
552785
552735
553594
553191
552992
553221
553806
552811
552965
553124
554079
552928
553624
553433
552973
553585
553164
553139
553490
552805
554015
553207
553372
552036
552469
553042
552885
552904
553023
553357
552852
552899
553496
552995
552513
553523
553790
553052
552654
552713
552689
554082
553825
552472
553904
552214
552973
553386
554177
552956
554344
551992
553098
552929
553186
553559
552456
553056
552530
552163
552990
553149
553171
552642
552666
553411
553691
553238
553421
553088
553252
553102
553139
553658
553405
552208
552882
552777
552603
553170
