166370
166730
167086
166128
166105
166790
166621
166513
167134
166913
166977
167176
166417
166406
166748
166633
166793
166699
166472
166827
166692
166710
166496
166269
166131
166549
167053
166936
167030
165669
166759
166697
167082
166207
166598
167234
166162
167142
166153
166247
166761
166497
166895
166317
166744
166365
167010
166921
166289
166559
165755
166366
166826
166518
166198
166544
165806
166884
166833
166835
167360
166069
166941
166691
166186
166666
166332
166818
166578
166427
166930
166825
166804
166430
166451
166427
167028
167284
166448
166533
167140
166298
166424
166245
166473
166320
166067
167309
166702
166226
166458
166740
166601
166938
166464
166704
165932
166642
166331
166303
166301
167370
166421
166249
166639
166830
166611
166429
167125
166596
166909
166409
166331
166630
166236
166761
166710
167059
166161
166594
167038
166547
166578
166157
167282
166571
166402
166576
166346
166873
166234
166529
166385
166674
166853
166806
166410
166609
166342
166687
166301
166348
166498
166215
166256
167073
167155
166534
166470
166119
165906
166531
166677
166875
166039
166183
166458
166738
166522
166697
166397
166180
166607
166210
166396
166304
166242
166628
166780
166273
166419
167156
166527
166709
166925
166226
167146
166460
166275
166527
166900
166250
166933
166095
166933
166408
166150
166129
166402
167040
166342
167290
167365
166345
166847
166619
166308
165923
166058
166894
166811
166786
167041
166600
166585
166819
166427
167107
166488
166347
166754
166495
166474
166613
167248
165797
166356
165953
166862
167036
166916
166450
166735
166201
166357
166744
166409
166379
167162
166488
166610
166229
166587
166839
166910
166675
167055
166830
166313
166910
166509
166569
167274
166560
167290
166619
166679
166179
166405
166654
165984
166618
166276
166302
166511
166239
167054
166659
166080
167185
166428
166672
166837
166278
166439
166977
167212
166350
166827
166468
166301
166366
166886
166469
166373
166424
167606
166676
165844
166556
166426
166713
166716
166618
166373
165754
165869
167063
166357
167077
166056
166946
166254
166849
166136
166338
166853
166065
166029
166730
166625
166866
166040
166475
166980
166588
166491
166937
166491
165479
166460
166133
166082
167091
166489
167261
167667
167275
166214
166530
165968
167011
166151
166383
166629
166617
166201
166606
167067
166317
166849
166483
166237
166146
166775
166477
166626
166905
166606
165853
167230
166965
166185
167010
166710
166709
165918
166643
166547
166985
166159
167238
166075
166316
166373
167474
166368
166984
166220
166533
167174
166719
166954
167201
166689
167358
166722
166239
166406
167119
166415
166385
166427
166768
166302
166937
166200
166150
165748
167364
166473
167339
167020
166428
166355
166250
166592
167014
166758
166726
166959
166491
166686
167016
166382
166678
166968
166650
166723
166963
166405
166688
166293
166711
166567
166476
165747
166957
167026
166166
166502
166962
167217
166778
166433
166760
166631
167052
166439
166134
166576
166321
166870
166770
166684
166099
166098
166405
166271
166843
166343
165828
165843
166911
167496
166572
166557
167328
165725
165989
166673
166989
166424
167100
166183
166617
166884
166571
166801
166748
166713
166684
166174
166571
166768
166344
167559
166852
166639
167259
165804
167247
166395
166235
166724
166398
166998
166682
166848
166675
166202
167172
166776
166651
166751
166363
166141
166242
166561
166063
166388
166627
166266
166703
166168
166304
166431
166233
167281
166356
166642
166559
166751
166841
166738
166455
166873
167409
166148
166785
166227
166781
166789
166206
166372
166706
166389
166727
166669
166799
166378
166484
165885
166369
166689
166995
166121
166575
166564
165990
166670
166829
166583
166227
166584
167256
166218
166970
166427
167068
167122
166655
166586
166653
166239
167107
166468
166658
166000
166673
166499
166105
166521
166576
166190
167591
167319
166463
165743
166386
165499
166643
166391
166696
166036
166510
166818
166687
166700
166881
166592
166739
167467
166292
166886
166914
166345
166599
167175
166392
166807
166678
166143
166701
166616
166590
166694
166969
166346
166650
166017
166357
166767
167023
166779
167148
165949
165932
166139
167203
166957
167348
166667
166463
166781
166207
166796
166173
165903
166804
166265
166780
166226
166729
166355
166335
166725
166624
166215
166969
167216
166111
166722
166567
166625
166784
166259
166679
166020
166470
166343
166739
166038
166043
166426
166452
166479
166746
166075
166729
166502
167210
165983
166648
166705
166102
166481
167507
166183
167032
166504
166264
167168
166732
166509
165942
166568
166418
166248
166066
167100
166486
166702
166482
166200
166431
166579
166665
166126
166467
166384
166818
166957
166940
166454
166989
166242
166720
165935
166983
166571
166862
166327
166748
166562
167108
166253
166626
167032
166736
166081
166976
166635
166707
166637
167237
166570
167270
167313
166255
165665
165921
167143
166708
166277
166252
166995
166072
166882
166423
166433
166554
167250
166405
167114
166516
166850
166646
166614
166675
166581
166653
166758
166328
166994
167045
166877
166499
166909
166732
166134
166401
166511
166693
166606
166605
166364
166406
166689
166092
166908
166557
167043
166492
166511
166364
167129
166839
166548
166617
166270
166371
167003
166437
166702
166822
166086
166879
166505
166628
166666
167073
166667
165858
166767
166516
166192
166989
167144
166946
166151
166687
166336
167011
167117
166339
166553
166326
166274
166567
166429
166779
166638
165750
166917
166252
167134
166355
166704
165851
166708
167549
166189
166520
167500
166625
166597
166882
166537
166556
166311
166337
166615
166992
167047
166486
166305
166642
166527
166219
166239
167140
167183
166718
166656
166615
166718
166690
166590
166323
165889
166966
166574
166362
166905
166651
166573
166585
166755
166541
166434
166241
166466
166954
166069
166454
166074
166352
166238
166427
166719
166501
166808
166533
165871
166580
166659
166051
166525
167180
166322
166440
166268
167210
165939
166652
166729
166214
167275
166444
166783
166610
167054
166567
165909
166571
166510
166455
166832
166848
166551
166300
165713
166937
167596
167475
167086
166661
166994
166246
166888
166847
167070
166954
166301
166133
166640
166695
166894
166027
166141
166412
166253
166499
167483
166204
166487
166834
166582
166558
166711
166366
167143
166871
167235
166892
167413
166142
166596
166153
167175
166724
166695
166139
166874
166071
166298
166705
166714
166646
166769
167074
166629
166696
166452
166585
166512
166471
166854
166621
166409
166363
166907
165670
166795
166725
166317
166611
166330
166744
166608
166123
167305
166585
167079
165644
166156
167060
166609
165440
166893
166917
166626
166194
166209
166232
166400
167099
167259
167090
166760
166605
166368
166655
166825
167064
165805
166557
166757
166450
166324
166989
166621
166534
166434
166562
166344
165738
166456
167214
166063
166740
166962
166388
166645
167412
166524
165913
166316
166844
166541
166822
166971
166636
166731
166724
166689
166699
166462
166671
166730
166359
167049
167009
166504
165751
166983
166510
166259
166222
