333177
333433
333252
332467
333455
332776
333579
333758
333099
333379
333333
333166
332813
332907
333090
333024
333293
333556
333471
333499
333512
333141
334010
333273
332996
334051
333899
333770
333139
333751
332939
333456
333044
333044
333107
334010
333141
333548
333036
334257
334163
333793
334134
334307
333667
331815
333377
333039
333685
332975
333288
332933
333469
333453
333516
333159
334064
333841
333951
333049
333107
334499
334154
332728
333491
333706
333498
333428
334340
333209
333671
332802
333293
333370
333123
333842
332992
333268
333559
333690
333699
333116
332695
334360
332979
334105
333167
332921
333921
333768
333488
333289
334543
332874
333142
334180
333937
332950
333611
333255
334260
334177
333464
334067
333762
333728
333271
333133
332739
332399
333825
333487
333592
332543
333452
333292
333416
333989
333798
332956
333340
333895
333857
332943
333880
333097
334074
333701
333213
333724
333804
333056
333152
332265
333187
332731
333969
333534
334143
334118
333139
333386
333477
333637
333430
333646
333323
333488
333295
333605
333988
333519
332927
333227
333118
333529
333809
334026
333334
333672
333871
333757
333645
333006
332673
332439
333107
333610
333910
333628
333225
333098
332746
333861
333211
333408
332808
333882
333633
333800
333041
333883
332231
334397
332953
333660
332873
333105
332833
332755
333014
333878
333246
333400
332949
333405
334081
333658
333886
333931
332478
332956
332568
334032
333653
333829
333111
333379
334150
333673
333561
333098
333946
333182
334024
333375
334087
333274
333502
333003
332837
333497
333141
333364
333914
334054
333337
333558
332850
332723
332506
333500
333599
334289
332904
333162
331640
333682
333027
333563
333233
334255
333030
333183
333635
333454
333297
333412
333629
332709
333396
333688
333552
333251
333472
333705
333007
333378
333382
333799
333372
333709
333473
333551
333712
333681
333053
333278
333574
333141
332951
333502
333822
333064
333785
333386
334480
333379
334197
334027
333853
332800
333327
333301
332665
333562
333114
332801
333370
333234
333003
332916
333952
333744
333211
333402
333418
333406
333783
333275
333558
333479
333456
334154
333166
334732
334170
332862
334108
332902
333414
332936
333192
333144
333059
333174
333039
333490
333387
333679
333267
333192
332482
332713
333506
332374
333199
334120
333904
333755
333791
334011
333311
333244
333061
332823
333095
333812
334620
333568
333579
334083
333950
333560
332864
333956
333323
333887
333414
333468
334034
333054
332868
333342
332777
333392
333524
333956
333847
333085
333976
333388
333663
333252
333250
333079
333052
333898
333808
332651
333062
333593
333514
333471
333098
333082
333287
333643
334387
332687
333597
333024
333186
333171
334318
334038
333372
333661
333248
333331
334102
334249
333030
333541
333474
333833
334202
332973
334354
333651
333220
333242
333404
334162
333678
332863
333208
333607
333250
334353
333060
333394
334116
333674
333731
332999
332085
332685
333453
334027
333868
333335
333361
333560
333815
332964
333643
333438
333422
332576
333611
332892
333529
332801
334047
333476
333263
333676
333338
332881
333527
333730
333022
333475
333707
333608
333453
333816
333611
333706
333678
333866
333921
333217
333075
333157
333312
333118
333223
333009
333261
331955
333476
333210
333467
333522
333587
333783
333011
333699
333641
332575
333206
332872
333083
332503
334155
333081
332779
333980
333192
332891
332898
332898
333853
334229
333287
333634
333212
333720
333340
333501
333280
334025
333545
333844
333382
332404
332965
333086
333323
332770
333918
334442
334033
333472
334057
333517
332380
333844
332004
333390
332731
333437
333762
333754
333726
333302
332880
332978
333854
333904
333924
333504
333566
333298
333248
333197
333448
333483
333529
332572
333781
333304
333834
332740
332789
333584
333239
334183
333585
333441
333611
333163
333428
332714
332697
333672
333651
333437
333356
333716
333468
333421
333688
333279
333337
332469
333973
334443
333435
333297
333347
333175
333987
333770
332544
333555
332920
333056
333452
333451
333174
334416
333274
333904
333792
332987
333608
333288
333953
333392
333131
333189
332624
333231
332541
333544
333942
333236
333536
333474
333090
333930
333464
332038
332823
332777
334056
334590
334223
332498
334014
332979
334218
333709
333837
333151
333522
334077
333289
334303
333793
334066
333603
333100
333141
333659
333669
333805
334039
333943
332823
333418
333504
333391
333071
333827
332940
333067
333073
333695
332886
333669
333100
333206
332854
333364
333236
334063
333130
333596
332978
333926
333473
332689
333365
332967
333146
334041
334452
333673
332732
333362
333812
333750
333189
333188
333533
333777
333701
333630
333319
333393
332752
333845
332828
333525
332904
333590
334000
333825
333493
333711
333104
333163
332945
333582
333918
333977
333929
333625
333563
333188
333948
333496
333246
333206
333120
333391
332993
332454
334019
333119
332824
333278
332975
333059
333494
334139
332790
333571
333410
333242
332616
333635
333056
333193
334091
333299
333598
333736
332995
333084
333260
333043
333008
333182
334076
333922
333531
334214
333862
332838
333347
334396
334222
333794
333371
333177
333256
333495
333590
333252
332943
333706
332859
334205
333366
332848
333550
334161
333413
332830
332991
333834
334021
333784
333732
332387
332651
333616
333299
332885
333628
333916
333795
333644
333386
334284
333637
334560
333586
334162
333581
333546
332982
333723
333144
333407
332704
333752
332994
333495
332904
333889
333160
333507
333669
332418
332728
333039
334179
333080
334164
333013
333008
332903
333270
332828
333024
333192
333467
332764
334105
333807
332358
332768
333944
333594
333345
333619
333114
333169
332690
333526
333462
332969
332645
333943
333329
333229
333409
333361
333053
333619
333324
333225
333035
333024
332867
333392
333075
332912
332989
333611
333340
333857
333395
333618
333778
332709
333161
333657
333100
333428
333925
333012
333456
333691
332779
333461
333181
333672
334271
334169
333214
334063
333549
333447
333390
333899
332850
333936
333519
332868
333605
333475
333505
334102
333150
333237
333153
332641
333631
333425
333815
333040
333097
333095
333299
333402
334131
332996
333837
333478
333659
332091
333857
333157
333030
333689
333648
333613
333495
333878
332922
333798
333048
333410
333245
334032
332112
333792
333205
333222
333138
333252
333612
333001
333446
333144
332968
332958
332983
332600
333141
333461
333328
333637
333834
333965
332889
333095
333082
334133
334153
333405
333394
332550
333508
332797
332968
333422
334080
333660
333071
333650
333494
333553
333136
333571
333556
333412
333031
334547
333439
332535
333261
333222
333772
333758
333415
333807
333676
333196
332903
333788
333157
332304
332648
333177
333428
332967
333160
333428
333753
333217
334093
333683
333386
332917
333367
334047
333788
333109
333258
333606
332592
333388
332799
333283
333832
332433
333717
333183
332805
333896
332060
333345
333216
333597
333195
333919
333014
333622
333455
334265
334272
333496
333869
332976
332849
333917
333270
333212
333409
332963
332860
333520
