832553
832998
832761
832534
832651
833276
833906
833363
833118
834074
833727
833001
832381
832847
833344
834063
833267
832863
832791
833573
833317
833159
833248
833208
833418
833107
832796
833408
833071
832602
833431
832514
833511
833158
833438
834147
832812
833346
832924
833276
833016
833116
833877
833419
833560
833111
833642
832893
833544
833800
833414
833536
834019
833409
832693
832867
832577
833218
833544
833385
833077
833666
833179
833033
833110
833369
833598
833868
833162
833500
833032
833258
833194
833578
832802
833312
833542
833496
832982
833427
833050
832807
833818
833815
833435
832960
833389
833451
833239
833034
833049
833855
833104
833309
833047
832948
833472
833590
833766
833323
833117
833412
833022
833515
833245
832983
833380
833641
833018
833178
833140
832767
832641
832926
833378
833406
833210
833292
833438
833379
833146
833409
833633
833464
832861
833102
833411
833145
833154
833284
833607
832849
833142
833601
833664
834063
832893
833166
833397
833246
833813
833613
833317
833425
833134
833116
832972
833454
833122
833277
833446
833168
832986
833024
833178
832944
833146
833333
833651
833276
833316
832801
832931
834145
832866
833102
833295
833179
833752
833856
833880
832481
832969
832852
833635
832794
833283
833785
832835
832917
833358
833470
832856
833828
833204
833280
833668
833499
833475
832859
833045
833544
832997
832283
833870
833260
833214
832834
833094
833655
833643
833600
833507
833334
833451
833509
833595
833696
833727
833581
833553
833438
833285
833369
832869
833707
833487
833249
833220
834013
832699
833798
833558
833410
832940
833189
833500
833861
833400
832987
833976
833774
832729
832836
832970
833357
833284
833694
834060
832390
832859
832986
833174
833186
833160
833583
833661
833816
833391
832981
833550
833294
833539
833583
832603
832853
833256
833285
832421
833128
832897
833321
832758
833849
833046
832860
833136
833764
833212
833278
833701
833104
833452
833397
833105
832982
833599
833636
833042
833507
833101
833058
833303
833683
833205
832179
833291
834008
833205
832770
833205
833074
833274
833416
833406
833554
834607
833163
833015
833040
833913
832500
832494
832961
832939
833193
833125
833775
833368
833296
832688
833382
833241
833398
833077
833861
832889
833414
833087
833040
833043
833382
833320
833374
833389
833036
833049
833327
833523
833990
833011
832632
833016
833231
833206
833233
833765
832997
832958
833672
833894
832854
833244
833172
833019
832821
833263
832817
833633
832969
833689
833277
832650
833453
833059
832833
833828
833360
832840
833252
833247
832850
833332
833350
833005
833197
833163
833052
833026
833391
832892
832822
833342
832665
832952
833499
832695
832733
833144
833620
833242
833670
833332
833697
833172
833305
834020
832621
832872
833027
833244
833317
832999
833673
833343
833075
832848
833013
833876
833778
833540
833098
833589
833323
833434
832865
833353
833415
833343
833910
833395
832589
833382
833499
832688
833629
833472
833464
833538
833081
833128
833249
832616
833687
833001
833295
833187
832771
833030
833505
833003
833064
833111
834016
832263
833267
832737
833181
832677
833245
833729
833235
833306
833361
832550
833343
833603
833378
833166
833069
833386
832695
833395
832928
832771
833040
833868
833620
833361
832186
832384
833097
833417
833465
833313
833436
833025
833518
833146
833711
833802
833139
832894
833433
832973
833256
832950
833145
833355
833627
833537
833785
833347
832946
833730
833582
833003
833421
833256
833267
833047
833131
833839
832918
833686
833182
832974
833137
833115
833613
833505
833611
833218
832952
833704
833166
833400
832985
833727
832844
833890
833345
832798
833307
832958
832806
833252
834415
833386
833002
832651
833611
833176
832746
833511
833260
833194
832384
833531
832515
833384
832656
832936
833656
832898
833205
833133
833462
832918
833188
833569
833904
833080
832704
833453
833453
833144
832919
833472
833190
833278
834050
833210
834131
833042
833186
833461
834022
833358
832728
833946
833405
833633
833088
833280
832921
833465
832854
833040
833699
833127
833566
833120
832748
833254
833297
833022
833814
832725
833193
833183
834457
833350
833342
832873
833559
833014
832468
833788
832354
832949
833635
833675
833292
833230
833517
832921
832779
833107
832985
833423
833428
833537
833224
832737
832839
832891
833305
833190
833275
833558
833281
833850
832836
833198
833907
833389
834179
833433
833131
833970
833412
833362
833056
833378
833621
833106
833199
833221
833269
832694
833898
833606
833489
832643
832572
833408
833042
832828
833314
832969
833079
833507
832990
833349
833643
833358
832603
832995
833620
833333
833628
833096
833805
833348
833629
832925
833057
832884
832941
832987
832828
833380
833466
833279
833408
833489
833027
832738
833049
833451
833046
832670
833773
832937
833603
833664
833631
832487
834019
833277
833540
832323
833672
833393
833109
833265
832844
832579
833235
833348
832789
832916
833531
834145
833755
832342
833555
833006
833197
832742
833748
833035
833103
833646
834021
833424
833744
832559
833311
833308
833775
833451
833283
833075
832852
833219
832887
833534
832958
833128
833337
833407
833891
833340
833294
833579
833271
833176
833088
832822
833696
833595
833206
832872
833353
832585
833493
833083
832815
832379
832454
832920
832923
833567
833282
833006
833792
833860
833289
833212
833236
832730
833664
833856
833303
833423
832982
833167
833077
833023
833499
832953
832381
833381
833106
833821
832939
832818
833096
833337
833493
833035
833390
833688
833325
833844
832888
833338
833606
833645
832911
832946
833335
832489
833286
832691
832946
833224
832626
832809
833575
833140
832777
832405
832941
833186
832937
832502
832913
832598
833711
833920
832705
833591
833246
832901
832571
833226
833119
833459
833430
833085
832853
832695
833912
833381
833352
833461
833839
833411
833112
832988
833093
833130
833642
833583
832583
833314
832393
832298
833088
832716
832981
833497
832679
833904
832978
832642
833213
833726
833449
833376
833103
833900
833225
832576
833083
833755
833719
833043
833162
833484
832993
833308
833022
833953
833316
832715
833508
832740
833322
833272
833506
833272
833798
833328
833267
832470
833006
832869
834132
833023
833249
832903
833603
833790
832911
833032
833245
832726
833352
832964
833533
833325
832997
833456
833056
833318
833439
832998
832728
833511
833789
833213
833048
833294
833115
833349
833048
832947
832544
833204
833098
833058
832832
833362
833373
833345
833082
833434
833002
833053
832955
833581
833174
832709
832824
833533
833178
833092
833203
832716
833393
833360
833355
833285
832847
832939
833314
833468
832922
833146
833189
833490
833908
832668
832951
833258
833241
832961
833117
833050
833147
832873
833350
833067
833063
833519
832922
833191
833024
833329
833510
833141
832581
833729
832727
833445
833422
832845
833580
833468
831864
833066
833022
832861
833116
833123
833563
833051
833054
833192
832875
833552
833389
832725
833313
833350
832259
833259
832725
832802
833959
832653
833347
832533
833740
833609
833560
833382
833410
833050
833751
833166
832885
832809
833519
832993
833288
