666914
667721
666258
667327
666500
667184
666091
667417
666750
666974
666271
666399
666687
666459
666629
666495
666525
667151
666256
665468
666383
666296
666715
667362
666759
667464
666627
667704
666701
666350
667277
666535
667233
666593
666915
666706
666178
667008
667068
666693
666933
666467
666753
667125
667049
667062
666569
666506
667254
666312
666550
666599
666648
666935
666457
666781
665723
665806
666699
666718
666824
667135
667048
666703
666998
665696
667568
666967
666065
666329
665936
666880
667124
666782
666841
666094
667256
666683
667015
666720
667263
666855
665543
666762
667198
667241
666526
666830
666387
666969
667321
667834
667415
666579
666649
666899
667459
665887
666495
667228
666228
665941
667314
667359
666375
666810
666464
666189
666212
666966
666427
667705
667326
666909
666606
666810
666925
666308
667163
666305
667221
666807
666906
667088
666953
667772
666417
667074
665634
666850
666120
666013
666267
665880
666662
666389
666821
666767
665795
666920
666569
667366
667105
666578
667129
665859
666087
665716
667110
667437
666970
667329
666107
666666
666556
667258
666957
667594
666557
666819
666734
666699
665975
666025
665706
666483
666681
666551
667089
666116
666937
667183
666298
666810
666098
666538
666575
666997
666391
667089
666677
666293
666756
666658
666956
666177
666615
666095
666702
667111
666485
667029
665868
666368
666665
667093
667694
666654
666042
667297
667458
666613
666665
667382
667487
666646
667148
666777
667232
666330
667028
666784
666679
666532
666835
667358
666058
666247
666665
666547
666135
666767
666404
665744
666587
667117
667167
666764
667002
667382
667629
666541
666159
666768
667755
666863
666795
667654
667268
667046
666232
666908
666022
667306
666643
665909
667745
666044
666589
667343
666605
666343
666824
666169
666878
666963
666953
667314
667306
666578
666314
667015
665951
667358
666261
666433
666580
666987
666561
666521
668017
666166
667257
666989
666991
666954
667281
667077
667521
667095
666866
666687
667337
667553
666102
666742
667675
667358
667040
666739
666259
666482
666429
666152
666290
666266
668017
666916
666908
666332
666845
667452
666517
666641
667530
666773
666514
667529
666876
667251
667002
666769
666499
667131
667363
667386
666931
666621
667096
667391
666140
666299
666784
665920
667035
666568
666531
667078
666930
666020
667297
666167
667150
666171
666618
666778
666230
666957
667430
666194
666864
667088
667442
666902
666522
666517
666193
667034
666745
666869
666341
666621
666486
666070
666731
666485
666453
666189
666498
666726
665603
667333
667062
666609
666756
667280
666597
667870
667211
667332
666211
667248
666486
665823
667554
666646
667168
667319
666949
667944
666584
666585
666522
666762
666225
666424
666707
666829
667052
666382
665425
666906
665933
666214
667585
666754
666796
666431
666274
666805
666569
666585
666621
666961
667086
666045
666804
666899
666202
667526
666890
666107
666624
667443
666347
666945
666641
666392
666586
666280
666441
667363
666722
667177
666650
666586
666709
666735
667139
667850
666936
667242
666046
667297
666953
666463
666835
665950
666669
667363
666674
665960
666804
666373
667272
666193
666924
666617
666903
666252
665574
667215
666905
666062
666099
667667
666629
666368
667615
667266
667966
666831
666177
667246
666736
666267
666348
666290
666057
666743
667520
666758
666137
667370
667490
666742
666477
667142
666478
666552
666826
667018
667312
666174
666631
666324
666890
666872
666480
667144
665943
666908
667037
666786
666429
666948
666438
666796
666450
666751
666570
667259
666766
666733
667007
667195
666622
668399
666962
667252
666473
667443
666880
667081
666568
666534
666305
666932
666309
666812
666259
667558
667533
666860
666011
666103
666967
666594
667154
665944
666735
666984
668059
666496
666209
666704
666937
666680
666904
666718
666255
667128
666555
666761
665680
666325
666569
666812
667279
666605
667288
666712
666466
667765
666647
666845
666964
666793
666163
666822
667764
667522
667063
666989
667086
666333
666786
666816
666828
666574
666743
666747
666843
667268
666123
667121
666354
666515
666706
666369
666781
667010
666548
667196
667018
666618
666246
667199
666929
667311
667205
666798
667219
666719
666925
666259
666563
666318
666585
666932
666503
666224
666910
666135
666076
666616
667626
666702
666750
666139
666570
668067
666990
666651
666314
666890
666345
667309
666573
667362
667703
666914
665722
666529
666028
666799
667131
667127
665895
666742
666171
666782
667217
666854
666871
666190
666333
666801
666981
666962
666591
667455
667518
666150
666026
667509
666746
667260
666483
667252
666684
666436
667371
666931
666514
666534
666906
666753
666587
666163
667241
666702
666562
665715
666738
667006
666591
667272
667245
666619
666873
666521
666324
666108
667481
666851
666660
666932
666535
666864
666470
666119
666939
666733
666891
666055
666445
666351
667549
666483
667341
666575
666979
666566
665475
666988
667375
666661
666370
666565
666561
667021
666752
666374
666234
666902
667516
667049
667558
666714
666474
667282
667122
666382
667044
666742
665971
666061
667220
667621
667454
666973
666372
666425
666862
667180
666065
666824
666253
666753
667031
666490
667091
667435
667207
667161
667066
666366
666879
667405
667715
666550
666450
666278
666998
667254
667016
667393
666806
666847
666507
666186
668093
667029
667620
666998
666649
667071
667583
666116
666257
666852
666596
666732
666579
665755
666120
666111
666819
667048
667128
666341
666711
666808
667163
667208
666643
666993
667244
666779
666578
666511
666867
665801
666593
667809
667007
666700
666836
665689
667089
666687
666405
666738
666931
666975
666934
666666
666589
667243
666625
666481
666059
666109
667033
667480
666729
666488
667204
667587
666100
666922
666026
666593
666550
667085
666773
666645
666916
666918
667315
666051
665865
666725
666902
666440
666881
666611
667244
666676
666350
666601
666797
666929
667251
665731
667960
667396
666470
667125
666893
666592
667124
666675
666502
666898
667611
667266
666501
667102
666357
666665
666692
666986
666060
666738
667613
666540
666974
665877
667127
667255
666666
666476
666395
666138
665112
665951
666258
666366
666077
667164
665602
666380
665214
666354
667049
666274
666850
666697
667044
666852
666023
666574
666730
666430
666989
666892
666922
666271
666064
666721
665960
667458
667173
666627
667385
666535
666180
666763
666933
666753
666209
666992
666838
665951
666735
666368
666881
665690
666991
666385
666948
666259
666661
667458
666259
666808
666485
666467
666092
667037
666383
667004
666401
666311
666807
665915
665912
666863
666840
666417
666645
666721
667354
666204
666992
666340
666711
666897
667268
667206
666609
667399
667355
666248
666395
666520
667169
667007
667584
666574
666357
667233
666413
666684
667347
666398
667683
666976
666825
667254
666735
666654
666581
667214
666458
667266
667006
667321
666637
666906
666340
666670
666959
667355
667971
666304
666174
666869
667251
666230
667658
666549
666158
666037
667120
666385
666796
666978
666263
666540
666683
666315
666789
666705
666510
666154
666565
667315
