699588
700076
698937
699330
699533
700289
700437
699747
700032
700042
700639
699756
699425
699916
700072
700133
699503
700037
699432
699310
699783
699936
699612
699166
700146
699996
700226
700074
699796
700038
699901
699789
699970
700499
700146
699813
700348
700546
699600
700355
700061
700299
700382
700168
699997
700014
699904
700263
700383
699231
699869
700012
700524
700077
699896
700142
700549
700030
699832
699895
700112
699972
700220
699829
699896
700827
700624
699964
699853
700874
699424
700269
699291
699373
700311
700227
699712
700874
700061
699687
700093
700372
700780
699774
699884
700027
698720
699481
701508
699673
700692
700357
700206
700329
700372
699814
699982
700147
699815
699198
700447
700100
700965
699816
699540
699231
699774
700692
700406
700532
699992
700765
700682
700968
700706
699645
699454
700227
699933
699363
700085
700087
700152
700607
699538
699235
699803
699802
699847
700609
699866
699564
699981
701250
699809
699995
700031
700052
699578
700383
700152
700076
699757
700171
699867
699261
700602
700008
700192
700533
700039
699987
700623
700433
700617
699477
700028
699890
700635
700372
700054
701009
699403
699845
700004
700666
699909
699340
700111
700301
699805
700653
700466
699791
700072
699279
700383
699254
700308
700531
699927
699943
699948
700441
699359
699214
698945
700091
699604
699712
699748
699493
699497
698800
699982
699452
699484
699940
699726
700282
699563
700384
699800
699335
698953
700284
699144
700287
700562
700150
700680
699858
699855
700114
699647
699439
700383
699942
700255
699641
699504
700167
699720
699641
700287
700264
699935
700058
700206
699253
699177
699981
700380
700693
700303
700170
700102
699473
699805
699803
700348
700095
699901
700313
700600
699571
699467
698763
699716
699874
700747
700028
700033
700141
699599
700289
699680
699663
699357
700971
700121
699807
700155
699716
699828
700358
700272
699450
700130
699395
700900
700479
699483
700031
700431
699839
700383
700432
699619
700236
700770
699934
700259
700084
700321
700095
699442
700291
699973
699923
699503
700993
699654
699714
699427
700083
699518
699696
699560
699924
700237
700489
700815
700002
700331
700671
700312
699650
699847
700417
700305
700577
700456
700362
699896
699568
699997
699771
699400
699782
699607
700177
699460
700314
700131
699669
700447
700871
699526
698805
699591
700593
700027
700051
700129
700206
699627
700120
700224
700899
699441
700820
699861
700379
700080
699601
699200
700228
699796
699663
700818
700090
699662
700475
700024
700461
700108
700134
699869
700496
700003
699425
700265
700184
700364
700705
700124
699871
700083
699350
700159
699746
699772
699922
699326
699785
701046
700439
699663
699485
700092
699721
699673
700463
700692
700070
699500
700529
700377
700049
700077
700394
700602
700052
698957
699902
699857
699809
700010
699578
699963
699630
699824
699816
700104
700212
699701
700334
700143
700105
700042
700143
699912
700318
700648
700747
700255
700030
699597
700160
699154
699643
699707
700202
699364
699754
699781
699765
699452
700043
699894
699999
699860
699131
700391
699367
700432
700535
699898
700686
699681
699410
699897
700193
699697
699390
699868
701087
699208
700303
699908
698979
700589
700198
699167
699628
700477
699787
700847
699786
700314
700546
699974
700145
699747
700007
699814
699263
701048
699904
700040
700546
699632
700851
699270
700870
700861
700587
700398
700217
700180
699778
699777
699776
699938
699394
699779
699491
700058
700145
699039
699487
699964
699659
700314
699896
699562
699804
700455
699874
699981
699505
699871
700854
700296
699697
700203
699537
700070
699174
699871
700586
699697
700420
699862
700177
700114
700539
700669
700028
699871
699626
700110
699615
700059
699291
700437
699404
699918
699166
700928
699645
700125
699437
700360
699887
700489
699000
700256
699882
700136
699016
700539
699991
700261
700461
700272
700365
699793
700180
699823
700147
700077
700464
700834
699630
700017
699740
699806
700200
699354
699949
700763
700356
700539
699735
699738
700234
699549
700235
700101
699669
700071
699537
699911
700165
700060
700325
700141
700625
699991
699463
700350
700492
699906
699933
700935
700130
699346
699359
699834
700417
700008
699744
699010
699907
700093
700768
699842
699519
700136
701065
699782
699802
699389
699658
699281
699932
699772
700125
700338
699755
700103
700845
699847
700311
699927
700663
700429
699407
699875
700067
700111
698945
699808
700099
700766
700001
699888
700840
700580
699884
700579
700253
699756
699813
700280
700220
699650
699533
699630
700057
699081
699499
699637
700256
700180
700367
699522
700100
699798
699599
699968
699588
700093
699991
699435
699545
700008
699336
699734
700627
699762
699758
699718
700375
699398
699032
699874
699586
700802
699693
700820
700607
699277
699897
699208
699881
700355
699757
699358
700734
701049
700203
700397
700390
700156
700232
699854
699428
700172
699981
699767
700713
700273
700648
700608
699937
699075
700727
700327
699992
699107
699622
699858
700132
700191
700153
699819
700306
700169
699284
700738
700225
700207
699571
699537
700270
700444
700192
699620
702225
699352
699936
700688
699704
699708
699386
699574
700069
700509
699494
700007
700551
700558
699516
699685
699885
700782
700774
699149
699800
699883
700018
700089
700312
700332
699832
700227
700277
700062
699639
700477
701213
700154
699167
699894
699557
699489
699589
700364
699944
699685
700193
700255
701564
700287
700806
699859
700074
699786
698988
699714
700008
699270
699419
700824
699854
699753
699490
699721
700566
700184
699754
699692
700140
699764
700199
699854
699859
700354
700455
700561
700604
699947
699914
699378
700238
699650
700326
700304
700475
699545
700015
699874
699414
700232
700360
700014
699593
700829
699366
701358
699269
699720
699817
700033
700202
699973
700372
700763
699639
700903
699723
700464
700124
700010
700119
699440
700669
699816
700879
700031
700226
700218
700477
699874
699530
699921
700094
700139
700636
700292
699743
700234
699042
700265
699833
700113
700161
700503
699535
700496
699485
699349
700431
700283
701251
700025
699105
699091
699932
699610
700362
700417
700120
699933
700797
699620
700342
700251
700215
699272
698931
699970
700402
699560
700324
700615
700515
700290
700055
700315
700424
699535
699583
700360
700320
700625
700852
699597
699958
699817
699901
700190
699774
700648
699747
699861
700495
700218
699818
700271
699820
700232
699960
700315
699489
700087
699231
700150
699871
699868
700100
700752
700389
700766
698862
699589
699603
700245
700312
699687
700073
699943
700470
700468
700256
699938
699797
699932
699779
700554
699558
700020
700506
699771
700145
699235
699686
700278
699580
700806
699676
700610
699212
699918
699961
699971
701160
700313
700005
699468
700612
700815
699792
699919
699695
699555
699590
699332
699856
700286
700345
700997
700415
700029
699452
699659
700426
699992
700022
699768
699266
699283
700160
699872
700430
700744
699494
699278
700364
700929
699816
700079
699652
699858
699944
700325
700120
699391
699758
700061
699626
700475
699932
699701
699822
699972
700483
