599709
600356
599579
599866
599584
600657
600112
599974
598820
599622
600765
600193
600438
600017
600074
600306
600141
599041
600209
601173
599268
600028
599809
599243
599554
600340
599209
600708
600243
599424
598985
599958
599952
601390
599774
599538
600314
600500
599459
599214
600451
599844
599651
600378
600434
599901
600045
600537
599642
599714
600311
600537
599783
600409
599923
600530
599425
600317
600661
599346
599601
599956
600155
599387
599800
600352
599930
599165
600293
600430
600341
599979
599429
599701
599019
599570
600203
600779
599945
600753
599661
599298
599668
600053
600851
601061
599903
600229
599954
599953
599569
599448
599588
600098
599846
600466
599044
599734
600086
599503
600364
599944
599303
599161
599791
599832
599992
600178
600350
599615
600121
599757
599501
599280
600099
599427
599820
599739
600713
599914
598662
599761
599712
600502
599850
599913
599866
600321
600002
600035
599723
599989
599906
599687
600063
599881
599398
599147
600582
599869
599943
599973
600064
599431
599142
600061
600121
600477
600378
600170
600615
599772
600295
600056
599415
600425
600641
600128
600589
599802
600113
600727
600715
599753
599937
599895
600229
599738
599421
599424
599917
599844
601359
599728
599478
599979
599301
599245
600154
600415
599977
599873
599770
598775
600312
600071
600700
599421
599930
600272
599980
599546
599757
599081
600535
600124
600260
599987
599852
599907
599895
600737
600046
600195
599887
600871
599748
599093
599315
599703
600626
599279
600324
599708
599635
599942
600257
599903
600318
599378
599463
600496
599926
600565
599365
599041
600050
600378
600473
600197
599898
599954
600220
600200
599369
599604
599307
600315
600577
600200
600000
600188
600895
600094
600372
600091
599851
599746
599641
600618
600529
600543
600081
599429
598751
600749
599940
599949
600485
600411
599960
600550
600631
600014
600407
600104
599797
599446
599179
599366
600314
600294
600197
600554
600239
599933
599862
600095
599038
601338
601049
599482
601004
599604
600011
599864
600059
599539
599803
600075
600358
599543
600245
599492
600304
598971
600275
600675
599577
599355
599498
599736
600354
599865
600496
600325
599565
599566
599394
599811
600012
600291
600333
599973
600353
600555
600441
599553
601154
600120
600257
600675
599677
599770
599833
600229
600274
600115
599887
600203
600629
598932
599398
600720
600277
599523
600384
599940
599656
599908
601010
600017
600270
600275
600232
599680
599600
598895
599786
600238
599527
600311
599601
599772
599446
599543
599451
599095
600076
599374
600062
599037
599787
600202
600123
599938
600822
599707
600019
599980
599200
599358
599701
600677
599379
599310
600204
600550
600453
600227
600048
600237
600004
599603
600617
599694
599636
600255
599808
599942
600277
600530
600107
600209
600884
600532
601030
600548
599860
600282
600538
600746
600638
600648
599951
600375
600369
598905
599987
601016
600046
600587
600267
598985
599960
600699
600388
600061
599522
600463
600233
600498
599532
600573
600337
599843
599744
600089
599321
600029
600353
599897
599331
599862
599265
600057
599419
599734
600338
600078
600258
600609
600370
600528
600347
600063
600662
599547
599914
600060
600089
599748
600200
599713
600101
599955
601188
600678
599480
600183
600148
599901
600680
599701
600064
599897
599792
599438
599388
599910
599714
599838
600662
600279
600379
600157
599927
600314
600640
600514
599611
599533
600718
600374
600145
599977
600079
601318
600071
599954
600747
600481
600118
599760
599858
599732
600944
600069
600046
600874
600185
600238
599634
600694
598920
599451
599451
599223
600241
600319
599460
600477
600007
600617
599581
599564
600117
600435
600721
599454
599909
600657
600412
599815
600358
601192
600651
600706
600583
599055
599342
599756
600745
600639
599937
599754
600002
599999
600267
599657
599510
599989
600578
599888
600770
600517
599721
599873
599492
599132
600534
600038
599416
599149
599841
599340
599898
600545
599837
599990
600568
600048
600777
599894
600934
599881
599952
599780
600244
599848
600316
600039
599370
600111
600155
601541
599881
600142
599830
599277
599658
601278
600104
600353
600263
600388
600269
600252
600409
599267
599176
599493
600693
600652
599879
600217
600795
599386
599715
600077
599277
600417
599999
599693
599791
600121
600100
599185
599534
598885
598799
600885
600069
600215
600248
600468
598996
600429
599988
600492
600352
599592
600538
600568
599939
599231
600021
600980
599554
599618
600656
600309
600241
599624
600359
600183
600121
600058
599164
600397
599354
599972
599720
599410
599736
599416
599664
600096
600884
599555
600613
600196
600201
600454
600605
599895
599688
599887
599455
600084
600413
599821
601053
599691
599240
600791
599874
600742
599467
600583
600421
599792
598902
600535
600517
600140
599700
600146
599361
600451
599503
600536
600018
600180
600136
599430
599267
600399
599624
599904
600368
600205
599269
599718
599836
600400
599768
600422
600091
600151
600037
599470
599351
600436
600564
600657
599997
599966
600148
599999
599951
600040
599894
600155
599857
600105
600104
600858
598882
599815
599787
600019
600813
600008
600352
600043
599260
600966
599994
599211
600290
600041
599966
600133
600159
599748
600312
599751
599652
600260
600855
600220
598917
600581
599716
600150
599596
600164
599265
599872
599355
600634
600097
599330
599999
600005
600048
599114
599976
599561
600025
600457
599978
600075
598692
599347
600712
599703
599811
600161
601280
600032
599051
599517
600846
600482
600404
599730
600081
600483
599704
600611
599926
600020
599192
599991
599900
600225
599416
601069
600930
600119
599710
600037
599508
600993
599948
599912
600070
600491
600094
600170
599659
599775
600210
599572
599814
599596
600075
601153
599459
599977
600538
599587
599292
600146
599855
600586
600168
600329
599854
599978
600118
599129
599684
600631
600554
600435
599937
599674
599239
600516
599248
600428
600578
600397
600232
600508
600415
599863
600575
600453
600354
599920
599903
599800
599834
600685
600093
599501
599580
599076
600053
600052
599960
600205
600132
600400
600033
599869
600291
600883
598961
600507
600440
599960
599219
599828
600063
600380
600087
599698
599157
599963
600147
599850
601332
600070
600202
600053
600000
599792
599355
600302
600605
599648
601051
599940
599312
600380
600207
600542
599831
599776
600147
600710
599973
600703
600138
599791
599433
599729
600581
600581
599967
600135
598992
599945
599677
600471
599800
599609
600045
600285
600220
600483
600476
599127
600042
600606
599529
600422
600961
599885
600795
599359
600346
600041
599713
600755
600932
600125
599979
599927
599806
600150
599535
600130
600462
600263
599793
599628
600930
600414
599862
599988
599473
599184
600490
600123
600319
599035
600559
599883
599927
599888
600776
599497
599809
600656
600675
599982
599536
600440
598873
599947
600238
600113
599562
599244
599980
599000
600329
600009
600003
600388
598745
599877
599095
599805
600045
600368
599434
599924
600213
600518
599133
599496
600011
599921
599800
600428
600271
600832
599481
600271
599914
599800
600501
599922
