357410
356740
357146
357125
356801
357111
357037
357524
356903
357223
356463
357461
357318
357292
357037
356355
356881
357168
357511
357583
357403
356890
357139
356876
357245
357004
357438
357989
356523
357248
356492
356807
357422
357576
357028
356529
357629
357204
357288
357263
356766
357748
357109
356518
357542
357232
356173
357392
357519
356752
356880
356796
357466
356597
356700
356403
356640
356868
356771
357237
357421
356686
356874
356437
356733
357644
356496
357781
357271
356567
357231
357494
357602
357500
357047
356827
357353
357395
356594
357083
357599
357967
357448
356868
356741
357015
357490
356813
357218
356989
356661
356640
357372
357650
357337
357109
357286
356756
357405
357076
357613
357174
357171
357460
357207
357895
357819
357457
356676
357049
357742
357279
357496
357113
357284
357565
357495
356588
357618
356892
357603
357503
357402
357201
357257
357300
357385
357366
357339
356822
356894
357383
357168
356936
357306
357327
356381
357036
357333
357210
358164
357205
357012
356942
357377
357235
357970
356432
356750
357481
356499
357655
357083
357877
357880
356906
357193
356582
356757
357231
356572
356888
357301
357614
357672
356685
357347
357835
356699
356940
356930
357167
358016
357196
356988
357110
356381
356648
356709
357526
356998
357633
357301
357457
357412
357197
357586
356971
357164
357349
358067
357318
357189
357086
358199
357330
357349
356879
358023
357249
357212
356973
358189
356476
357200
356764
356869
357103
358367
356074
356705
357105
357030
357113
356652
356542
357095
356581
357933
356951
357041
356932
357084
357666
357778
357624
356860
358031
357535
356425
357675
357890
357075
357488
356962
356557
357224
357439
356595
356520
356789
357412
357050
357293
357571
358053
356917
357745
356225
357284
356891
357166
358361
357172
356691
356909
357110
357175
356872
357228
358004
357390
357818
358043
356487
357141
357048
356729
357344
356823
358078
358058
357596
356815
357528
356883
357033
357923
356995
357102
357567
357497
357116
357064
357484
356990
357491
357303
356824
357517
356197
357745
358215
357259
357311
357146
357162
357514
357366
356647
356450
357175
357888
355983
357956
357494
356974
356461
356883
357376
357410
357615
357154
356495
357002
357782
357317
357399
357541
356992
357333
357914
357072
356905
358701
356381
356880
357394
357970
356546
357469
357568
357045
356475
356511
357272
356646
356693
357686
357147
356884
356835
357375
356546
356809
357256
357010
357466
357121
358043
356252
356854
357108
356882
357200
357893
357085
356977
356754
357102
358887
357673
356236
356590
357385
357081
357301
356872
356685
357974
356319
356068
357472
356953
357459
357103
357096
356667
356591
356474
357119
357466
358041
356285
357020
357584
357364
356528
356847
357045
356990
356379
357293
357458
356621
357338
357270
357479
356858
356885
357174
357502
357434
357537
356917
357314
356782
357474
356729
356908
357613
357619
356665
358229
356276
356902
357217
356541
356747
357149
357972
357887
356849
356645
357066
356306
356931
358317
357705
356683
357443
357215
357988
357191
357692
357763
357887
356472
356320
357089
356830
356835
357305
357333
356774
357256
357572
357144
357526
358301
356897
356666
357172
357917
357869
357085
357188
356836
357229
357182
356317
356779
355678
357111
357370
356983
356925
357084
357112
356851
357491
357494
358200
357194
357410
357327
356537
356428
357712
356372
356763
357203
357571
357446
357463
357210
356914
357445
357003
357197
357405
356971
356299
357202
357360
357257
357265
357933
356308
356884
357449
357108
356579
357113
357242
356443
356660
356981
356706
356728
357164
357458
356923
356959
357822
356939
356193
357503
357265
357254
356597
356748
357365
357111
356433
357676
357414
355999
357486
357313
356716
357414
357030
357082
358140
356531
357868
357336
356952
356136
358407
357074
356749
357657
357547
357292
357348
357245
356541
357460
357843
356867
356445
356935
356608
356457
356271
357348
357308
357902
357026
356664
357343
357353
356676
356866
357111
356915
356605
356761
357242
357391
356809
357359
356725
357698
356964
356527
357147
356195
357848
356571
355968
357914
357402
357518
357089
356553
357018
357830
358056
357678
356238
357356
356105
356628
356702
357849
357600
356550
356976
356756
357467
356729
357351
357628
357358
357440
357343
357416
357212
356497
356602
357758
358069
356841
357022
358012
357465
357412
357299
356981
356958
357200
357490
357682
357785
356785
356889
357718
356497
357313
356871
356757
356604
357347
357112
357818
357747
356874
357740
357830
357563
356739
357041
357800
357050
357313
356833
357524
356769
357571
357704
357571
357378
357175
356568
356678
356848
357100
356713
357060
356837
356962
357597
356841
357231
357152
357254
357090
356563
357186
356997
357112
356999
356890
357004
357288
357948
357447
356966
357091
356516
356935
358349
356843
357735
357083
357480
357391
356616
356672
357723
356887
357204
357241
357772
358029
357697
356772
357158
357102
357248
357801
356986
356544
357838
357060
357135
356993
357075
356673
357365
357236
356336
356112
356795
357358
357371
357800
357035
357488
357228
356782
357799
356727
357577
356737
356713
357144
356558
357143
358515
356700
357034
356258
357832
356858
356895
356096
356883
357734
357319
356760
357202
356520
357138
356932
356586
357314
358029
357168
357032
356013
357068
357342
356376
357379
356736
357087
357374
357384
358100
356273
357743
357673
357666
357873
356657
357095
357361
357268
357571
357934
358019
356968
356977
356816
356466
357237
356799
356614
358099
357595
356256
356872
357090
356989
356152
356853
357101
357536
357096
356435
357419
358035
357223
356746
356848
356926
356685
357009
356396
357292
357254
356511
356574
358429
356544
357246
355765
357774
356821
356864
357323
357323
356719
357082
357022
357190
357009
357117
358022
356853
357045
357217
357579
357763
357762
357182
356558
357169
356976
356420
357348
357452
357432
357018
356368
357468
357191
357388
357096
356896
357625
357035
357355
356518
357610
357628
356484
357374
357937
357477
357100
356571
356728
357840
356884
356974
356264
356104
357804
357027
357638
357971
356929
357140
357624
357434
356021
357054
357260
356163
357163
357383
356771
356727
356297
356447
356960
356722
357523
357062
356328
356931
357647
356915
357242
357351
356844
356665
356904
357401
356750
356891
357309
357456
357076
356988
357798
357387
357139
357703
356995
357874
357499
357122
356698
358023
355868
357789
357704
356787
356300
356749
357613
357465
357085
356804
356739
357718
357456
356579
357784
356928
357174
357903
357144
357520
357780
356760
357452
357643
356877
357378
356617
356351
357279
356567
357774
356871
356468
357170
357558
356754
356957
357346
358398
356479
356599
356827
357735
356395
356359
356841
357402
356870
356865
356687
357079
356818
356452
356626
357059
358433
357329
356787
357212
358548
356481
357219
357514
358101
358141
357272
357441
357495
357457
357736
357155
357219
357733
357145
357533
357458
357348
357228
357388
356794
357551
357412
356867
357640
357111
357727
358028
357719
357305
356573
