428379
428134
427969
428299
428324
429343
428152
427655
427719
429715
428620
427899
429081
428450
428866
428312
428722
429711
429113
428462
427564
428950
428448
428627
429034
428700
428348
428181
428129
427974
428986
428353
427665
429297
429058
429086
428352
428897
427962
428900
427928
428925
428907
429158
428558
429056
429265
429726
428993
428823
428556
428228
428311
428102
427576
429190
428931
428437
429345
428893
428902
428630
428205
428788
428914
427755
427494
428138
428700
427390
427483
428721
428805
428938
428362
427964
427705
428228
428147
427928
428666
428642
428125
429128
428679
428495
427889
428923
427682
428209
428500
428333
428905
428425
428928
428537
428731
428865
427778
428819
428017
428743
428921
428547
428376
428906
428463
428892
428535
428384
428892
428573
429189
428835
427919
428290
428801
428248
427380
427721
429205
428663
428784
428332
429127
428212
428878
429088
429056
428651
429230
428497
428828
428077
428812
428634
428147
428821
428944
427747
428669
429476
428355
427787
428140
428434
428783
428746
428518
428894
428429
429584
428457
428944
428095
428841
428454
428515
428678
428980
429340
428418
428313
429158
428564
428704
428868
428505
427954
428845
428015
427925
428802
429154
428778
428603
428031
427363
429249
428242
428751
429192
428641
428649
429254
429727
428886
429064
428912
428525
428876
428327
429153
428458
428039
428439
428338
429137
428668
427972
428435
428201
428869
429345
428770
429592
428382
428263
429124
428567
428238
428545
428580
428698
428572
428401
428869
428669
428757
428951
428248
429371
428855
428456
428162
427532
427943
428620
428083
429241
428759
428568
428552
428924
428272
428942
428968
429161
428233
428745
428509
429426
428863
429031
428041
427724
428793
428981
427983
428546
429237
428814
428246
428051
429066
428406
428331
428075
428055
428489
429295
429164
428838
429212
428382
427871
428859
428273
428758
429320
428053
429543
428315
428335
428718
428553
428884
428114
429162
428360
429475
429007
427980
428445
429448
428058
428663
428673
428592
428999
428729
428242
428829
427757
429656
427886
429256
428795
428420
427867
428816
429012
428684
428349
428412
428400
429057
428784
428454
428639
428173
429024
428289
428413
428202
429035
429236
428593
428442
427946
429304
428947
428629
428679
428553
429206
428379
428904
428617
428734
428337
428901
428205
428146
428489
428083
428701
428533
428372
428878
428242
428520
428514
428200
428428
428761
429316
427575
428910
428586
428947
428375
428147
427727
428905
428654
428220
429348
427757
429480
428827
428198
428821
428525
428562
429208
429160
428774
428470
428901
427829
428022
428430
429561
428778
429263
428110
428269
429193
429158
429137
428585
428393
428317
428252
428461
428258
428749
428612
428468
428627
428630
428665
428534
428097
429237
428158
428783
428051
427935
429292
428755
428885
428569
429280
427900
428326
429277
427999
428257
428507
428086
429071
428791
428621
428129
428592
427500
427865
429488
428520
428430
428439
428862
428589
428589
428398
428694
428413
428464
428434
429311
428020
428909
428296
428703
428873
427680
427893
428612
428254
428315
428752
428483
429392
428545
429172
429649
428162
428062
428672
428773
427272
428762
428417
428178
428215
428364
429121
428718
429473
428540
428431
428255
428634
428239
428746
428756
428891
428393
428609
428405
429073
428667
428607
428360
428425
429430
429237
429289
427497
429228
428318
428913
429064
429138
428010
428673
428717
428525
428642
428700
428166
428169
428812
428700
428935
428770
428302
428231
428296
428392
428807
428603
428582
427812
428572
428882
428171
428159
427920
428141
428450
428598
427770
428060
427955
428564
429035
428431
428272
428512
427897
428752
427884
428588
427980
428948
428725
428156
428448
428118
426914
428541
429494
428783
428850
428962
427807
428058
428934
428303
429180
429192
427721
428319
428576
427855
428901
428819
428107
429109
428745
429204
429099
428407
428083
428600
427960
427955
428136
428392
428607
428772
428538
428565
428619
428089
428677
428057
428149
429122
429582
428816
428476
428145
428374
428752
429396
427786
428825
427017
428713
428060
428976
428239
428931
429005
427191
428511
428062
428266
428163
428668
429243
428942
428266
427959
428476
428236
428929
428695
427933
427870
428660
428172
428931
428419
427855
428111
428414
428512
428008
428910
428312
428932
429207
429329
428734
429042
428915
428187
428189
427304
428476
428721
428728
428528
428368
428799
427769
428481
428418
428852
428525
428562
428825
428604
429047
428109
428846
428738
429426
429015
427036
428784
428748
428527
428945
427652
429680
427948
428767
428502
428501
428707
428582
428982
429269
428935
429385
427480
429648
427679
428940
429016
428986
428153
428216
428902
428658
428484
428488
427953
428900
428743
427492
429147
428338
429264
429241
428227
428722
428187
427708
428951
428957
428594
429155
428436
428503
428658
428623
429091
428249
428773
429078
428254
428514
428027
428129
428187
428483
427998
428739
428485
427904
428494
428560
428792
428400
428672
427989
429352
428947
428348
428046
428363
428740
428248
428634
429073
427730
428123
428895
429021
427662
428202
428883
429062
428797
429183
428886
428408
428393
428333
429294
428635
428170
428710
428658
428714
428515
428695
428291
429229
428846
428291
428425
429078
428752
428864
429348
428602
428492
427780
429171
429114
428009
428929
430103
428271
428735
428687
428440
428766
429087
428730
428178
427864
428058
428491
428221
428253
428620
428415
428711
428902
428177
428636
428198
428435
428345
428717
429451
428448
428588
428456
428162
428005
427574
428233
428522
428582
429524
428114
428581
428328
429048
429529
428182
427709
429648
428047
428312
427064
429884
428765
427773
428440
428666
429084
428461
428240
428516
428873
429230
429074
427900
428955
427807
428021
428357
428799
428746
429249
428542
428969
428476
429419
428285
428210
428390
427909
428644
428657
428324
428420
428940
428320
428427
428756
428762
428494
428446
428827
427743
428491
427987
428941
428759
428150
428379
428677
428628
428416
427993
429122
428516
429219
428917
428198
428620
429190
428231
428883
428829
428602
428083
428813
428465
429219
428660
428507
428668
428626
428533
428734
428821
428063
428830
427104
428807
428459
429085
428830
427921
428983
428297
428467
428278
428856
428012
429168
428520
428493
428057
428033
428607
429184
428043
428983
428196
429494
428947
428990
428993
428762
428145
428957
429246
428741
428826
427340
428450
428718
427404
428441
430037
429829
429274
429205
428573
428515
428267
428697
428999
428428
429011
428716
428068
429313
428885
427571
428460
427766
428773
428331
428496
428132
428289
429373
429070
429075
428682
428929
428311
427960
428600
428670
428600
427999
428986
429025
429197
428790
428936
428728
429409
428947
428589
428871
428175
429008
428851
427683
429743
429069
428593
429110
429188
428490
428962
428070
428489
428838
429066
429098
428525
429601
427506
428751
428283
429689
428145
428228
429075
428183
428408
428861
428669
428885
428578
428418
428471
429136
428875
429554
427724
428500
