642578
642636
642879
642430
643064
642717
641728
642742
643243
643271
642852
643186
642570
642305
642817
642576
642614
642308
642867
642489
642688
642521
643005
643022
642396
642362
642120
643028
642960
642911
642422
642802
642888
642348
642827
643138
642380
642836
642623
642483
642740
643195
643256
642662
642968
642480
642336
642083
643286
642924
643236
642904
643674
643408
642884
642528
643114
642889
643046
642522
641750
643922
642360
643477
642426
642446
643587
643551
642605
642761
642038
643052
643032
643082
641676
642758
642605
643769
642866
642571
643203
642750
643292
643185
643191
642743
642618
642506
642987
642774
642403
643074
642732
642838
643289
643004
642837
643260
643072
643197
643350
642930
642082
643409
642649
642892
642908
642769
643297
642062
643363
642876
643738
642841
642265
642701
643052
642619
642599
642396
642493
642598
642734
643701
642822
643076
642806
641838
642099
642923
642907
642557
641706
642875
643085
643523
642831
642422
642328
642213
643152
642898
642809
643157
643569
643348
642779
642712
642142
643512
642127
642889
643718
643538
642929
642235
642999
643308
642541
642541
643081
642810
641894
642750
642559
642935
643051
642433
642806
642051
643510
642103
642269
643435
642847
642906
643001
642762
643078
642258
642653
642868
643183
643421
642213
642919
643644
643657
642794
642517
642274
643809
642242
642507
642817
642445
642881
642030
642801
642021
642774
641431
642209
641923
643343
642877
641892
642831
643327
642353
642908
643176
643298
642745
643084
642803
642817
642827
643190
643977
642749
643530
643045
642779
642901
644119
643458
643057
642625
642273
642970
642393
642236
642775
643413
642488
642509
641791
642813
643252
643108
643679
642925
642564
643522
641806
642555
643300
642559
641873
642602
641544
642473
642043
643026
642869
642660
643561
642826
643059
643169
643067
642610
642939
643471
642561
643240
642709
642278
643325
642308
642261
642101
643432
643370
642726
641883
643015
643185
642834
641900
642600
643115
643060
642671
643136
643470
643186
642810
642548
643512
644031
642479
642826
642307
643103
642833
641730
642789
642574
643815
642153
642638
642822
642795
642597
642865
642908
642999
642659
641762
643648
643584
643203
642333
642753
643288
642985
642494
641800
642246
642333
643292
643624
642188
643885
642560
642982
641921
643453
642836
642347
642426
642776
643074
641939
642787
643130
642725
642795
642792
643279
643513
642586
643619
643089
642804
642685
642809
643358
643038
642476
641865
643186
642568
643296
642933
642557
643256
642356
642776
642708
644013
643569
643677
642371
642920
642866
641822
643050
643039
642431
643598
644178
643110
643182
643472
643727
642534
643392
643493
642835
642684
643365
642450
643282
643121
642625
642798
642421
643111
642868
643001
643694
643003
643976
643002
642711
643482
642748
643146
643542
642209
642998
642550
643081
643551
643163
642886
642727
643420
641701
641968
642245
642619
642942
641872
642593
643170
643188
642990
643690
643103
642872
643093
642631
642101
642958
642749
641620
643256
643017
642300
643054
642675
643339
642413
642992
642359
642450
642809
643756
642373
642952
643058
642629
643027
642711
643194
642692
642542
642168
642518
643363
643040
642758
643146
643616
642698
642419
642587
642329
643498
642783
642699
643160
643152
642628
642490
643219
643774
643297
642361
642666
643327
642781
642916
642986
642460
642783
642246
643019
643522
643654
642858
641949
643987
643664
643154
642574
642490
642431
642102
642495
643337
642495
642704
642156
643391
642078
642094
643633
642912
643252
642941
642445
642749
643062
641729
642494
643648
643119
642899
643724
642203
641920
642535
642647
642562
642954
642759
642837
642232
642750
642793
642992
643046
642274
643250
642736
642151
642648
643140
643642
642985
643439
641669
643299
642680
643172
642487
643823
643017
643032
642810
643383
642717
642748
642521
643805
642288
644336
642789
642487
643477
643452
642610
642424
642500
641879
643073
642265
643752
643301
642605
642938
642885
642667
642327
642508
642414
643077
642860
643609
642346
643364
642217
643720
642429
642838
642152
641669
643527
643629
643214
642684
642273
642814
642362
642822
643050
641841
642545
641189
643552
642491
642355
642883
642996
643064
643428
642317
641896
642923
642967
643035
642992
641754
642813
642419
642468
642699
643043
642739
643311
643216
642562
642810
644029
643314
642988
642592
642925
642613
642345
642735
642583
642436
643026
642989
643357
643317
643268
642732
643303
643019
642530
642953
642706
642640
643378
643127
642676
642830
641775
642953
643208
643173
643001
642490
643448
642516
644180
642646
641815
642917
642728
641877
643009
643056
642745
642937
641973
642315
642850
643389
643563
642980
642796
642412
642555
643093
643532
642432
642489
643278
643416
643827
642738
642675
642610
642690
643309
642126
642763
643469
642632
643331
643378
644107
642545
643797
642816
643467
642081
642840
642729
643586
643475
642664
642710
642749
643033
643254
643090
643093
642337
643581
642889
642949
643421
642615
643146
643446
643527
642999
643338
643288
642487
641829
642814
642458
642456
642746
643094
643167
642343
642101
642574
643057
643306
643171
642777
642316
642411
643452
642815
643840
643420
643583
644004
642759
642462
642956
642222
642305
642887
643647
643372
642234
643697
642114
643269
643403
643565
642404
642142
642887
643056
643195
643269
642347
642674
642846
642188
642585
642617
642855
642438
642330
642720
643445
642190
642864
642090
643033
643109
642861
642159
642746
643376
643493
643286
643058
642629
642682
642156
642971
643997
642063
643762
641911
642396
642411
643254
642148
642483
642978
643488
642523
643310
641808
642913
642464
642702
643130
642037
642804
642936
643431
642514
642752
643533
643267
642923
641325
643386
642194
642992
643010
642695
642652
643194
643327
642565
643468
642765
642445
642772
643553
642724
641883
642996
642398
643262
642957
643294
642476
643431
642113
643374
641969
642252
643015
643082
643494
643094
642352
643480
643770
642527
642784
643269
643297
642858
642797
642554
642434
642459
642760
643765
643844
643217
642196
643194
643384
643325
643295
642732
643460
642401
643010
643635
643009
642499
642487
641827
642058
643235
642724
643380
642911
642939
642947
642908
642824
643365
643778
642531
642849
643067
642421
643333
643078
642241
642898
642806
643263
643055
642586
643305
642857
642481
642764
642519
643705
642173
642779
642942
643150
642424
642711
643031
643169
643312
643362
643176
643052
642355
643475
641888
642515
643582
642945
643174
643172
643598
642614
642204
643378
642866
641788
643027
642539
642855
642854
642329
642820
643174
643478
643936
642097
642962
643570
643421
642919
642832
643461
642625
643810
642503
642432
642048
643355
643774
642641
642902
642437
643211
641955
642563
642728
642354
642384
642812
642603
642744
643228
643098
643007
643557
643336
641856
642794
643278
642276
643476
642967
643144
642428
642868
642534
642545
642580
642690
643536
642607
641946
643319
643715
642280
642594
642665
642756
643188
643217
642229
643401
642131
642580
