299908
300625
300156
300084
299703
299225
299746
299628
299899
299557
299607
300253
299476
299932
300771
300186
299804
299111
299794
300255
300104
301357
299899
300091
300040
300064
299598
299759
299013
300280
300077
300088
300173
299954
300924
300513
300092
299983
300193
299546
300343
300271
299740
300269
300010
299802
300220
299810
300153
300268
299371
300581
298832
300203
298932
300215
300068
299755
300254
299720
299197
299519
300107
299218
300569
300425
299343
299901
299680
300154
300568
299920
299526
299782
299742
299317
300169
300197
299282
299868
299896
300006
300237
299994
300251
299414
299618
299811
298973
299912
300408
300420
300262
299357
299735
300154
300097
299859
299240
300778
299783
300794
299332
299108
300434
300202
299214
299382
300046
300148
299999
299860
299512
300390
301050
300343
300117
300152
301384
300195
299927
300220
300344
300238
300444
300459
300698
300006
300642
300517
299155
300014
299078
299990
299224
300119
299884
299767
300347
299221
300059
300823
300028
300134
300175
299849
300375
299811
300210
299862
300083
300493
300011
300261
300223
299008
300876
301133
299874
299463
300815
299864
299550
300409
300566
300721
298641
299625
300024
299582
300122
300436
299933
299526
300793
299637
299933
300756
299852
299712
299693
299633
300596
298988
300649
300994
299775
299526
299957
300966
299848
300927
299959
299798
300254
299586
299342
299900
299227
300307
300289
299443
299734
299962
300202
300326
299710
300256
300211
299290
299907
300298
300184
299534
300530
299967
299773
299904
299470
300706
300714
299853
299953
299858
301150
300022
299813
300670
300290
300707
299510
300461
299853
300005
299544
300195
300147
300214
299809
300413
299426
300643
299404
300633
299715
299096
299368
300133
299151
300505
299727
300600
300651
299585
299630
299420
300251
299900
300115
299941
300504
300223
299247
299649
300236
299669
299794
300345
299956
300467
299434
299725
299858
300487
300018
300466
300540
300008
299470
299699
299268
299887
299517
299872
300308
299684
301035
299544
298913
300109
299317
300129
299030
299052
300324
300504
300580
300213
300045
299774
300693
299206
299576
300506
299697
299717
299423
300208
299525
300073
300290
299962
299174
299621
299780
300305
300588
299788
299510
299599
300188
300255
299992
300367
300004
299857
300055
299796
300597
300166
300561
299867
300150
300171
300092
300473
300099
299872
300446
299231
300533
299134
300784
300550
299908
300391
299104
299759
299780
299933
299657
299363
300958
299561
300676
300094
299980
300817
300560
300222
300123
299704
299616
300222
299699
300513
299905
299668
300160
300080
299887
299268
299285
299958
300058
300150
299816
299821
300275
299454
299665
300196
300060
299194
300534
299786
299200
299218
299916
300183
300083
300182
299905
301101
300794
299752
298566
300256
299993
299790
300234
299653
300963
299623
301032
300199
299287
299897
299814
300152
300200
300347
300440
299571
300171
301086
300468
299560
300156
299939
300614
299950
300034
300157
300255
300368
300051
300630
300421
299608
300294
299696
300029
299791
300751
299730
299857
299965
300596
300138
299683
299874
299922
300128
300279
298904
300106
299676
299183
300410
299220
300228
299790
299795
299962
299700
299955
300481
300676
300276
299845
300534
300330
300117
299392
299831
299263
299910
300682
300352
300590
300571
299375
300184
300081
299404
299401
300074
299589
300418
299809
299272
300030
299961
300362
300286
299522
301194
299810
299988
300119
299351
300197
300412
299461
300822
300252
300215
300270
299480
299669
300068
300358
300423
299287
301208
300432
299606
299888
299894
300273
300713
300536
299781
300595
300594
300066
299432
300425
299468
299811
300400
299627
299570
300477
299293
299693
300841
299940
299338
299666
300362
299633
301027
299661
299625
300093
300057
299563
299851
299982
300614
300514
300368
299960
299888
299974
299933
300030
300183
300863
299534
299840
299718
299947
299579
299565
299965
299630
300036
299538
300257
299629
299910
299832
300272
299745
300395
299684
300262
299506
300113
300350
300222
300224
299771
299901
299673
300198
300389
300007
300825
300161
299586
299530
299395
299681
299807
299646
299897
299798
300587
300527
300152
299462
300062
299982
299915
299918
299752
299999
299674
299494
299840
299158
300054
300563
300094
300445
299393
300239
300340
299674
299605
299443
300300
299670
299728
299854
300813
300023
300410
300563
299863
300767
300794
299950
299666
300153
300655
300306
299597
299783
300117
299838
299602
300181
299595
299752
299506
299924
299765
299960
299911
300301
300439
299329
299643
299625
300559
299575
300469
300148
300253
299725
299633
299984
299575
298858
300583
299351
300587
300584
299706
299932
299973
299783
299713
300026
299882
300714
300065
299321
300387
300134
299845
299978
300373
300875
300189
299783
300082
299425
300192
300085
300350
299430
300342
299856
300208
300066
299609
299811
299718
300100
299748
300470
300394
299744
299211
299599
300208
299576
300780
300406
299910
299454
299233
299928
299865
299122
300127
300112
300171
300272
299626
299975
300219
299752
300406
299920
299619
299619
300039
299235
299610
301127
299729
299883
299699
299607
298654
300106
300599
300256
299482
300039
299282
300226
300460
300092
299446
299270
300302
299633
300134
299794
299448
300947
300328
300138
300206
300421
299733
299982
300086
299481
300294
299655
299902
299844
300042
299916
300131
299672
299986
300080
299994
300369
299492
299803
300001
299912
300066
300173
300056
300094
299693
300140
299715
300523
301477
299763
299352
300675
300059
300046
299963
300230
299102
300210
300045
300198
299591
300900
300045
300772
300202
300228
300080
300716
300379
300461
299667
299954
300871
299651
300170
300158
299471
300439
299534
300741
299473
300473
300248
300258
300267
300385
299856
299359
299615
300359
300715
300298
300295
300006
299561
299329
300371
299114
301222
299747
299830
299502
301132
300218
299788
299780
300722
300939
299761
300490
300708
300339
300295
299918
299509
300310
300685
300404
300401
300431
299531
299808
300674
300568
299881
299457
300846
300057
299748
300390
299813
299757
300205
300086
299350
299726
300404
300196
299926
300453
299922
299607
299475
300510
300127
298659
300001
299299
300495
300017
299899
298898
300588
299747
300663
299939
300519
300279
300014
300557
298948
299640
299671
299535
299216
300330
300184
299856
300224
300577
300091
300412
299357
299900
299444
299925
299925
299796
299135
299754
299835
299790
300631
300504
299429
299687
300121
300070
299373
299556
300512
299739
300536
299890
300278
299589
300443
299267
300023
299690
299908
300611
300074
300173
299709
300650
299651
300030
300019
300951
300257
299459
300240
300110
300569
299672
299663
300012
300467
300383
300696
300362
300907
300099
300109
299725
299893
300471
299300
300888
299550
299713
299784
300630
299060
300652
299855
299448
299291
300043
299648
299283
299821
300588
300687
299767
299458
300263
300441
300102
299443
299499
300169
299736
299601
300687
300128
299160
299541
299426
300442
299707
299780
299517
300051
300489
300652
