699945
699825
700068
700426
699902
700143
699817
700112
699537
700233
700052
699626
700151
700139
699167
700549
700157
699871
700266
699970
699961
700865
700711
699302
699420
699892
699506
699537
699453
700645
700214
699928
699595
699613
699916
699905
701009
700466
699317
699671
700459
699662
700174
699364
699827
700116
700449
700204
699211
700306
699641
699762
699369
699952
699301
699928
700419
700313
699375
699365
699762
700118
699677
699072
700510
700730
699959
700760
699774
700224
699714
699713
699742
700087
699622
700148
700746
701135
699998
700609
700039
699458
699499
700052
699973
699370
700452
700120
698933
699513
699837
699525
699185
700212
700267
699962
700260
700146
700317
700704
699898
699792
699151
699331
700661
700733
700049
700419
700107
700681
699389
700844
700039
700186
700322
700020
699850
699755
700492
699551
699796
699707
700994
699953
700382
699125
700347
700541
700031
699729
701077
699380
699962
700540
699502
699636
698966
700100
699644
699812
699528
699379
700059
699449
700259
700049
699769
699770
700577
699152
699109
699605
700212
700230
700190
700904
700188
700762
700131
699771
699900
699942
699655
699895
700059
699437
700135
700580
699948
700309
699881
700201
700056
700114
700440
699532
700474
700326
700440
699841
699876
699242
700654
699400
701070
699789
699778
699702
700502
699313
699949
699424
699290
699475
699421
699846
699855
699274
699451
699812
700168
700339
700335
700617
699690
699710
700183
699016
699916
698829
700959
699555
699928
699580
700536
700036
700354
700663
700259
699722
699773
700283
699482
700654
699601
699510
700034
699427
700060
699608
700040
700592
700621
699650
699633
700531
699338
699900
700142
699176
700714
699940
699507
700112
700459
700066
700472
700086
699170
700727
700070
700130
700014
699650
700442
699678
699957
700280
700016
700105
700194
700859
699874
700507
699791
700307
699766
699888
701025
700301
700594
700296
700267
699863
700694
699199
700170
699960
700177
699567
700588
699710
699651
699990
699754
699352
700642
700964
700020
700115
699947
700557
700195
699997
699064
699451
699312
699425
699772
699212
699919
699556
700193
699888
699381
700009
700102
700083
699670
700198
700226
699779
700044
699555
699425
699691
699868
699666
699800
699343
699712
700719
699843
700369
699849
699712
699714
699792
700178
700215
700073
700126
700180
700296
699477
700761
699736
699000
700276
699411
699998
700163
699702
700303
699829
700498
700652
700168
700189
700185
699689
700082
700414
699503
700039
701077
699413
700430
700260
700442
699847
699398
700566
699547
699117
700319
699855
699925
699579
699318
699145
699294
699753
699946
700342
699268
699951
699803
700139
700198
700071
700378
699563
699371
699512
699686
699796
700737
699462
699222
699406
699462
699594
700404
700725
699817
699577
699566
700654
699780
699884
699985
699663
700180
700263
700195
700148
699853
699952
699429
699295
700143
700302
699684
699569
700397
700332
699595
699336
700361
699864
700314
699878
700836
699681
700294
699931
699742
699960
700057
700410
699919
700062
699987
699817
699680
700194
700692
700353
699593
699739
699818
700847
700334
699103
700117
700184
700783
699674
699649
699838
700247
699448
700150
700288
699510
700181
700311
700601
699012
700033
698997
699465
699723
699547
700541
699450
699716
699937
700330
700194
699949
699942
699834
699892
699761
700122
699901
699853
700813
699530
699129
700147
699780
700380
699733
700103
699046
700490
700748
699827
700113
700553
700569
699138
700728
700060
699945
700012
699707
699683
699452
699806
700872
699793
699627
699627
699535
699574
699991
699478
699919
699124
700009
699628
700119
699507
699713
700808
700296
699783
699731
699369
700136
699778
701012
699536
699608
700357
699584
700189
699881
700375
700707
699615
700417
700199
701146
699654
699567
700819
698879
699321
700503
700791
699844
699964
700000
699822
699934
699539
700853
700612
699920
699859
700815
699695
699955
700182
698981
699121
700183
699711
699584
699862
700869
699690
700015
699873
700738
699848
699715
700212
699856
700152
700128
700071
699972
699738
700434
700682
699975
700065
699843
699658
699249
700175
699735
700658
700059
700091
700321
700143
700393
699378
700061
699770
699953
700552
700326
699653
699998
699866
700111
699465
699981
699294
700274
700696
699860
699843
700718
700388
699813
699892
700149
700390
700419
699604
699350
700185
699973
700452
699885
700150
699970
700057
699621
700327
700349
700089
699561
700402
700022
700022
699665
699831
699933
700089
699840
699952
700168
700231
700402
700042
700076
700017
699161
700386
699873
699509
699691
699794
699518
699282
700918
700130
700016
700194
699703
700185
700192
699908
699634
700028
700331
700580
699057
700420
699537
700554
699047
700327
700484
700268
699656
700249
700433
700009
700068
699621
700023
699969
700021
699710
700684
699759
699773
700300
699809
698778
701380
699929
700049
700134
699647
699882
700039
699805
699392
700777
700899
700238
700147
699704
700102
699829
700772
700086
699009
700538
700229
700238
700118
700265
699399
699907
700041
700221
699205
700190
700956
699652
699368
699949
700450
700264
699659
700067
699981
699969
700410
700355
700522
700025
700507
700172
700053
700412
699844
699620
701565
699840
700566
700893
699398
699748
700034
699311
700340
700126
700331
701023
699617
699682
699346
699569
700179
699999
699632
698389
700359
699799
700034
700450
699634
700438
699985
700688
700490
699626
699740
700624
699698
700078
699661
699944
700565
699137
700203
700265
700765
699708
700538
699473
699060
700220
699383
699858
699694
700027
700186
700588
700955
700410
699616
700488
699963
699471
699654
700615
700681
699692
700382
699346
700134
700778
699870
700692
700120
699945
699944
700705
700338
699579
700474
699609
700802
700880
699672
700022
700504
699920
700586
700191
700355
699430
699880
699766
699777
700026
700156
700192
699491
699279
699955
699868
699800
700200
700034
700292
700344
699855
699828
699858
700214
699767
699901
699761
700302
699943
700673
699596
700433
699525
700120
700143
700642
699992
699837
700291
699856
700267
699777
699495
700091
699710
700305
700648
700376
700318
700688
700297
700028
699690
699167
699529
699963
699798
700163
699684
699944
699986
699032
699726
699402
699400
699704
700623
700643
699422
700113
700102
699820
699805
700035
700154
700958
699535
699536
699855
699634
700110
699792
700113
699539
699379
700163
699265
699881
700064
699976
699890
700399
700196
699899
700031
699433
698634
700746
699140
700031
700524
699281
699940
700400
699920
699508
699750
699918
699768
700051
700614
699521
700371
699310
699381
700908
700292
700000
700457
700354
699601
701054
700280
699131
700419
699941
700288
700236
700145
700175
700254
699854
699441
699979
699374
699504
699572
700213
699930
700049
699732
700154
700244
700133
699991
700049
700213
700965
700469
699833
699969
699807
699935
699850
699800
700062
700704
700052
699644
699224
699374
700000
699988
699791
699789
700203
699684
699917
699796
700487
699829
699767
700130
700326
699968
700389
699789
699846
