599204
601070
600422
599549
599892
600032
600324
600257
599974
600658
600256
599861
600190
599727
600908
600578
601040
599459
600947
599348
599870
599341
600226
600106
599462
600256
600059
600100
599619
599600
599001
599659
600723
599800
599583
599601
599432
599220
600201
599794
600375
599672
599844
600564
600619
600697
599838
599767
599209
599936
599794
599967
600171
599201
600016
599862
599770
599719
600498
600063
598704
599475
599546
599416
600115
600284
600518
599601
600569
600411
600363
599565
599904
599879
600663
600039
600733
599686
600687
600188
599735
600093
600503
600227
599864
599404
600823
600108
600509
600004
600098
600233
600728
599996
600516
600433
600502
600157
599180
599911
599592
599846
599805
599414
599965
600783
599547
599922
599309
600091
599290
600819
599037
599631
600725
600243
598307
599781
600364
600603
599665
599832
599121
600225
599126
598957
600200
600403
599755
600405
600396
599468
600233
600101
600123
599893
600265
600310
599074
599964
600215
599431
599747
600119
600513
600379
600299
600555
599883
599795
600646
600078
600022
599465
600597
599517
600037
600661
599664
600041
600076
599981
599638
600401
599880
600250
600361
599954
599905
600211
600640
600118
600347
599708
600975
600480
599875
600093
599016
599916
599315
600015
600023
600010
600498
599749
600263
600188
599938
599803
600472
599854
599686
599745
599513
600028
599997
599278
598916
600158
600238
600693
599363
599362
600782
600445
599723
599867
600402
600461
600056
600116
600584
599710
599959
600361
599731
599991
600035
599792
599857
599690
599911
598594
599774
599356
600289
600613
599691
600318
599293
600243
600199
600267
600137
599421
599204
600013
600285
599844
600050
599303
599667
600019
599371
600182
599629
599905
599649
600278
599442
599230
599973
599898
600398
600154
600123
599163
599074
600034
600020
599683
600120
599772
599298
600200
599900
600564
599972
600307
600295
599767
599985
600372
600599
599801
600005
599539
600148
598622
599725
600231
599605
599334
600484
599621
599367
599651
600589
599426
599715
599937
600176
600377
599399
599867
599979
599304
600439
599578
599408
599738
599479
599128
600414
600584
599894
600846
599433
599004
600023
599894
600270
600550
600216
600236
599352
600496
599670
599751
599946
599374
600095
600538
600681
599872
599940
600127
599770
600253
600729
599055
600007
600360
598989
600454
599551
599841
599970
600307
599944
601176
600322
600175
600108
600431
599973
600349
599470
600020
599061
600742
600705
599789
599725
600146
599968
599856
600254
599817
599977
600484
599442
600037
599592
600132
600417
599190
599898
600420
600358
599871
600681
600220
599940
599570
598551
600343
599369
600295
599762
599265
600499
599991
600082
599902
599517
600431
600219
600418
600477
599954
599774
599896
600693
600492
600215
600308
600036
600871
599977
600066
599556
600057
600004
600474
599865
599651
599821
599660
599238
600175
600759
599307
600089
600320
599694
599991
600330
600651
599875
600426
600298
600211
599692
601327
599603
599962
599748
600566
600218
600217
600126
600140
600049
599704
600540
599586
600673
598802
600100
599832
600761
600222
600109
600171
599815
600168
599408
599645
599305
599341
600872
600139
600396
598949
599496
600699
600594
599907
600038
599200
600498
599190
600319
599753
600352
599893
600344
598948
600747
599405
599480
599828
599378
600178
599799
599803
599313
599316
600080
600290
600234
599684
600146
600128
600179
600259
600235
599834
600532
599609
599888
599191
600027
599929
599877
600168
599373
599652
600013
600776
599770
599797
600755
599986
600151
600305
600180
600156
600012
600230
599512
599856
600313
599149
600384
600260
600128
598917
600288
600090
599498
599892
599696
600255
600034
599156
599781
600598
599706
600371
599993
600532
600539
599371
600053
599658
599918
599805
600055
599759
599892
600318
599866
599953
599593
600753
600083
600043
599588
599900
600550
599325
599435
599873
598980
599874
599522
600147
599942
599905
600003
599926
599097
600052
600194
599582
600018
600243
600031
600168
600127
598928
599272
600305
599640
600197
601057
599590
600333
599795
599869
599687
599464
599739
599945
600245
599396
599920
599644
599902
599442
599866
600362
600151
599819
600491
600212
598833
600551
599892
600805
599817
599950
599450
599707
600038
600379
599451
599432
599826
598907
600381
600729
600067
600162
599434
600230
599925
600349
599918
600130
599821
600250
600327
600060
599732
598837
600081
599235
600674
600206
601308
600891
599435
600284
599642
600151
600789
600124
599661
600653
600620
600371
600042
599962
600148
599629
599297
600029
600741
599168
599507
599926
600808
599765
599932
600774
599552
598958
600039
600347
600285
600342
599843
600522
599640
600440
599930
600198
600501
600493
600753
600373
599153
599206
599118
599823
600515
600300
600652
599384
601130
599769
600093
600043
600488
600213
599813
600384
601239
599864
600456
600003
600489
599218
600248
599735
600088
599721
599667
599539
599224
599816
599426
600314
600394
600385
599854
600592
598961
599822
599834
599737
599429
598710
599570
600054
599781
599415
600247
600796
600068
599442
599640
599666
600156
600479
600112
599648
599940
600380
599545
599162
599647
600460
599939
599865
599297
599616
600493
599260
600377
600490
600044
599822
599086
600818
599822
600040
600173
599606
600193
599993
599604
599707
600466
600242
599777
599018
600332
599717
599769
600037
599850
600021
600176
600037
600109
599499
599249
600146
599674
599703
601331
599562
599665
599553
599411
600112
599570
600071
600296
600012
600886
600047
600161
599721
600432
601337
600708
599876
600433
599291
600739
600070
600822
599652
599972
600264
600012
600323
600180
600629
599700
600137
599351
600509
599906
600692
600006
599848
599683
600040
599799
600448
600760
599583
600191
600250
598939
600577
599327
600798
599260
599840
601398
600531
599741
600438
599566
599836
599052
600329
600554
599391
599713
600250
599862
600634
599863
600749
600713
601108
601065
599865
600060
600363
599619
599509
599698
599068
600272
600297
600537
600117
600801
600265
599881
599504
599572
598802
599346
600425
600487
599683
600550
598990
600126
600259
599809
599655
599740
600262
599935
599824
599681
600334
600044
600012
599758
601098
599936
599842
599688
599740
600643
600350
599663
600270
599883
599571
600448
599214
599203
599825
600105
599518
599626
600236
599240
600089
600131
599619
601015
600322
599925
600027
600106
600559
599486
599035
600104
599604
599910
599693
599804
599930
600064
599142
600076
600105
599489
600645
600183
598832
600098
599699
599886
599824
599433
600312
599780
599751
599820
600620
599656
599305
600552
599999
600438
599976
599450
600131
599334
599989
599998
600003
599877
600046
598896
599950
599464
599910
599601
599690
600384
600014
599493
599814
600233
601027
599831
599964
599947
600122
600015
600868
600753
599417
600532
599474
599020
599421
600999
599471
600126
600061
599166
600051
600602
599513
599607
599456
600149
599033
600104
600785
599908
599547
600329
599338
600054
600765
599256
599717
599508
600072
600386
