0.660000, 1.800000, 0.911365
0.660000, 1.820000, 0.920328
0.660000, 1.840000, 0.929286
0.660000, 1.860000, 0.938455
0.660000, 1.880000, 0.946870
0.660000, 1.900000, 0.955910
0.660000, 1.920000, 0.964894
0.660000, 1.940000, 0.973534
0.660000, 1.960000, 0.982455
0.660000, 1.980000, 0.991309
0.660000, 2.000000, 1.000000
0.690000, 0.000000, 0.000000
0.690000, 0.020000, 0.010934
0.690000, 0.040000, 0.021801
0.690000, 0.060000, 0.032790
0.690000, 0.080000, 0.044187
0.690000, 0.100000, 0.054481
0.690000, 0.120000, 0.065956
0.690000, 0.140000, 0.076129
0.690000, 0.160000, 0.087824
0.690000, 0.180000, 0.098512
0.690000, 0.200000, 0.109867
0.690000, 0.220000, 0.119739
0.690000, 0.240000, 0.131910
0.690000, 0.260000, 0.141882
0.690000, 0.280000, 0.153504
0.690000, 0.300000, 0.164068
0.690000, 0.320000, 0.174834
0.690000, 0.340000, 0.186183
0.690000, 0.360000, 0.196661
0.690000, 0.380000, 0.208219
0.690000, 0.400000, 0.218006
0.690000, 0.420000, 0.228931
0.690000, 0.440000, 0.240816
0.690000, 0.460000, 0.250303
0.690000, 0.480000, 0.261208
0.690000, 0.500000, 0.273354
0.690000, 0.520000, 0.284044
0.690000, 0.540000, 0.293875
0.690000, 0.560000, 0.304183
0.690000, 0.580000, 0.314738
0.690000, 0.600000, 0.326531
0.690000, 0.620000, 0.337190
0.690000, 0.640000, 0.346996
0.690000, 0.660000, 0.358093
0.690000, 0.680000, 0.369435
0.690000, 0.700000, 0.379482
0.690000, 0.720000, 0.389300
0.690000, 0.740000, 0.400273
0.690000, 0.760000, 0.410800
0.690000, 0.780000, 0.421792
0.690000, 0.800000, 0.433014
0.690000, 0.820000, 0.442608
0.690000, 0.840000, 0.452607
0.690000, 0.860000, 0.463423
0.690000, 0.880000, 0.473862
0.690000, 0.900000, 0.484195
0.690000, 0.920000, 0.494606
0.690000, 0.940000, 0.505275
0.690000, 0.960000, 0.514830
0.690000, 0.980000, 0.525228
0.690000, 1.000000, 0.535035
0.690000, 1.020000, 0.545637
0.690000, 1.040000, 0.554794
0.690000, 1.060000, 0.565407
0.690000, 1.080000, 0.575226
0.690000, 1.100000, 0.585560
0.690000, 1.120000, 0.595925
0.690000, 1.140000, 0.604637
0.690000, 1.160000, 0.614508
0.690000, 1.180000, 0.625465
0.690000, 1.200000, 0.635286
0.690000, 1.220000, 0.644605
0.690000, 1.240000, 0.654339
0.690000, 1.260000, 0.663478
0.690000, 1.280000, 0.673222
0.690000, 1.300000, 0.682025
0.690000, 1.320000, 0.692387
0.690000, 1.340000, 0.702873
0.690000, 1.360000, 0.712116
0.690000, 1.380000, 0.721117
0.690000, 1.400000, 0.730389
0.690000, 1.420000, 0.740023
0.690000, 1.440000, 0.749848
0.690000, 1.460000, 0.759063
0.690000, 1.480000, 0.768613
0.690000, 1.500000, 0.777049
0.690000, 1.520000, 0.786206
0.690000, 1.540000, 0.795931
0.690000, 1.560000, 0.804028
0.690000, 1.580000, 0.814087
0.690000, 1.600000, 0.822752
0.690000, 1.620000, 0.831474
0.690000, 1.640000, 0.841148
0.690000, 1.660000, 0.849171
0.690000, 1.680000, 0.858725
0.690000, 1.700000, 0.867713
0.690000, 1.720000, 0.876267
0.690000, 1.740000, 0.885504
0.690000, 1.760000, 0.894564
0.690000, 1.780000, 0.902995
0.690000, 1.800000, 0.912131
0.690000, 1.820000, 0.920969
0.690000, 1.840000, 0.929785
0.690000, 1.860000, 0.938355
0.690000, 1.880000, 0.947487
0.690000, 1.900000, 0.956315
0.690000, 1.920000, 0.964919
0.690000, 1.940000, 0.973423
0.690000, 1.960000, 0.982349
0.690000, 1.980000, 0.991274
0.690000, 2.000000, 1.000000
0.720000, 0.000000, 0.000000
0.720000, 0.020000, 0.011001
0.720000, 0.040000, 0.022223
0.720000, 0.060000, 0.032843
0.720000, 0.080000, 0.044140
0.720000, 0.100000, 0.055270
0.720000, 0.120000, 0.065844
0.720000, 0.140000, 0.077107
0.720000, 0.160000, 0.086917
0.720000, 0.180000, 0.098308
0.720000, 0.200000, 0.109768
0.720000, 0.220000, 0.120566
0.720000, 0.240000, 0.131331
0.720000, 0.260000, 0.142824
0.720000, 0.280000, 0.153241
0.720000, 0.300000, 0.164064
0.720000, 0.320000, 0.174848
0.720000, 0.340000, 0.186566
0.720000, 0.360000, 0.197363
0.720000, 0.380000, 0.208425
0.720000, 0.400000, 0.219074
0.720000, 0.420000, 0.229349
0.720000, 0.440000, 0.241072
0.720000, 0.460000, 0.250954
