1.200000, 0.800000, 0.461905
1.200000, 0.820000, 0.473769
1.200000, 0.840000, 0.484850
1.200000, 0.860000, 0.496378
1.200000, 0.880000, 0.506465
1.200000, 0.900000, 0.518605
1.200000, 0.920000, 0.529270
1.200000, 0.940000, 0.540236
1.200000, 0.960000, 0.551913
1.200000, 0.980000, 0.562678
1.200000, 1.000000, 0.574026
1.200000, 1.020000, 0.584265
1.200000, 1.040000, 0.594736
1.200000, 1.060000, 0.604956
1.200000, 1.080000, 0.615330
1.200000, 1.100000, 0.624770
1.200000, 1.120000, 0.636203
1.200000, 1.140000, 0.646738
1.200000, 1.160000, 0.656539
1.200000, 1.180000, 0.666507
1.200000, 1.200000, 0.676692
1.200000, 1.220000, 0.685456
1.200000, 1.240000, 0.695280
1.200000, 1.260000, 0.705551
1.200000, 1.280000, 0.714598
1.200000, 1.300000, 0.723397
1.200000, 1.320000, 0.733275
1.200000, 1.340000, 0.741812
1.200000, 1.360000, 0.750531
1.200000, 1.380000, 0.759302
1.200000, 1.400000, 0.768369
1.200000, 1.420000, 0.777335
1.200000, 1.440000, 0.786083
1.200000, 1.460000, 0.794836
1.200000, 1.480000, 0.802508
1.200000, 1.500000, 0.810843
1.200000, 1.520000, 0.818917
1.200000, 1.540000, 0.827080
1.200000, 1.560000, 0.835339
1.200000, 1.580000, 0.843152
1.200000, 1.600000, 0.851235
1.200000, 1.620000, 0.859533
1.200000, 1.640000, 0.867415
1.200000, 1.660000, 0.874795
1.200000, 1.680000, 0.882112
1.200000, 1.700000, 0.890121
1.200000, 1.720000, 0.897731
1.200000, 1.740000, 0.904695
1.200000, 1.760000, 0.912893
1.200000, 1.780000, 0.920036
1.200000, 1.800000, 0.927289
1.200000, 1.820000, 0.934694
1.200000, 1.840000, 0.942164
1.200000, 1.860000, 0.949241
1.200000, 1.880000, 0.956784
1.200000, 1.900000, 0.964060
1.200000, 1.920000, 0.971229
1.200000, 1.940000, 0.978628
1.200000, 1.960000, 0.985802
1.200000, 1.980000, 0.992884
1.200000, 2.000000, 1.000000
1.230000, 0.000000, 0.000000
1.230000, 0.020000, 0.011718
1.230000, 0.040000, 0.022820
1.230000, 0.060000, 0.034336
1.230000, 0.080000, 0.046428
1.230000, 0.100000, 0.057411
1.230000, 0.120000, 0.069129
1.230000, 0.140000, 0.080604
1.230000, 0.160000, 0.091963
1.230000, 0.180000, 0.103771
1.230000, 0.200000, 0.115144
1.230000, 0.220000, 0.127211
1.230000, 0.240000, 0.137909
1.230000, 0.260000, 0.149664
1.230000, 0.280000, 0.160541
1.230000, 0.300000, 0.173646
1.230000, 0.320000, 0.184422
1.230000, 0.340000, 0.196373
1.230000, 0.360000, 0.207530
1.230000, 0.380000, 0.219261
1.230000, 0.400000, 0.231365
1.230000, 0.420000, 0.243179
1.230000, 0.440000, 0.254621
1.230000, 0.460000, 0.266532
1.230000, 0.480000, 0.278191
1.230000, 0.500000, 0.289956
1.230000, 0.520000, 0.301737
1.230000, 0.540000, 0.313481
1.230000, 0.560000, 0.325187
1.230000, 0.580000, 0.335787
1.230000, 0.600000, 0.347340
1.230000, 0.620000, 0.360162
1.230000, 0.640000, 0.370856
1.230000, 0.660000, 0.383149
1.230000, 0.680000, 0.396130
1.230000, 0.700000, 0.407390
1.230000, 0.720000, 0.418156
1.230000, 0.740000, 0.429866
1.230000, 0.760000, 0.441360
1.230000, 0.780000, 0.452872
1.230000, 0.800000, 0.463525
1.230000, 0.820000, 0.475825
1.230000, 0.840000, 0.487273
1.230000, 0.860000, 0.498798
1.230000, 0.880000, 0.510032
1.230000, 0.900000, 0.520629
1.230000, 0.920000, 0.533441
1.230000, 0.940000, 0.543543
1.230000, 0.960000, 0.554493
1.230000, 0.980000, 0.565628
1.230000, 1.000000, 0.577400
1.230000, 1.020000, 0.587496
1.230000, 1.040000, 0.596952
1.230000, 1.060000, 0.607641
1.230000, 1.080000, 0.619393
1.230000, 1.100000, 0.629182
1.230000, 1.120000, 0.639257
1.230000, 1.140000, 0.650316
1.230000, 1.160000, 0.659314
1.230000, 1.180000, 0.670344
1.230000, 1.200000, 0.679679
1.230000, 1.220000, 0.689789
1.230000, 1.240000, 0.699294
1.230000, 1.260000, 0.709236
1.230000, 1.280000, 0.718801
1.230000, 1.300000, 0.727285
1.230000, 1.320000, 0.737329
1.230000, 1.340000, 0.745760
1.230000, 1.360000, 0.754743
1.230000, 1.380000, 0.763899
1.230000, 1.400000, 0.771319
1.230000, 1.420000, 0.780721
1.230000, 1.440000, 0.789642
1.230000, 1.460000, 0.797695
1.230000, 1.480000, 0.806527
