1.170000, 0.100000, 0.057412
1.170000, 0.120000, 0.068550
1.170000, 0.140000, 0.080219
1.170000, 0.160000, 0.092246
1.170000, 0.180000, 0.103157
1.170000, 0.200000, 0.114455
1.170000, 0.220000, 0.126482
1.170000, 0.240000, 0.137678
1.170000, 0.260000, 0.148988
1.170000, 0.280000, 0.160124
1.170000, 0.300000, 0.171771
1.170000, 0.320000, 0.183335
1.170000, 0.340000, 0.195236
1.170000, 0.360000, 0.207153
1.170000, 0.380000, 0.218061
1.170000, 0.400000, 0.229754
1.170000, 0.420000, 0.241237
1.170000, 0.440000, 0.253062
1.170000, 0.460000, 0.264562
1.170000, 0.480000, 0.275521
1.170000, 0.500000, 0.287748
1.170000, 0.520000, 0.299257
1.170000, 0.540000, 0.309871
1.170000, 0.560000, 0.322106
1.170000, 0.580000, 0.334926
1.170000, 0.600000, 0.344879
1.170000, 0.620000, 0.357418
1.170000, 0.640000, 0.368576
1.170000, 0.660000, 0.380257
1.170000, 0.680000, 0.391817
1.170000, 0.700000, 0.403084
1.170000, 0.720000, 0.413498
1.170000, 0.740000, 0.425090
1.170000, 0.760000, 0.437555
1.170000, 0.780000, 0.448158
1.170000, 0.800000, 0.459699
1.170000, 0.820000, 0.471266
1.170000, 0.840000, 0.482404
1.170000, 0.860000, 0.492535
1.170000, 0.880000, 0.503975
1.170000, 0.900000, 0.514976
1.170000, 0.920000, 0.526298
1.170000, 0.940000, 0.537827
1.170000, 0.960000, 0.547988
1.170000, 0.980000, 0.559818
1.170000, 1.000000, 0.568935
1.170000, 1.020000, 0.580299
1.170000, 1.040000, 0.591583
1.170000, 1.060000, 0.601727
1.170000, 1.080000, 0.612100
1.170000, 1.100000, 0.621759
1.170000, 1.120000, 0.632503
1.170000, 1.140000, 0.641946
1.170000, 1.160000, 0.652260
1.170000, 1.180000, 0.662088
1.170000, 1.200000, 0.672002
1.170000, 1.220000, 0.681761
1.170000, 1.240000, 0.692657
1.170000, 1.260000, 0.701709
1.170000, 1.280000, 0.710875
1.170000, 1.300000, 0.719039
1.170000, 1.320000, 0.729412
1.170000, 1.340000, 0.738372
1.170000, 1.360000, 0.746838
1.170000, 1.380000, 0.755919
1.170000, 1.400000, 0.765348
1.170000, 1.420000, 0.774138
1.170000, 1.440000, 0.782645
1.170000, 1.460000, 0.791076
1.170000, 1.480000, 0.799355
1.170000, 1.500000, 0.807938
1.170000, 1.520000, 0.815925
1.170000, 1.540000, 0.825348
1.170000, 1.560000, 0.832564
1.170000, 1.580000, 0.840381
1.170000, 1.600000, 0.848653
1.170000, 1.620000, 0.856660
1.170000, 1.640000, 0.864546
1.170000, 1.660000, 0.872522
1.170000, 1.680000, 0.880819
1.170000, 1.700000, 0.887902
1.170000, 1.720000, 0.896037
1.170000, 1.740000, 0.903420
1.170000, 1.760000, 0.911168
1.170000, 1.780000, 0.918962
1.170000, 1.800000, 0.926579
1.170000, 1.820000, 0.933861
1.170000, 1.840000, 0.940712
1.170000, 1.860000, 0.948864
1.170000, 1.880000, 0.955875
1.170000, 1.900000, 0.963410
1.170000, 1.920000, 0.970701
1.170000, 1.940000, 0.977973
1.170000, 1.960000, 0.985458
1.170000, 1.980000, 0.992876
1.170000, 2.000000, 1.000000
1.200000, 0.000000, 0.000000
1.200000, 0.020000, 0.011705
1.200000, 0.040000, 0.023150
1.200000, 0.060000, 0.034356
1.200000, 0.080000, 0.045582
1.200000, 0.100000, 0.057699
1.200000, 0.120000, 0.068891
1.200000, 0.140000, 0.080539
1.200000, 0.160000, 0.092180
1.200000, 0.180000, 0.103276
1.200000, 0.200000, 0.114177
1.200000, 0.220000, 0.126665
1.200000, 0.240000, 0.137129
1.200000, 0.260000, 0.149866
1.200000, 0.280000, 0.160918
1.200000, 0.300000, 0.172710
1.200000, 0.320000, 0.184196
1.200000, 0.340000, 0.195857
1.200000, 0.360000, 0.206908
1.200000, 0.380000, 0.218774
1.200000, 0.400000, 0.231035
1.200000, 0.420000, 0.242205
1.200000, 0.440000, 0.253792
1.200000, 0.460000, 0.264203
1.200000, 0.480000, 0.276837
1.200000, 0.500000, 0.289069
1.200000, 0.520000, 0.300667
1.200000, 0.540000, 0.311025
1.200000, 0.560000, 0.323234
1.200000, 0.580000, 0.335152
1.200000, 0.600000, 0.347057
1.200000, 0.620000, 0.357798
1.200000, 0.640000, 0.369744
1.200000, 0.660000, 0.380964
1.200000, 0.680000, 0.392802
1.200000, 0.700000, 0.404659
1.200000, 0.720000, 0.417168
1.200000, 0.740000, 0.427437
1.200000, 0.760000, 0.439354
1.200000, 0.780000, 0.450289
