0.270000, 0.860000, 0.451969
0.270000, 0.880000, 0.461935
0.270000, 0.900000, 0.472280
0.270000, 0.920000, 0.482471
0.270000, 0.940000, 0.493566
0.270000, 0.960000, 0.502580
0.270000, 0.980000, 0.514301
0.270000, 1.000000, 0.523984
0.270000, 1.020000, 0.532736
0.270000, 1.040000, 0.543556
0.270000, 1.060000, 0.552256
0.270000, 1.080000, 0.563494
0.270000, 1.100000, 0.573624
0.270000, 1.120000, 0.583201
0.270000, 1.140000, 0.593140
0.270000, 1.160000, 0.602490
0.270000, 1.180000, 0.613012
0.270000, 1.200000, 0.622636
0.270000, 1.220000, 0.631793
0.270000, 1.240000, 0.642087
0.270000, 1.260000, 0.651207
0.270000, 1.280000, 0.662026
0.270000, 1.300000, 0.671662
0.270000, 1.320000, 0.680884
0.270000, 1.340000, 0.690758
0.270000, 1.360000, 0.700766
0.270000, 1.380000, 0.711243
0.270000, 1.400000, 0.719618
0.270000, 1.420000, 0.729202
0.270000, 1.440000, 0.738992
0.270000, 1.460000, 0.748180
0.270000, 1.480000, 0.757568
0.270000, 1.500000, 0.767491
0.270000, 1.520000, 0.776886
0.270000, 1.540000, 0.785843
0.270000, 1.560000, 0.795250
0.270000, 1.580000, 0.804901
0.270000, 1.600000, 0.814174
0.270000, 1.620000, 0.823293
0.270000, 1.640000, 0.833251
0.270000, 1.660000, 0.842683
0.270000, 1.680000, 0.851802
0.270000, 1.700000, 0.861588
0.270000, 1.720000, 0.869917
0.270000, 1.740000, 0.879726
0.270000, 1.760000, 0.889288
0.270000, 1.780000, 0.897882
0.270000, 1.800000, 0.907124
0.270000, 1.820000, 0.916574
0.270000, 1.840000, 0.926200
0.270000, 1.860000, 0.935452
0.270000, 1.880000, 0.944860
0.270000, 1.900000, 0.954238
0.270000, 1.920000, 0.963266
0.270000, 1.940000, 0.972386
0.270000, 1.960000, 0.981609
0.270000, 1.980000, 0.990680
0.270000, 2.000000, 1.000000
0.300000, 0.000000, 0.000000
0.300000, 0.020000, 0.010707
0.300000, 0.040000, 0.021310
0.300000, 0.060000, 0.032054
0.300000, 0.080000, 0.043016
0.300000, 0.100000, 0.053150
0.300000, 0.120000, 0.064337
0.300000, 0.140000, 0.074915
0.300000, 0.160000, 0.085877
0.300000, 0.180000, 0.096021
0.300000, 0.200000, 0.106885
0.300000, 0.220000, 0.117612
0.300000, 0.240000, 0.127702
0.300000, 0.260000, 0.138457
0.300000, 0.280000, 0.149391
0.300000, 0.300000, 0.160228
0.300000, 0.320000, 0.170640
0.300000, 0.340000, 0.181361
0.300000, 0.360000, 0.191606
0.300000, 0.380000, 0.201826
0.300000, 0.400000, 0.213363
0.300000, 0.420000, 0.224232
0.300000, 0.440000, 0.233566
0.300000, 0.460000, 0.244581
0.300000, 0.480000, 0.255862
0.300000, 0.500000, 0.265861
0.300000, 0.520000, 0.276902
0.300000, 0.540000, 0.287481
0.300000, 0.560000, 0.297066
0.300000, 0.580000, 0.307943
0.300000, 0.600000, 0.318747
0.300000, 0.620000, 0.328633
0.300000, 0.640000, 0.338603
0.300000, 0.660000, 0.349757
0.300000, 0.680000, 0.360610
0.300000, 0.700000, 0.370594
0.300000, 0.720000, 0.380655
0.300000, 0.740000, 0.392064
0.300000, 0.760000, 0.401297
0.300000, 0.780000, 0.411574
0.300000, 0.800000, 0.422745
0.300000, 0.820000, 0.432217
0.300000, 0.840000, 0.441872
0.300000, 0.860000, 0.453560
0.300000, 0.880000, 0.462833
0.300000, 0.900000, 0.473023
0.300000, 0.920000, 0.484696
0.300000, 0.940000, 0.493052
0.300000, 0.960000, 0.503787
0.300000, 0.980000, 0.513695
0.300000, 1.000000, 0.523313
0.300000, 1.020000, 0.534228
0.300000, 1.040000, 0.542462
0.300000, 1.060000, 0.553173
0.300000, 1.080000, 0.563460
0.300000, 1.100000, 0.574229
0.300000, 1.120000, 0.584067
0.300000, 1.140000, 0.593609
0.300000, 1.160000, 0.603348
0.300000, 1.180000, 0.612724
0.300000, 1.200000, 0.623130
0.300000, 1.220000, 0.633141
0.300000, 1.240000, 0.643130
0.300000, 1.260000, 0.652613
0.300000, 1.280000, 0.662000
0.300000, 1.300000, 0.672108
0.300000, 1.320000, 0.680765
0.300000, 1.340000, 0.690896
0.300000, 1.360000, 0.701023
0.300000, 1.380000, 0.710196
0.300000, 1.400000, 0.720324
0.300000, 1.420000, 0.729604
0.300000, 1.440000, 0.738422
0.300000, 1.460000, 0.748024
0.300000, 1.480000, 0.757987
0.300000, 1.500000, 0.768061
0.300000, 1.520000, 0.777187
0.300000, 1.540000, 0.786235
