0.150000, 0.780000, 0.409751
0.150000, 0.800000, 0.421502
0.150000, 0.820000, 0.430477
0.150000, 0.840000, 0.441272
0.150000, 0.860000, 0.451516
0.150000, 0.880000, 0.460399
0.150000, 0.900000, 0.471790
0.150000, 0.920000, 0.482152
0.150000, 0.940000, 0.491596
0.150000, 0.960000, 0.501805
0.150000, 0.980000, 0.512395
0.150000, 1.000000, 0.522540
0.150000, 1.020000, 0.531646
0.150000, 1.040000, 0.542531
0.150000, 1.060000, 0.552382
0.150000, 1.080000, 0.561664
0.150000, 1.100000, 0.572492
0.150000, 1.120000, 0.580477
0.150000, 1.140000, 0.591709
0.150000, 1.160000, 0.601631
0.150000, 1.180000, 0.611741
0.150000, 1.200000, 0.621243
0.150000, 1.220000, 0.630926
0.150000, 1.240000, 0.641093
0.150000, 1.260000, 0.650600
0.150000, 1.280000, 0.660245
0.150000, 1.300000, 0.669935
0.150000, 1.320000, 0.679393
0.150000, 1.340000, 0.689028
0.150000, 1.360000, 0.699695
0.150000, 1.380000, 0.708583
0.150000, 1.400000, 0.718423
0.150000, 1.420000, 0.727577
0.150000, 1.440000, 0.737278
0.150000, 1.460000, 0.746346
0.150000, 1.480000, 0.757465
0.150000, 1.500000, 0.766039
0.150000, 1.520000, 0.775283
0.150000, 1.540000, 0.784778
0.150000, 1.560000, 0.794408
0.150000, 1.580000, 0.803872
0.150000, 1.600000, 0.813749
0.150000, 1.620000, 0.822884
0.150000, 1.640000, 0.831948
0.150000, 1.660000, 0.842271
0.150000, 1.680000, 0.850690
0.150000, 1.700000, 0.860640
0.150000, 1.720000, 0.869803
0.150000, 1.740000, 0.879102
0.150000, 1.760000, 0.888594
0.150000, 1.780000, 0.897754
0.150000, 1.800000, 0.906923
0.150000, 1.820000, 0.916253
0.150000, 1.840000, 0.925379
0.150000, 1.860000, 0.934840
0.150000, 1.880000, 0.944319
0.150000, 1.900000, 0.953357
0.150000, 1.920000, 0.962873
0.150000, 1.940000, 0.971858
0.150000, 1.960000, 0.981338
0.150000, 1.980000, 0.990788
0.150000, 2.000000, 1.000000
0.180000, 0.000000, 0.000000
0.180000, 0.020000, 0.010809
0.180000, 0.040000, 0.021133
0.180000, 0.060000, 0.031980
0.180000, 0.080000, 0.042476
0.180000, 0.100000, 0.053223
0.180000, 0.120000, 0.064101
0.180000, 0.140000, 0.075159
0.180000, 0.160000, 0.084976
0.180000, 0.180000, 0.095892
0.180000, 0.200000, 0.106565
0.180000, 0.220000, 0.117431
0.180000, 0.240000, 0.127570
0.180000, 0.260000, 0.138115
0.180000, 0.280000, 0.148943
0.180000, 0.300000, 0.159860
0.180000, 0.320000, 0.170417
0.180000, 0.340000, 0.180252
0.180000, 0.360000, 0.191352
0.180000, 0.380000, 0.202379
0.180000, 0.400000, 0.212710
0.180000, 0.420000, 0.222860
0.180000, 0.440000, 0.233765
0.180000, 0.460000, 0.243874
0.180000, 0.480000, 0.253853
0.180000, 0.500000, 0.266054
0.180000, 0.520000, 0.275900
0.180000, 0.540000, 0.286323
0.180000, 0.560000, 0.297142
0.180000, 0.580000, 0.307048
0.180000, 0.600000, 0.318124
0.180000, 0.620000, 0.327080
0.180000, 0.640000, 0.339163
0.180000, 0.660000, 0.348357
0.180000, 0.680000, 0.357978
0.180000, 0.700000, 0.369933
0.180000, 0.720000, 0.379852
0.180000, 0.740000, 0.388905
0.180000, 0.760000, 0.399862
0.180000, 0.780000, 0.410848
0.180000, 0.800000, 0.421077
0.180000, 0.820000, 0.431091
0.180000, 0.840000, 0.441480
0.180000, 0.860000, 0.452056
0.180000, 0.880000, 0.461794
0.180000, 0.900000, 0.471656
0.180000, 0.920000, 0.482065
0.180000, 0.940000, 0.492835
0.180000, 0.960000, 0.502691
0.180000, 0.980000, 0.511464
0.180000, 1.000000, 0.522823
0.180000, 1.020000, 0.532788
0.180000, 1.040000, 0.541935
0.180000, 1.060000, 0.551725
0.180000, 1.080000, 0.561837
0.180000, 1.100000, 0.573247
0.180000, 1.120000, 0.580929
0.180000, 1.140000, 0.592414
0.180000, 1.160000, 0.601074
0.180000, 1.180000, 0.611889
0.180000, 1.200000, 0.621860
0.180000, 1.220000, 0.631542
0.180000, 1.240000, 0.641451
0.180000, 1.260000, 0.650880
0.180000, 1.280000, 0.660339
0.180000, 1.300000, 0.670357
0.180000, 1.320000, 0.679942
0.180000, 1.340000, 0.689403
0.180000, 1.360000, 0.699798
0.180000, 1.380000, 0.708604
0.180000, 1.400000, 0.718708
0.180000, 1.420000, 0.728543
0.180000, 1.440000, 0.738270
0.180000, 1.460000, 0.747468
