1.230000, 1.500000, 0.815045
1.230000, 1.520000, 0.822457
1.230000, 1.540000, 0.830780
1.230000, 1.560000, 0.838316
1.230000, 1.580000, 0.846194
1.230000, 1.600000, 0.854098
1.230000, 1.620000, 0.862380
1.230000, 1.640000, 0.869532
1.230000, 1.660000, 0.876768
1.230000, 1.680000, 0.884632
1.230000, 1.700000, 0.892265
1.230000, 1.720000, 0.899610
1.230000, 1.740000, 0.907259
1.230000, 1.760000, 0.914011
1.230000, 1.780000, 0.921788
1.230000, 1.800000, 0.929112
1.230000, 1.820000, 0.935964
1.230000, 1.840000, 0.942988
1.230000, 1.860000, 0.950572
1.230000, 1.880000, 0.957303
1.230000, 1.900000, 0.964473
1.230000, 1.920000, 0.971608
1.230000, 1.940000, 0.979098
1.230000, 1.960000, 0.985977
1.230000, 1.980000, 0.992875
1.230000, 2.000000, 1.000000
1.260000, 0.000000, 0.000000
1.260000, 0.020000, 0.011633
1.260000, 0.040000, 0.022980
1.260000, 0.060000, 0.034754
1.260000, 0.080000, 0.045809
1.260000, 0.100000, 0.057407
1.260000, 0.120000, 0.069504
1.260000, 0.140000, 0.080801
1.260000, 0.160000, 0.092233
1.260000, 0.180000, 0.103916
1.260000, 0.200000, 0.114912
1.260000, 0.220000, 0.127140
1.260000, 0.240000, 0.138520
1.260000, 0.260000, 0.150651
1.260000, 0.280000, 0.161671
1.260000, 0.300000, 0.173504
1.260000, 0.320000, 0.185122
1.260000, 0.340000, 0.196368
1.260000, 0.360000, 0.208834
1.260000, 0.380000, 0.220118
1.260000, 0.400000, 0.232506
1.260000, 0.420000, 0.244241
1.260000, 0.440000, 0.256447
1.260000, 0.460000, 0.266650
1.260000, 0.480000, 0.279780
1.260000, 0.500000, 0.291784
1.260000, 0.520000, 0.302551
1.260000, 0.540000, 0.314073
1.260000, 0.560000, 0.326599
1.260000, 0.580000, 0.338500
1.260000, 0.600000, 0.350269
1.260000, 0.620000, 0.360883
1.260000, 0.640000, 0.373228
1.260000, 0.660000, 0.385654
1.260000, 0.680000, 0.397812
1.260000, 0.700000, 0.409002
1.260000, 0.720000, 0.420825
1.260000, 0.740000, 0.431477
1.260000, 0.760000, 0.443917
1.260000, 0.780000, 0.456496
1.260000, 0.800000, 0.467175
1.260000, 0.820000, 0.478133
1.260000, 0.840000, 0.490962
1.260000, 0.860000, 0.501757
1.260000, 0.880000, 0.512795
1.260000, 0.900000, 0.524375
1.260000, 0.920000, 0.536208
1.260000, 0.940000, 0.546038
1.260000, 0.960000, 0.557461
1.260000, 0.980000, 0.568746
1.260000, 1.000000, 0.580925
1.260000, 1.020000, 0.590776
1.260000, 1.040000, 0.602559
1.260000, 1.060000, 0.612944
1.260000, 1.080000, 0.623871
1.260000, 1.100000, 0.633647
1.260000, 1.120000, 0.644158
1.260000, 1.140000, 0.654302
1.260000, 1.160000, 0.664218
1.260000, 1.180000, 0.674198
1.260000, 1.200000, 0.684852
1.260000, 1.220000, 0.693674
1.260000, 1.240000, 0.703581
1.260000, 1.260000, 0.713115
1.260000, 1.280000, 0.721630
1.260000, 1.300000, 0.731181
1.260000, 1.320000, 0.740068
1.260000, 1.340000, 0.750157
1.260000, 1.360000, 0.758230
1.260000, 1.380000, 0.767397
1.260000, 1.400000, 0.776352
1.260000, 1.420000, 0.785117
1.260000, 1.440000, 0.793469
1.260000, 1.460000, 0.801149
1.260000, 1.480000, 0.810308
1.260000, 1.500000, 0.818370
1.260000, 1.520000, 0.825438
1.260000, 1.540000, 0.834452
1.260000, 1.560000, 0.841510
1.260000, 1.580000, 0.849180
1.260000, 1.600000, 0.857336
1.260000, 1.620000, 0.865253
1.260000, 1.640000, 0.872716
1.260000, 1.660000, 0.879614
1.260000, 1.680000, 0.888040
1.260000, 1.700000, 0.895236
1.260000, 1.720000, 0.902173
1.260000, 1.740000, 0.908618
1.260000, 1.760000, 0.916209
1.260000, 1.780000, 0.922775
1.260000, 1.800000, 0.930632
1.260000, 1.820000, 0.937306
1.260000, 1.840000, 0.944427
1.260000, 1.860000, 0.951616
1.260000, 1.880000, 0.958628
1.260000, 1.900000, 0.965680
1.260000, 1.920000, 0.972467
1.260000, 1.940000, 0.979607
1.260000, 1.960000, 0.986257
1.260000, 1.980000, 0.993155
1.260000, 2.000000, 1.000000
1.290000, 0.000000, 0.000000
1.290000, 0.020000, 0.011573
1.290000, 0.040000, 0.022808
1.290000, 0.060000, 0.034759
1.290000, 0.080000, 0.046051
1.290000, 0.100000, 0.057785
1.290000, 0.120000, 0.069339
1.290000, 0.140000, 0.081235
1.290000, 0.160000, 0.093091
