1.940000, 1.000500, 0.798793
1.940000, 1.010600, 0.817485
1.940000, 1.020700, 0.834805
1.940000, 1.030800, 0.851432
1.940000, 1.040900, 0.864264
1.940000, 1.051000, 0.876300
1.940000, 1.061100, 0.886025
1.940000, 1.071200, 0.894614
1.940000, 1.081300, 0.902302
1.940000, 1.091400, 0.908554
1.940000, 1.101500, 0.914255
1.940000, 1.111600, 0.919773
1.940000, 1.121700, 0.924272
1.940000, 1.131800, 0.927813
1.940000, 1.141900, 0.931610
1.940000, 1.152000, 0.934656
1.940000, 1.162100, 0.937809
1.950000, 0.960100, 0.719075
1.950000, 0.970200, 0.739947
1.950000, 0.980300, 0.763202
1.950000, 0.990400, 0.786510
1.950000, 1.000500, 0.809767
1.950000, 1.010600, 0.831259
1.950000, 1.020700, 0.850855
1.950000, 1.030800, 0.866726
1.950000, 1.040900, 0.880832
1.950000, 1.051000, 0.891959
1.950000, 1.061100, 0.901996
1.950000, 1.071200, 0.909702
1.950000, 1.081300, 0.916374
1.950000, 1.091400, 0.922259
1.950000, 1.101500, 0.927576
1.950000, 1.111600, 0.931697
1.950000, 1.121700, 0.935812
1.950000, 1.131800, 0.939160
1.950000, 1.141900, 0.941995
1.950000, 1.152000, 0.945057
1.950000, 1.162100, 0.947366
1.960000, 0.960100, 0.718202
1.960000, 0.970200, 0.741777
1.960000, 0.980300, 0.768433
1.960000, 0.990400, 0.795532
1.960000, 1.000500, 0.822433
1.960000, 1.010600, 0.846824
1.960000, 1.020700, 0.868283
1.960000, 1.030800, 0.885662
1.960000, 1.040900, 0.899622
1.960000, 1.051000, 0.910323
1.960000, 1.061100, 0.918870
1.960000, 1.071200, 0.925604
1.960000, 1.081300, 0.932219
1.960000, 1.091400, 0.936980
1.960000, 1.101500, 0.940864
1.960000, 1.111600, 0.945083
1.960000, 1.121700, 0.948034
1.960000, 1.131800, 0.950335
1.960000, 1.141900, 0.953347
1.960000, 1.152000, 0.956146
1.960000, 1.162100, 0.957649
1.970000, 0.960100, 0.715984
1.970000, 0.970200, 0.741908
1.970000, 0.980300, 0.771794
1.970000, 0.990400, 0.804266
1.970000, 1.000500, 0.836930
1.970000, 1.010600, 0.866893
1.970000, 1.020700, 0.890380
1.970000, 1.030800, 0.907821
1.970000, 1.040900, 0.919921
1.970000, 1.051000, 0.929751
1.970000, 1.061100, 0.937184
1.970000, 1.071200, 0.942632
1.970000, 1.081300, 0.947940
1.970000, 1.091400, 0.951932
1.970000, 1.101500, 0.955113
1.970000, 1.111600, 0.958109
1.970000, 1.121700, 0.960680
1.970000, 1.131800, 0.962927
1.970000, 1.141900, 0.964937
1.970000, 1.152000, 0.966673
1.970000, 1.162100, 0.968424
1.980000, 0.960100, 0.711104
1.980000, 0.970200, 0.739130
1.980000, 0.980300, 0.771779
1.980000, 0.990400, 0.811879
1.980000, 1.000500, 0.855031
1.980000, 1.010600, 0.892610
1.980000, 1.020700, 0.917759
1.980000, 1.030800, 0.933875
1.980000, 1.040900, 0.944048
1.980000, 1.051000, 0.951540
1.980000, 1.061100, 0.956785
1.980000, 1.071200, 0.961120
1.980000, 1.081300, 0.964630
1.980000, 1.091400, 0.967516
1.980000, 1.101500, 0.969916
1.980000, 1.111600, 0.971468
1.980000, 1.121700, 0.973633
1.980000, 1.131800, 0.975162
1.980000, 1.141900, 0.976419
1.980000, 1.152000, 0.977744
1.980000, 1.162100, 0.979041
1.990000, 0.960100, 0.702630
1.990000, 0.970200, 0.730763
1.990000, 0.980300, 0.765728
1.990000, 0.990400, 0.812782
1.990000, 1.000500, 0.880418
1.990000, 1.010600, 0.932921
1.990000, 1.020700, 0.954530
1.990000, 1.030800, 0.964576
1.990000, 1.040900, 0.971238
1.990000, 1.051000, 0.975220
1.990000, 1.061100, 0.978358
1.990000, 1.071200, 0.980517
1.990000, 1.081300, 0.982022
1.990000, 1.091400, 0.983468
1.990000, 1.101500, 0.984846
1.990000, 1.111600, 0.985846
1.990000, 1.121700, 0.986581
1.990000, 1.131800, 0.987404
1.990000, 1.141900, 0.988306
1.990000, 1.152000, 0.988839
1.990000, 1.162100, 0.989266
2.000000, 0.960100, 0.689929
2.000000, 0.970200, 0.715771
2.000000, 0.980300, 0.747513
2.000000, 0.990400, 0.790449
2.000000, 1.000500, 1.000000
2.000000, 1.010600, 1.000000
2.000000, 1.020700, 1.000000
2.000000, 1.030800, 1.000000
2.000000, 1.040900, 1.000000
2.000000, 1.051000, 1.000000
2.000000, 1.061100, 1.000000
2.000000, 1.071200, 1.000000
2.000000, 1.081300, 1.000000
2.000000, 1.091400, 1.000000
