2.820000, 0.320000, 0.096519
2.820000, 0.340000, 0.101513
2.820000, 0.360000, 0.106802
2.820000, 0.380000, 0.112839
2.820000, 0.400000, 0.117690
2.820000, 0.420000, 0.123320
2.820000, 0.440000, 0.128321
2.820000, 0.460000, 0.132781
2.820000, 0.480000, 0.138252
2.820000, 0.500000, 0.142414
2.820000, 0.520000, 0.147067
2.820000, 0.540000, 0.152132
2.820000, 0.560000, 0.156589
2.820000, 0.580000, 0.159955
2.820000, 0.600000, 0.164316
2.820000, 0.620000, 0.168721
2.820000, 0.640000, 0.172363
2.820000, 0.660000, 0.175538
2.820000, 0.680000, 0.179768
2.820000, 0.700000, 0.183017
2.820000, 0.720000, 0.186064
2.820000, 0.740000, 0.187956
2.820000, 0.760000, 0.191400
2.820000, 0.780000, 0.194345
2.820000, 0.800000, 0.195811
2.820000, 0.820000, 0.197830
2.820000, 0.840000, 0.199370
2.820000, 0.860000, 0.201520
2.820000, 0.880000, 0.203292
2.820000, 0.900000, 0.203792
2.820000, 0.920000, 0.205159
2.820000, 0.940000, 0.206404
2.820000, 0.960000, 0.207117
2.820000, 0.980000, 0.206773
2.820000, 1.000000, 0.206367
2.850000, 0.000000, 0.000000
2.850000, 0.020000, 0.006123
2.850000, 0.040000, 0.012506
2.850000, 0.060000, 0.018496
2.850000, 0.080000, 0.024295
2.850000, 0.100000, 0.030459
2.850000, 0.120000, 0.036507
2.850000, 0.140000, 0.042782
2.850000, 0.160000, 0.048719
2.850000, 0.180000, 0.054671
2.850000, 0.200000, 0.060901
2.850000, 0.220000, 0.066514
2.850000, 0.240000, 0.072465
2.850000, 0.260000, 0.078087
2.850000, 0.280000, 0.083968
2.850000, 0.300000, 0.089646
2.850000, 0.320000, 0.095393
2.850000, 0.340000, 0.100571
2.850000, 0.360000, 0.106085
2.850000, 0.380000, 0.111117
2.850000, 0.400000, 0.116735
2.850000, 0.420000, 0.121753
2.850000, 0.440000, 0.126755
2.850000, 0.460000, 0.131861
2.850000, 0.480000, 0.135994
2.850000, 0.500000, 0.141254
2.850000, 0.520000, 0.145975
2.850000, 0.540000, 0.150788
2.850000, 0.560000, 0.154543
2.850000, 0.580000, 0.159634
2.850000, 0.600000, 0.162481
2.850000, 0.620000, 0.166529
2.850000, 0.640000, 0.170163
2.850000, 0.660000, 0.173443
2.850000, 0.680000, 0.176686
2.850000, 0.700000, 0.180336
2.850000, 0.720000, 0.182843
2.850000, 0.740000, 0.186106
2.850000, 0.760000, 0.188910
2.850000, 0.780000, 0.191645
2.850000, 0.800000, 0.193242
2.850000, 0.820000, 0.195856
2.850000, 0.840000, 0.197036
2.850000, 0.860000, 0.198682
2.850000, 0.880000, 0.200342
2.850000, 0.900000, 0.201994
2.850000, 0.920000, 0.202853
2.850000, 0.940000, 0.203945
2.850000, 0.960000, 0.204202
2.850000, 0.980000, 0.204870
2.850000, 1.000000, 0.204376
2.880000, 0.000000, 0.000000
2.880000, 0.020000, 0.006111
2.880000, 0.040000, 0.012041
2.880000, 0.060000, 0.018451
2.880000, 0.080000, 0.024499
2.880000, 0.100000, 0.030493
2.880000, 0.120000, 0.036636
2.880000, 0.140000, 0.042682
2.880000, 0.160000, 0.048595
2.880000, 0.180000, 0.053821
2.880000, 0.200000, 0.059936
2.880000, 0.220000, 0.066408
2.880000, 0.240000, 0.071886
2.880000, 0.260000, 0.077660
2.880000, 0.280000, 0.083826
2.880000, 0.300000, 0.088989
2.880000, 0.320000, 0.094529
2.880000, 0.340000, 0.100115
2.880000, 0.360000, 0.105261
2.880000, 0.380000, 0.110489
2.880000, 0.400000, 0.115465
2.880000, 0.420000, 0.120595
2.880000, 0.440000, 0.125793
2.880000, 0.460000, 0.130781
2.880000, 0.480000, 0.134961
2.880000, 0.500000, 0.139415
2.880000, 0.520000, 0.144846
2.880000, 0.540000, 0.148806
2.880000, 0.560000, 0.153794
2.880000, 0.580000, 0.157744
2.880000, 0.600000, 0.161386
2.880000, 0.620000, 0.165104
2.880000, 0.640000, 0.169079
2.880000, 0.660000, 0.171949
2.880000, 0.680000, 0.175335
2.880000, 0.700000, 0.179187
2.880000, 0.720000, 0.182362
2.880000, 0.740000, 0.184363
2.880000, 0.760000, 0.187653
2.880000, 0.780000, 0.188918
2.880000, 0.800000, 0.191590
2.880000, 0.820000, 0.193930
2.880000, 0.840000, 0.195722
2.880000, 0.860000, 0.197466
2.880000, 0.880000, 0.197907
2.880000, 0.900000, 0.199989
2.880000, 0.920000, 0.200760
2.880000, 0.940000, 0.201208
2.880000, 0.960000, 0.202093
2.880000, 0.980000, 0.202614
