1.920000, 1.280000, 0.946939
1.920000, 1.300000, 0.949647
1.920000, 1.320000, 0.952790
1.920000, 1.340000, 0.955558
1.920000, 1.360000, 0.958154
1.920000, 1.380000, 0.960465
1.920000, 1.400000, 0.962531
1.920000, 1.420000, 0.964693
1.920000, 1.440000, 0.966408
1.920000, 1.460000, 0.968115
1.920000, 1.480000, 0.969971
1.920000, 1.500000, 0.971411
1.920000, 1.520000, 0.973185
1.920000, 1.540000, 0.974440
1.920000, 1.560000, 0.975860
1.920000, 1.580000, 0.977237
1.920000, 1.600000, 0.978665
1.920000, 1.620000, 0.980054
1.920000, 1.640000, 0.981173
1.920000, 1.660000, 0.982305
1.920000, 1.680000, 0.983611
1.920000, 1.700000, 0.984805
1.920000, 1.720000, 0.986163
1.920000, 1.740000, 0.986985
1.920000, 1.760000, 0.987854
1.920000, 1.780000, 0.989200
1.920000, 1.800000, 0.990184
1.920000, 1.820000, 0.991224
1.920000, 1.840000, 0.992187
1.920000, 1.860000, 0.993219
1.920000, 1.880000, 0.994242
1.920000, 1.900000, 0.995178
1.920000, 1.920000, 0.996163
1.920000, 1.940000, 0.997154
1.920000, 1.960000, 0.998038
1.920000, 1.980000, 0.999105
1.920000, 2.000000, 1.000000
1.950000, 0.000000, 0.000000
1.950000, 0.020000, 0.010606
1.950000, 0.040000, 0.021172
1.950000, 0.060000, 0.031946
1.950000, 0.080000, 0.042654
1.950000, 0.100000, 0.053200
1.950000, 0.120000, 0.063679
1.950000, 0.140000, 0.074565
1.950000, 0.160000, 0.084746
1.950000, 0.180000, 0.095915
1.950000, 0.200000, 0.106606
1.950000, 0.220000, 0.116912
1.950000, 0.240000, 0.128917
1.950000, 0.260000, 0.139437
1.950000, 0.280000, 0.150407
1.950000, 0.300000, 0.161937
1.950000, 0.320000, 0.172981
1.950000, 0.340000, 0.183673
1.950000, 0.360000, 0.195051
1.950000, 0.380000, 0.207145
1.950000, 0.400000, 0.217492
1.950000, 0.420000, 0.229396
1.950000, 0.440000, 0.241143
1.950000, 0.460000, 0.252769
1.950000, 0.480000, 0.265514
1.950000, 0.500000, 0.278290
1.950000, 0.520000, 0.290732
1.950000, 0.540000, 0.302850
1.950000, 0.560000, 0.316116
1.950000, 0.580000, 0.328994
1.950000, 0.600000, 0.341923
1.950000, 0.620000, 0.355559
1.950000, 0.640000, 0.368995
1.950000, 0.660000, 0.384355
1.950000, 0.680000, 0.398655
1.950000, 0.700000, 0.412941
1.950000, 0.720000, 0.429560
1.950000, 0.740000, 0.445907
1.950000, 0.760000, 0.462382
1.950000, 0.780000, 0.480122
1.950000, 0.800000, 0.498323
1.950000, 0.820000, 0.518340
1.950000, 0.840000, 0.539564
1.950000, 0.860000, 0.563000
1.950000, 0.880000, 0.586858
1.950000, 0.900000, 0.612351
1.950000, 0.920000, 0.644462
1.950000, 0.940000, 0.678471
1.950000, 0.960000, 0.718122
1.950000, 0.980000, 0.761492
1.950000, 1.000000, 0.808713
1.950000, 1.020000, 0.850128
1.950000, 1.040000, 0.879908
1.950000, 1.060000, 0.901019
1.950000, 1.080000, 0.916053
1.950000, 1.100000, 0.926331
1.950000, 1.120000, 0.935267
1.950000, 1.140000, 0.941968
1.950000, 1.160000, 0.946672
1.950000, 1.180000, 0.951525
1.950000, 1.200000, 0.955025
1.950000, 1.220000, 0.958853
1.950000, 1.240000, 0.961437
1.950000, 1.260000, 0.964032
1.950000, 1.280000, 0.966342
1.950000, 1.300000, 0.968447
1.950000, 1.320000, 0.970727
1.950000, 1.340000, 0.971687
1.950000, 1.360000, 0.973526
1.950000, 1.380000, 0.974937
1.950000, 1.400000, 0.976224
1.950000, 1.420000, 0.977487
1.950000, 1.440000, 0.978800
1.950000, 1.460000, 0.980008
1.950000, 1.480000, 0.981090
1.950000, 1.500000, 0.982157
1.950000, 1.520000, 0.982939
1.950000, 1.540000, 0.984005
1.950000, 1.560000, 0.985098
1.950000, 1.580000, 0.985685
1.950000, 1.600000, 0.986720
1.950000, 1.620000, 0.987360
1.950000, 1.640000, 0.988215
1.950000, 1.660000, 0.988828
1.950000, 1.680000, 0.989696
1.950000, 1.700000, 0.990575
1.950000, 1.720000, 0.991070
1.950000, 1.740000, 0.991879
1.950000, 1.760000, 0.992615
1.950000, 1.780000, 0.993130
1.950000, 1.800000, 0.993815
1.950000, 1.820000, 0.994489
1.950000, 1.840000, 0.995184
1.950000, 1.860000, 0.995897
1.950000, 1.880000, 0.996473
1.950000, 1.900000, 0.996985
1.950000, 1.920000, 0.997611
1.950000, 1.940000, 0.998258
1.950000, 1.960000, 0.998844
