2.580000, 0.320000, 0.109920
2.580000, 0.340000, 0.115906
2.580000, 0.360000, 0.122851
2.580000, 0.380000, 0.129419
2.580000, 0.400000, 0.135183
2.580000, 0.420000, 0.141592
2.580000, 0.440000, 0.148372
2.580000, 0.460000, 0.153973
2.580000, 0.480000, 0.160072
2.580000, 0.500000, 0.165731
2.580000, 0.520000, 0.172085
2.580000, 0.540000, 0.176758
2.580000, 0.560000, 0.182312
2.580000, 0.580000, 0.186729
2.580000, 0.600000, 0.192585
2.580000, 0.620000, 0.197452
2.580000, 0.640000, 0.201845
2.580000, 0.660000, 0.206921
2.580000, 0.680000, 0.211505
2.580000, 0.700000, 0.215294
2.580000, 0.720000, 0.219158
2.580000, 0.740000, 0.223112
2.580000, 0.760000, 0.226543
2.580000, 0.780000, 0.229778
2.580000, 0.800000, 0.233040
2.580000, 0.820000, 0.235646
2.580000, 0.840000, 0.238578
2.580000, 0.860000, 0.241177
2.580000, 0.880000, 0.242763
2.580000, 0.900000, 0.243561
2.580000, 0.920000, 0.246061
2.580000, 0.940000, 0.245385
2.580000, 0.960000, 0.247149
2.580000, 0.980000, 0.248182
2.580000, 1.000000, 0.246976
2.610000, 0.000000, 0.000000
2.610000, 0.020000, 0.006788
2.610000, 0.040000, 0.014174
2.610000, 0.060000, 0.020494
2.610000, 0.080000, 0.027718
2.610000, 0.100000, 0.034413
2.610000, 0.120000, 0.041299
2.610000, 0.140000, 0.047984
2.610000, 0.160000, 0.055158
2.610000, 0.180000, 0.061342
2.610000, 0.200000, 0.068410
2.610000, 0.220000, 0.074861
2.610000, 0.240000, 0.082022
2.610000, 0.260000, 0.088445
2.610000, 0.280000, 0.094518
2.610000, 0.300000, 0.101737
2.610000, 0.320000, 0.107513
2.610000, 0.340000, 0.114257
2.610000, 0.360000, 0.119841
2.610000, 0.380000, 0.127041
2.610000, 0.400000, 0.133595
2.610000, 0.420000, 0.138509
2.610000, 0.440000, 0.144531
2.610000, 0.460000, 0.151050
2.610000, 0.480000, 0.155715
2.610000, 0.500000, 0.161805
2.610000, 0.520000, 0.166776
2.610000, 0.540000, 0.172955
2.610000, 0.560000, 0.178336
2.610000, 0.580000, 0.183639
2.610000, 0.600000, 0.187513
2.610000, 0.620000, 0.192792
2.610000, 0.640000, 0.197313
2.610000, 0.660000, 0.201262
2.610000, 0.680000, 0.206072
2.610000, 0.700000, 0.209914
2.610000, 0.720000, 0.213594
2.610000, 0.740000, 0.216798
2.610000, 0.760000, 0.220030
2.610000, 0.780000, 0.224187
2.610000, 0.800000, 0.226763
2.610000, 0.820000, 0.228828
2.610000, 0.840000, 0.231070
2.610000, 0.860000, 0.234079
2.610000, 0.880000, 0.235560
2.610000, 0.900000, 0.237287
2.610000, 0.920000, 0.239024
2.610000, 0.940000, 0.240061
2.610000, 0.960000, 0.240154
2.610000, 0.980000, 0.240781
2.610000, 1.000000, 0.240797
2.640000, 0.000000, 0.000000
2.640000, 0.020000, 0.006769
2.640000, 0.040000, 0.013575
2.640000, 0.060000, 0.020459
2.640000, 0.080000, 0.027139
2.640000, 0.100000, 0.033896
2.640000, 0.120000, 0.040478
2.640000, 0.140000, 0.047421
2.640000, 0.160000, 0.054329
2.640000, 0.180000, 0.060597
2.640000, 0.200000, 0.066717
2.640000, 0.220000, 0.074107
2.640000, 0.240000, 0.080045
2.640000, 0.260000, 0.086278
2.640000, 0.280000, 0.093002
2.640000, 0.300000, 0.099085
2.640000, 0.320000, 0.105453
2.640000, 0.340000, 0.111682
2.640000, 0.360000, 0.117988
2.640000, 0.380000, 0.123578
2.640000, 0.400000, 0.129719
2.640000, 0.420000, 0.136106
2.640000, 0.440000, 0.141424
2.640000, 0.460000, 0.147370
2.640000, 0.480000, 0.153128
2.640000, 0.500000, 0.157907
2.640000, 0.520000, 0.163633
2.640000, 0.540000, 0.168641
2.640000, 0.560000, 0.173586
2.640000, 0.580000, 0.178468
2.640000, 0.600000, 0.183639
2.640000, 0.620000, 0.188209
2.640000, 0.640000, 0.192386
2.640000, 0.660000, 0.196080
2.640000, 0.680000, 0.200717
2.640000, 0.700000, 0.204830
2.640000, 0.720000, 0.207803
2.640000, 0.740000, 0.211976
2.640000, 0.760000, 0.215137
2.640000, 0.780000, 0.217920
2.640000, 0.800000, 0.220855
2.640000, 0.820000, 0.223413
2.640000, 0.840000, 0.225626
2.640000, 0.860000, 0.226625
2.640000, 0.880000, 0.230057
2.640000, 0.900000, 0.229969
2.640000, 0.920000, 0.232370
2.640000, 0.940000, 0.232718
2.640000, 0.960000, 0.234241
2.640000, 0.980000, 0.233555
