0.240000, 0.160000, 0.084826
0.240000, 0.180000, 0.096185
0.240000, 0.200000, 0.106506
0.240000, 0.220000, 0.117422
0.240000, 0.240000, 0.127676
0.240000, 0.260000, 0.138389
0.240000, 0.280000, 0.148521
0.240000, 0.300000, 0.159838
0.240000, 0.320000, 0.170045
0.240000, 0.340000, 0.180749
0.240000, 0.360000, 0.191253
0.240000, 0.380000, 0.202519
0.240000, 0.400000, 0.212731
0.240000, 0.420000, 0.223531
0.240000, 0.440000, 0.233703
0.240000, 0.460000, 0.244149
0.240000, 0.480000, 0.254155
0.240000, 0.500000, 0.265859
0.240000, 0.520000, 0.276851
0.240000, 0.540000, 0.286041
0.240000, 0.560000, 0.296221
0.240000, 0.580000, 0.307382
0.240000, 0.600000, 0.317773
0.240000, 0.620000, 0.328093
0.240000, 0.640000, 0.338391
0.240000, 0.660000, 0.349199
0.240000, 0.680000, 0.359430
0.240000, 0.700000, 0.368562
0.240000, 0.720000, 0.380494
0.240000, 0.740000, 0.390903
0.240000, 0.760000, 0.401113
0.240000, 0.780000, 0.411904
0.240000, 0.800000, 0.420571
0.240000, 0.820000, 0.431520
0.240000, 0.840000, 0.442322
0.240000, 0.860000, 0.451409
0.240000, 0.880000, 0.461842
0.240000, 0.900000, 0.472216
0.240000, 0.920000, 0.483218
0.240000, 0.940000, 0.492926
0.240000, 0.960000, 0.503394
0.240000, 0.980000, 0.513097
0.240000, 1.000000, 0.523657
0.240000, 1.020000, 0.533173
0.240000, 1.040000, 0.542694
0.240000, 1.060000, 0.552312
0.240000, 1.080000, 0.563302
0.240000, 1.100000, 0.573525
0.240000, 1.120000, 0.582821
0.240000, 1.140000, 0.592083
0.240000, 1.160000, 0.602390
0.240000, 1.180000, 0.611622
0.240000, 1.200000, 0.621929
0.240000, 1.220000, 0.631465
0.240000, 1.240000, 0.641189
0.240000, 1.260000, 0.652170
0.240000, 1.280000, 0.661068
0.240000, 1.300000, 0.670435
0.240000, 1.320000, 0.680358
0.240000, 1.340000, 0.690233
0.240000, 1.360000, 0.700236
0.240000, 1.380000, 0.709760
0.240000, 1.400000, 0.718907
0.240000, 1.420000, 0.728720
0.240000, 1.440000, 0.738017
0.240000, 1.460000, 0.748290
0.240000, 1.480000, 0.757410
0.240000, 1.500000, 0.766702
0.240000, 1.520000, 0.776907
0.240000, 1.540000, 0.786044
0.240000, 1.560000, 0.795067
0.240000, 1.580000, 0.804934
0.240000, 1.600000, 0.814384
0.240000, 1.620000, 0.823354
0.240000, 1.640000, 0.833433
0.240000, 1.660000, 0.842909
0.240000, 1.680000, 0.852032
0.240000, 1.700000, 0.860261
0.240000, 1.720000, 0.869888
0.240000, 1.740000, 0.879180
0.240000, 1.760000, 0.888724
0.240000, 1.780000, 0.897975
0.240000, 1.800000, 0.907646
0.240000, 1.820000, 0.916835
0.240000, 1.840000, 0.925710
0.240000, 1.860000, 0.935112
0.240000, 1.880000, 0.944851
0.240000, 1.900000, 0.953429
0.240000, 1.920000, 0.963027
0.240000, 1.940000, 0.972399
0.240000, 1.960000, 0.981417
0.240000, 1.980000, 0.990841
0.240000, 2.000000, 1.000000
0.270000, 0.000000, 0.000000
0.270000, 0.020000, 0.010707
0.270000, 0.040000, 0.021336
0.270000, 0.060000, 0.031673
0.270000, 0.080000, 0.042806
0.270000, 0.100000, 0.053674
0.270000, 0.120000, 0.063953
0.270000, 0.140000, 0.074790
0.270000, 0.160000, 0.085506
0.270000, 0.180000, 0.096065
0.270000, 0.200000, 0.106558
0.270000, 0.220000, 0.116764
0.270000, 0.240000, 0.127976
0.270000, 0.260000, 0.138381
0.270000, 0.280000, 0.149039
0.270000, 0.300000, 0.159573
0.270000, 0.320000, 0.169980
0.270000, 0.340000, 0.181301
0.270000, 0.360000, 0.191134
0.270000, 0.380000, 0.202216
0.270000, 0.400000, 0.213059
0.270000, 0.420000, 0.222989
0.270000, 0.440000, 0.234057
0.270000, 0.460000, 0.244141
0.270000, 0.480000, 0.255276
0.270000, 0.500000, 0.265932
0.270000, 0.520000, 0.275796
0.270000, 0.540000, 0.286389
0.270000, 0.560000, 0.298230
0.270000, 0.580000, 0.308589
0.270000, 0.600000, 0.317256
0.270000, 0.620000, 0.329340
0.270000, 0.640000, 0.339423
0.270000, 0.660000, 0.350156
0.270000, 0.680000, 0.359805
0.270000, 0.700000, 0.370056
0.270000, 0.720000, 0.381013
0.270000, 0.740000, 0.390609
0.270000, 0.760000, 0.400829
0.270000, 0.780000, 0.411769
0.270000, 0.800000, 0.421651
0.270000, 0.820000, 0.432241
0.270000, 0.840000, 0.442400
