0.840000, 0.560000, 0.309128
0.840000, 0.580000, 0.320069
0.840000, 0.600000, 0.331402
0.840000, 0.620000, 0.341809
0.840000, 0.640000, 0.353047
0.840000, 0.660000, 0.363696
0.840000, 0.680000, 0.375459
0.840000, 0.700000, 0.384957
0.840000, 0.720000, 0.396971
0.840000, 0.740000, 0.406473
0.840000, 0.760000, 0.416680
0.840000, 0.780000, 0.427979
0.840000, 0.800000, 0.437857
0.840000, 0.820000, 0.449615
0.840000, 0.840000, 0.460611
0.840000, 0.860000, 0.470299
0.840000, 0.880000, 0.480411
0.840000, 0.900000, 0.491652
0.840000, 0.920000, 0.501688
0.840000, 0.940000, 0.512056
0.840000, 0.960000, 0.521985
0.840000, 0.980000, 0.532271
0.840000, 1.000000, 0.543754
0.840000, 1.020000, 0.552638
0.840000, 1.040000, 0.563365
0.840000, 1.060000, 0.574259
0.840000, 1.080000, 0.583464
0.840000, 1.100000, 0.593171
0.840000, 1.120000, 0.603389
0.840000, 1.140000, 0.613110
0.840000, 1.160000, 0.623947
0.840000, 1.180000, 0.632828
0.840000, 1.200000, 0.643073
0.840000, 1.220000, 0.651763
0.840000, 1.240000, 0.662167
0.840000, 1.260000, 0.671924
0.840000, 1.280000, 0.682127
0.840000, 1.300000, 0.691546
0.840000, 1.320000, 0.700672
0.840000, 1.340000, 0.710010
0.840000, 1.360000, 0.719641
0.840000, 1.380000, 0.727939
0.840000, 1.400000, 0.738012
0.840000, 1.420000, 0.746431
0.840000, 1.440000, 0.756953
0.840000, 1.460000, 0.765570
0.840000, 1.480000, 0.774609
0.840000, 1.500000, 0.783307
0.840000, 1.520000, 0.793407
0.840000, 1.540000, 0.801884
0.840000, 1.560000, 0.809524
0.840000, 1.580000, 0.818998
0.840000, 1.600000, 0.828840
0.840000, 1.620000, 0.836796
0.840000, 1.640000, 0.845264
0.840000, 1.660000, 0.853670
0.840000, 1.680000, 0.863687
0.840000, 1.700000, 0.871521
0.840000, 1.720000, 0.880365
0.840000, 1.740000, 0.889203
0.840000, 1.760000, 0.898276
0.840000, 1.780000, 0.906618
0.840000, 1.800000, 0.915266
0.840000, 1.820000, 0.923727
0.840000, 1.840000, 0.931750
0.840000, 1.860000, 0.940351
0.840000, 1.880000, 0.949135
0.840000, 1.900000, 0.957997
0.840000, 1.920000, 0.966224
0.840000, 1.940000, 0.974539
0.840000, 1.960000, 0.983259
0.840000, 1.980000, 0.991570
0.840000, 2.000000, 1.000000
0.870000, 0.000000, 0.000000
0.870000, 0.020000, 0.011074
0.870000, 0.040000, 0.022314
0.870000, 0.060000, 0.033378
0.870000, 0.080000, 0.044334
0.870000, 0.100000, 0.055196
0.870000, 0.120000, 0.066508
0.870000, 0.140000, 0.077396
0.870000, 0.160000, 0.088595
0.870000, 0.180000, 0.099737
0.870000, 0.200000, 0.111621
0.870000, 0.220000, 0.121916
0.870000, 0.240000, 0.132771
0.870000, 0.260000, 0.144377
0.870000, 0.280000, 0.155884
0.870000, 0.300000, 0.166908
0.870000, 0.320000, 0.177998
0.870000, 0.340000, 0.189912
0.870000, 0.360000, 0.200401
0.870000, 0.380000, 0.210955
0.870000, 0.400000, 0.221897
0.870000, 0.420000, 0.232920
0.870000, 0.440000, 0.244799
0.870000, 0.460000, 0.255285
0.870000, 0.480000, 0.266255
0.870000, 0.500000, 0.277583
0.870000, 0.520000, 0.288233
0.870000, 0.540000, 0.299512
0.870000, 0.560000, 0.310104
0.870000, 0.580000, 0.320184
0.870000, 0.600000, 0.331968
0.870000, 0.620000, 0.343128
0.870000, 0.640000, 0.354151
0.870000, 0.660000, 0.365267
0.870000, 0.680000, 0.375366
0.870000, 0.700000, 0.386224
0.870000, 0.720000, 0.397716
0.870000, 0.740000, 0.408457
0.870000, 0.760000, 0.418940
0.870000, 0.780000, 0.429756
0.870000, 0.800000, 0.440574
0.870000, 0.820000, 0.450647
0.870000, 0.840000, 0.461117
0.870000, 0.860000, 0.472613
0.870000, 0.880000, 0.482437
0.870000, 0.900000, 0.493442
0.870000, 0.920000, 0.503400
0.870000, 0.940000, 0.513045
0.870000, 0.960000, 0.524904
0.870000, 0.980000, 0.533586
0.870000, 1.000000, 0.545223
0.870000, 1.020000, 0.555758
0.870000, 1.040000, 0.565811
0.870000, 1.060000, 0.576574
0.870000, 1.080000, 0.586187
0.870000, 1.100000, 0.594759
0.870000, 1.120000, 0.605121
0.870000, 1.140000, 0.615638
0.870000, 1.160000, 0.625815
0.870000, 1.180000, 0.635574
0.870000, 1.200000, 0.645046
0.870000, 1.220000, 0.655162
0.870000, 1.240000, 0.664645
