2.730000, 0.660000, 0.184063
2.730000, 0.680000, 0.188199
2.730000, 0.700000, 0.191906
2.730000, 0.720000, 0.194833
2.730000, 0.740000, 0.197197
2.730000, 0.760000, 0.200660
2.730000, 0.780000, 0.203952
2.730000, 0.800000, 0.206149
2.730000, 0.820000, 0.208237
2.730000, 0.840000, 0.210886
2.730000, 0.860000, 0.211851
2.730000, 0.880000, 0.213512
2.730000, 0.900000, 0.214786
2.730000, 0.920000, 0.215413
2.730000, 0.940000, 0.217368
2.730000, 0.960000, 0.217599
2.730000, 0.980000, 0.218191
2.730000, 1.000000, 0.218181
2.760000, 0.000000, 0.000000
2.760000, 0.020000, 0.006305
2.760000, 0.040000, 0.012871
2.760000, 0.060000, 0.019125
2.760000, 0.080000, 0.025691
2.760000, 0.100000, 0.031890
2.760000, 0.120000, 0.037974
2.760000, 0.140000, 0.044303
2.760000, 0.160000, 0.050469
2.760000, 0.180000, 0.056737
2.760000, 0.200000, 0.063006
2.760000, 0.220000, 0.069020
2.760000, 0.240000, 0.074672
2.760000, 0.260000, 0.080880
2.760000, 0.280000, 0.087226
2.760000, 0.300000, 0.092661
2.760000, 0.320000, 0.099097
2.760000, 0.340000, 0.104960
2.760000, 0.360000, 0.110305
2.760000, 0.380000, 0.115619
2.760000, 0.400000, 0.121086
2.760000, 0.420000, 0.126909
2.760000, 0.440000, 0.131274
2.760000, 0.460000, 0.135984
2.760000, 0.480000, 0.141274
2.760000, 0.500000, 0.146833
2.760000, 0.520000, 0.151849
2.760000, 0.540000, 0.155863
2.760000, 0.560000, 0.161042
2.760000, 0.580000, 0.164973
2.760000, 0.600000, 0.169520
2.760000, 0.620000, 0.174146
2.760000, 0.640000, 0.177587
2.760000, 0.660000, 0.180853
2.760000, 0.680000, 0.185225
2.760000, 0.700000, 0.188118
2.760000, 0.720000, 0.191433
2.760000, 0.740000, 0.194438
2.760000, 0.760000, 0.197215
2.760000, 0.780000, 0.199373
2.760000, 0.800000, 0.202011
2.760000, 0.820000, 0.204842
2.760000, 0.840000, 0.206221
2.760000, 0.860000, 0.208236
2.760000, 0.880000, 0.209404
2.760000, 0.900000, 0.211411
2.760000, 0.920000, 0.211731
2.760000, 0.940000, 0.213323
2.760000, 0.960000, 0.214584
2.760000, 0.980000, 0.214123
2.760000, 1.000000, 0.213974
2.790000, 0.000000, 0.000000
2.790000, 0.020000, 0.006281
2.790000, 0.040000, 0.012593
2.790000, 0.060000, 0.018756
2.790000, 0.080000, 0.024816
2.790000, 0.100000, 0.031281
2.790000, 0.120000, 0.037801
2.790000, 0.140000, 0.044049
2.790000, 0.160000, 0.049419
2.790000, 0.180000, 0.055770
2.790000, 0.200000, 0.061720
2.790000, 0.220000, 0.067980
2.790000, 0.240000, 0.074717
2.790000, 0.260000, 0.079980
2.790000, 0.280000, 0.086037
2.790000, 0.300000, 0.091292
2.790000, 0.320000, 0.097181
2.790000, 0.340000, 0.103218
2.790000, 0.360000, 0.108049
2.790000, 0.380000, 0.114231
2.790000, 0.400000, 0.118858
2.790000, 0.420000, 0.124855
2.790000, 0.440000, 0.129614
2.790000, 0.460000, 0.134120
2.790000, 0.480000, 0.139848
2.790000, 0.500000, 0.144541
2.790000, 0.520000, 0.149231
2.790000, 0.540000, 0.154458
2.790000, 0.560000, 0.158378
2.790000, 0.580000, 0.163179
2.790000, 0.600000, 0.166797
2.790000, 0.620000, 0.171092
2.790000, 0.640000, 0.174309
2.790000, 0.660000, 0.178151
2.790000, 0.680000, 0.181671
2.790000, 0.700000, 0.185069
2.790000, 0.720000, 0.188804
2.790000, 0.740000, 0.191172
2.790000, 0.760000, 0.194176
2.790000, 0.780000, 0.196811
2.790000, 0.800000, 0.199144
2.790000, 0.820000, 0.201193
2.790000, 0.840000, 0.202658
2.790000, 0.860000, 0.204842
2.790000, 0.880000, 0.205732
2.790000, 0.900000, 0.207116
2.790000, 0.920000, 0.207873
2.790000, 0.940000, 0.209313
2.790000, 0.960000, 0.210493
2.790000, 0.980000, 0.209889
2.790000, 1.000000, 0.210440
2.820000, 0.000000, 0.000000
2.820000, 0.020000, 0.006173
2.820000, 0.040000, 0.012443
2.820000, 0.060000, 0.018739
2.820000, 0.080000, 0.024888
2.820000, 0.100000, 0.030644
2.820000, 0.120000, 0.036813
2.820000, 0.140000, 0.043511
2.820000, 0.160000, 0.049021
2.820000, 0.180000, 0.055186
2.820000, 0.200000, 0.061457
2.820000, 0.220000, 0.067440
2.820000, 0.240000, 0.072917
2.820000, 0.260000, 0.079234
2.820000, 0.280000, 0.084895
2.820000, 0.300000, 0.090840
