0.120000, 0.080000, 0.042497
0.120000, 0.100000, 0.053487
0.120000, 0.120000, 0.063702
0.120000, 0.140000, 0.074403
0.120000, 0.160000, 0.085005
0.120000, 0.180000, 0.095828
0.120000, 0.200000, 0.106236
0.120000, 0.220000, 0.117215
0.120000, 0.240000, 0.127530
0.120000, 0.260000, 0.138414
0.120000, 0.280000, 0.149136
0.120000, 0.300000, 0.159122
0.120000, 0.320000, 0.169988
0.120000, 0.340000, 0.180153
0.120000, 0.360000, 0.191482
0.120000, 0.380000, 0.201474
0.120000, 0.400000, 0.212340
0.120000, 0.420000, 0.222641
0.120000, 0.440000, 0.233607
0.120000, 0.460000, 0.243809
0.120000, 0.480000, 0.254137
0.120000, 0.500000, 0.264217
0.120000, 0.520000, 0.275159
0.120000, 0.540000, 0.286183
0.120000, 0.560000, 0.295714
0.120000, 0.580000, 0.306692
0.120000, 0.600000, 0.317831
0.120000, 0.620000, 0.328159
0.120000, 0.640000, 0.337927
0.120000, 0.660000, 0.348020
0.120000, 0.680000, 0.357876
0.120000, 0.700000, 0.368273
0.120000, 0.720000, 0.378837
0.120000, 0.740000, 0.390306
0.120000, 0.760000, 0.399634
0.120000, 0.780000, 0.409290
0.120000, 0.800000, 0.420461
0.120000, 0.820000, 0.430896
0.120000, 0.840000, 0.441238
0.120000, 0.860000, 0.450565
0.120000, 0.880000, 0.461271
0.120000, 0.900000, 0.471281
0.120000, 0.920000, 0.481808
0.120000, 0.940000, 0.491705
0.120000, 0.960000, 0.501504
0.120000, 0.980000, 0.512173
0.120000, 1.000000, 0.522180
0.120000, 1.020000, 0.531802
0.120000, 1.040000, 0.542187
0.120000, 1.060000, 0.551399
0.120000, 1.080000, 0.561217
0.120000, 1.100000, 0.571571
0.120000, 1.120000, 0.582145
0.120000, 1.140000, 0.591360
0.120000, 1.160000, 0.601258
0.120000, 1.180000, 0.611206
0.120000, 1.200000, 0.620610
0.120000, 1.220000, 0.631606
0.120000, 1.240000, 0.640445
0.120000, 1.260000, 0.649663
0.120000, 1.280000, 0.659649
0.120000, 1.300000, 0.669757
0.120000, 1.320000, 0.679825
0.120000, 1.340000, 0.688585
0.120000, 1.360000, 0.698099
0.120000, 1.380000, 0.708912
0.120000, 1.400000, 0.718742
0.120000, 1.420000, 0.727324
0.120000, 1.440000, 0.737434
0.120000, 1.460000, 0.747007
0.120000, 1.480000, 0.756561
0.120000, 1.500000, 0.765712
0.120000, 1.520000, 0.775476
0.120000, 1.540000, 0.785081
0.120000, 1.560000, 0.794303
0.120000, 1.580000, 0.804624
0.120000, 1.600000, 0.814050
0.120000, 1.620000, 0.822651
0.120000, 1.640000, 0.831774
0.120000, 1.660000, 0.841369
0.120000, 1.680000, 0.850691
0.120000, 1.700000, 0.859682
0.120000, 1.720000, 0.869044
0.120000, 1.740000, 0.877952
0.120000, 1.760000, 0.888509
0.120000, 1.780000, 0.897418
0.120000, 1.800000, 0.906853
0.120000, 1.820000, 0.916170
0.120000, 1.840000, 0.925233
0.120000, 1.860000, 0.934670
0.120000, 1.880000, 0.944305
0.120000, 1.900000, 0.953594
0.120000, 1.920000, 0.962938
0.120000, 1.940000, 0.972115
0.120000, 1.960000, 0.981254
0.120000, 1.980000, 0.990723
0.120000, 2.000000, 1.000000
0.150000, 0.000000, 0.000000
0.150000, 0.020000, 0.010754
0.150000, 0.040000, 0.021285
0.150000, 0.060000, 0.031892
0.150000, 0.080000, 0.042220
0.150000, 0.100000, 0.053395
0.150000, 0.120000, 0.064091
0.150000, 0.140000, 0.074708
0.150000, 0.160000, 0.084973
0.150000, 0.180000, 0.095687
0.150000, 0.200000, 0.107126
0.150000, 0.220000, 0.117437
0.150000, 0.240000, 0.127112
0.150000, 0.260000, 0.138511
0.150000, 0.280000, 0.148494
0.150000, 0.300000, 0.159677
0.150000, 0.320000, 0.170268
0.150000, 0.340000, 0.180162
0.150000, 0.360000, 0.191626
0.150000, 0.380000, 0.201421
0.150000, 0.400000, 0.213436
0.150000, 0.420000, 0.223002
0.150000, 0.440000, 0.233094
0.150000, 0.460000, 0.243580
0.150000, 0.480000, 0.254252
0.150000, 0.500000, 0.264379
0.150000, 0.520000, 0.275680
0.150000, 0.540000, 0.285536
0.150000, 0.560000, 0.296366
0.150000, 0.580000, 0.306650
0.150000, 0.600000, 0.318199
0.150000, 0.620000, 0.327161
0.150000, 0.640000, 0.338151
0.150000, 0.660000, 0.347827
0.150000, 0.680000, 0.358664
0.150000, 0.700000, 0.368867
0.150000, 0.720000, 0.379382
0.150000, 0.740000, 0.389752
0.150000, 0.760000, 0.400169
