0.630000, 1.100000, 0.582778
0.630000, 1.120000, 0.593315
0.630000, 1.140000, 0.603224
0.630000, 1.160000, 0.613157
0.630000, 1.180000, 0.623029
0.630000, 1.200000, 0.632058
0.630000, 1.220000, 0.642025
0.630000, 1.240000, 0.651886
0.630000, 1.260000, 0.660856
0.630000, 1.280000, 0.670817
0.630000, 1.300000, 0.681052
0.630000, 1.320000, 0.690137
0.630000, 1.340000, 0.700319
0.630000, 1.360000, 0.709929
0.630000, 1.380000, 0.718849
0.630000, 1.400000, 0.727756
0.630000, 1.420000, 0.737929
0.630000, 1.440000, 0.746799
0.630000, 1.460000, 0.756368
0.630000, 1.480000, 0.765580
0.630000, 1.500000, 0.774610
0.630000, 1.520000, 0.784026
0.630000, 1.540000, 0.793467
0.630000, 1.560000, 0.802285
0.630000, 1.580000, 0.811941
0.630000, 1.600000, 0.821346
0.630000, 1.620000, 0.829969
0.630000, 1.640000, 0.838823
0.630000, 1.660000, 0.847561
0.630000, 1.680000, 0.857221
0.630000, 1.700000, 0.866479
0.630000, 1.720000, 0.875319
0.630000, 1.740000, 0.884541
0.630000, 1.760000, 0.893812
0.630000, 1.780000, 0.902051
0.630000, 1.800000, 0.910869
0.630000, 1.820000, 0.919992
0.630000, 1.840000, 0.928946
0.630000, 1.860000, 0.937872
0.630000, 1.880000, 0.946571
0.630000, 1.900000, 0.955620
0.630000, 1.920000, 0.964390
0.630000, 1.940000, 0.973456
0.630000, 1.960000, 0.982188
0.630000, 1.980000, 0.991250
0.630000, 2.000000, 1.000000
0.660000, 0.000000, 0.000000
0.660000, 0.020000, 0.010987
0.660000, 0.040000, 0.022028
0.660000, 0.060000, 0.032854
0.660000, 0.080000, 0.043815
0.660000, 0.100000, 0.055347
0.660000, 0.120000, 0.065536
0.660000, 0.140000, 0.076642
0.660000, 0.160000, 0.087191
0.660000, 0.180000, 0.097933
0.660000, 0.200000, 0.109134
0.660000, 0.220000, 0.120889
0.660000, 0.240000, 0.131124
0.660000, 0.260000, 0.141341
0.660000, 0.280000, 0.152401
0.660000, 0.300000, 0.163548
0.660000, 0.320000, 0.174571
0.660000, 0.340000, 0.185782
0.660000, 0.360000, 0.196509
0.660000, 0.380000, 0.206828
0.660000, 0.400000, 0.217657
0.660000, 0.420000, 0.228644
0.660000, 0.440000, 0.239586
0.660000, 0.460000, 0.249815
0.660000, 0.480000, 0.261095
0.660000, 0.500000, 0.271753
0.660000, 0.520000, 0.281775
0.660000, 0.540000, 0.293063
0.660000, 0.560000, 0.303704
0.660000, 0.580000, 0.315456
0.660000, 0.600000, 0.325369
0.660000, 0.620000, 0.335734
0.660000, 0.640000, 0.347246
0.660000, 0.660000, 0.357838
0.660000, 0.680000, 0.367516
0.660000, 0.700000, 0.379087
0.660000, 0.720000, 0.388784
0.660000, 0.740000, 0.399437
0.660000, 0.760000, 0.410542
0.660000, 0.780000, 0.419836
0.660000, 0.800000, 0.430154
0.660000, 0.820000, 0.441402
0.660000, 0.840000, 0.451680
0.660000, 0.860000, 0.462281
0.660000, 0.880000, 0.471954
0.660000, 0.900000, 0.482905
0.660000, 0.920000, 0.492961
0.660000, 0.940000, 0.504051
0.660000, 0.960000, 0.513901
0.660000, 0.980000, 0.524691
0.660000, 1.000000, 0.534390
0.660000, 1.020000, 0.544069
0.660000, 1.040000, 0.554232
0.660000, 1.060000, 0.564246
0.660000, 1.080000, 0.574615
0.660000, 1.100000, 0.584608
0.660000, 1.120000, 0.594946
0.660000, 1.140000, 0.603509
0.660000, 1.160000, 0.613534
0.660000, 1.180000, 0.623459
0.660000, 1.200000, 0.633185
0.660000, 1.220000, 0.643305
0.660000, 1.240000, 0.652888
0.660000, 1.260000, 0.663212
0.660000, 1.280000, 0.672227
0.660000, 1.300000, 0.681400
0.660000, 1.320000, 0.690876
0.660000, 1.340000, 0.700336
0.660000, 1.360000, 0.710281
0.660000, 1.380000, 0.720446
0.660000, 1.400000, 0.729401
0.660000, 1.420000, 0.738946
0.660000, 1.440000, 0.747630
0.660000, 1.460000, 0.757363
0.660000, 1.480000, 0.766799
0.660000, 1.500000, 0.775708
0.660000, 1.520000, 0.784760
0.660000, 1.540000, 0.794498
0.660000, 1.560000, 0.803970
0.660000, 1.580000, 0.812512
0.660000, 1.600000, 0.821839
0.660000, 1.620000, 0.830808
0.660000, 1.640000, 0.839836
0.660000, 1.660000, 0.848651
0.660000, 1.680000, 0.857668
0.660000, 1.700000, 0.866954
0.660000, 1.720000, 0.876195
0.660000, 1.740000, 0.885567
0.660000, 1.760000, 0.894012
0.660000, 1.780000, 0.902572
