1.530000, 0.340000, 0.199732
1.530000, 0.360000, 0.211844
1.530000, 0.380000, 0.224005
1.530000, 0.400000, 0.236959
1.530000, 0.420000, 0.248717
1.530000, 0.440000, 0.261172
1.530000, 0.460000, 0.273139
1.530000, 0.480000, 0.286214
1.530000, 0.500000, 0.298250
1.530000, 0.520000, 0.311391
1.530000, 0.540000, 0.323400
1.530000, 0.560000, 0.336864
1.530000, 0.580000, 0.349871
1.530000, 0.600000, 0.362000
1.530000, 0.620000, 0.375685
1.530000, 0.640000, 0.388412
1.530000, 0.660000, 0.401809
1.530000, 0.680000, 0.415056
1.530000, 0.700000, 0.427327
1.530000, 0.720000, 0.441548
1.530000, 0.740000, 0.454424
1.530000, 0.760000, 0.467500
1.530000, 0.780000, 0.481627
1.530000, 0.800000, 0.494298
1.530000, 0.820000, 0.507362
1.530000, 0.840000, 0.520677
1.530000, 0.860000, 0.535138
1.530000, 0.880000, 0.547511
1.530000, 0.900000, 0.560320
1.530000, 0.920000, 0.573910
1.530000, 0.940000, 0.586612
1.530000, 0.960000, 0.600560
1.530000, 0.980000, 0.612769
1.530000, 1.000000, 0.625626
1.530000, 1.020000, 0.637715
1.530000, 1.040000, 0.650221
1.530000, 1.060000, 0.661997
1.530000, 1.080000, 0.672477
1.530000, 1.100000, 0.684270
1.530000, 1.120000, 0.695680
1.530000, 1.140000, 0.706558
1.530000, 1.160000, 0.717533
1.530000, 1.180000, 0.727514
1.530000, 1.200000, 0.738038
1.530000, 1.220000, 0.748031
1.530000, 1.240000, 0.756727
1.530000, 1.260000, 0.767605
1.530000, 1.280000, 0.775968
1.530000, 1.300000, 0.784265
1.530000, 1.320000, 0.793588
1.530000, 1.340000, 0.801351
1.530000, 1.360000, 0.809486
1.530000, 1.380000, 0.817451
1.530000, 1.400000, 0.825228
1.530000, 1.420000, 0.832775
1.530000, 1.440000, 0.840518
1.530000, 1.460000, 0.847554
1.530000, 1.480000, 0.853842
1.530000, 1.500000, 0.861395
1.530000, 1.520000, 0.867848
1.530000, 1.540000, 0.874325
1.530000, 1.560000, 0.880656
1.530000, 1.580000, 0.887054
1.530000, 1.600000, 0.892747
1.530000, 1.620000, 0.899199
1.530000, 1.640000, 0.904973
1.530000, 1.660000, 0.910671
1.530000, 1.680000, 0.916643
1.530000, 1.700000, 0.921720
1.530000, 1.720000, 0.927243
1.530000, 1.740000, 0.932868
1.530000, 1.760000, 0.938363
1.530000, 1.780000, 0.943549
1.530000, 1.800000, 0.948841
1.530000, 1.820000, 0.954107
1.530000, 1.840000, 0.959086
1.530000, 1.860000, 0.964804
1.530000, 1.880000, 0.969681
1.530000, 1.900000, 0.974716
1.530000, 1.920000, 0.979713
1.530000, 1.940000, 0.984791
1.530000, 1.960000, 0.989868
1.530000, 1.980000, 0.995041
1.530000, 2.000000, 1.000000
1.560000, 0.000000, 0.000000
1.560000, 0.020000, 0.011717
1.560000, 0.040000, 0.023312
1.560000, 0.060000, 0.034739
1.560000, 0.080000, 0.046511
1.560000, 0.100000, 0.057924
1.560000, 0.120000, 0.069216
1.560000, 0.140000, 0.081127
1.560000, 0.160000, 0.093039
1.560000, 0.180000, 0.104863
1.560000, 0.200000, 0.116357
1.560000, 0.220000, 0.128781
1.560000, 0.240000, 0.140349
1.560000, 0.260000, 0.152702
1.560000, 0.280000, 0.163924
1.560000, 0.300000, 0.176020
1.560000, 0.320000, 0.188081
1.560000, 0.340000, 0.200255
1.560000, 0.360000, 0.211903
1.560000, 0.380000, 0.224126
1.560000, 0.400000, 0.237123
1.560000, 0.420000, 0.248837
1.560000, 0.440000, 0.261701
1.560000, 0.460000, 0.274347
1.560000, 0.480000, 0.286230
1.560000, 0.500000, 0.299276
1.560000, 0.520000, 0.311314
1.560000, 0.540000, 0.324407
1.560000, 0.560000, 0.336840
1.560000, 0.580000, 0.350451
1.560000, 0.600000, 0.364091
1.560000, 0.620000, 0.376071
1.560000, 0.640000, 0.389473
1.560000, 0.660000, 0.402265
1.560000, 0.680000, 0.415465
1.560000, 0.700000, 0.429015
1.560000, 0.720000, 0.443205
1.560000, 0.740000, 0.455940
1.560000, 0.760000, 0.469724
1.560000, 0.780000, 0.483738
1.560000, 0.800000, 0.498035
1.560000, 0.820000, 0.511108
1.560000, 0.840000, 0.524579
1.560000, 0.860000, 0.538890
1.560000, 0.880000, 0.552894
1.560000, 0.900000, 0.565645
1.560000, 0.920000, 0.579038
1.560000, 0.940000, 0.593020
1.560000, 0.960000, 0.606013
1.560000, 0.980000, 0.618573
1.560000, 1.000000, 0.631981
1.560000, 1.020000, 0.643854
