1.290000, 0.180000, 0.104082
1.290000, 0.200000, 0.115869
1.290000, 0.220000, 0.127861
1.290000, 0.240000, 0.139314
1.290000, 0.260000, 0.150833
1.290000, 0.280000, 0.162261
1.290000, 0.300000, 0.174367
1.290000, 0.320000, 0.185587
1.290000, 0.340000, 0.198035
1.290000, 0.360000, 0.208717
1.290000, 0.380000, 0.222050
1.290000, 0.400000, 0.232493
1.290000, 0.420000, 0.244745
1.290000, 0.440000, 0.257169
1.290000, 0.460000, 0.268396
1.290000, 0.480000, 0.280399
1.290000, 0.500000, 0.291895
1.290000, 0.520000, 0.303145
1.290000, 0.540000, 0.316120
1.290000, 0.560000, 0.327792
1.290000, 0.580000, 0.339219
1.290000, 0.600000, 0.351694
1.290000, 0.620000, 0.364092
1.290000, 0.640000, 0.375239
1.290000, 0.660000, 0.386457
1.290000, 0.680000, 0.399733
1.290000, 0.700000, 0.410807
1.290000, 0.720000, 0.422700
1.290000, 0.740000, 0.433550
1.290000, 0.760000, 0.447022
1.290000, 0.780000, 0.458337
1.290000, 0.800000, 0.469082
1.290000, 0.820000, 0.481558
1.290000, 0.840000, 0.493207
1.290000, 0.860000, 0.504723
1.290000, 0.880000, 0.516340
1.290000, 0.900000, 0.528709
1.290000, 0.920000, 0.539500
1.290000, 0.940000, 0.549584
1.290000, 0.960000, 0.561093
1.290000, 0.980000, 0.571850
1.290000, 1.000000, 0.584739
1.290000, 1.020000, 0.595260
1.290000, 1.040000, 0.606297
1.290000, 1.060000, 0.616545
1.290000, 1.080000, 0.626887
1.290000, 1.100000, 0.637715
1.290000, 1.120000, 0.648036
1.290000, 1.140000, 0.658776
1.290000, 1.160000, 0.668647
1.290000, 1.180000, 0.678979
1.290000, 1.200000, 0.689018
1.290000, 1.220000, 0.699103
1.290000, 1.240000, 0.708402
1.290000, 1.260000, 0.716967
1.290000, 1.280000, 0.727067
1.290000, 1.300000, 0.735614
1.290000, 1.320000, 0.745534
1.290000, 1.340000, 0.754689
1.290000, 1.360000, 0.762551
1.290000, 1.380000, 0.771339
1.290000, 1.400000, 0.780567
1.290000, 1.420000, 0.789147
1.290000, 1.440000, 0.797524
1.290000, 1.460000, 0.805467
1.290000, 1.480000, 0.813406
1.290000, 1.500000, 0.821498
1.290000, 1.520000, 0.829894
1.290000, 1.540000, 0.837467
1.290000, 1.560000, 0.845342
1.290000, 1.580000, 0.852453
1.290000, 1.600000, 0.860125
1.290000, 1.620000, 0.868191
1.290000, 1.640000, 0.875311
1.290000, 1.660000, 0.882411
1.290000, 1.680000, 0.889428
1.290000, 1.700000, 0.896993
1.290000, 1.720000, 0.904320
1.290000, 1.740000, 0.911070
1.290000, 1.760000, 0.918733
1.290000, 1.780000, 0.924974
1.290000, 1.800000, 0.932135
1.290000, 1.820000, 0.938837
1.290000, 1.840000, 0.945898
1.290000, 1.860000, 0.952974
1.290000, 1.880000, 0.959556
1.290000, 1.900000, 0.966303
1.290000, 1.920000, 0.973085
1.290000, 1.940000, 0.979844
1.290000, 1.960000, 0.986466
1.290000, 1.980000, 0.993486
1.290000, 2.000000, 1.000000
1.320000, 0.000000, 0.000000
1.320000, 0.020000, 0.011446
1.320000, 0.040000, 0.023305
1.320000, 0.060000, 0.034773
1.320000, 0.080000, 0.046056
1.320000, 0.100000, 0.058442
1.320000, 0.120000, 0.069644
1.320000, 0.140000, 0.080687
1.320000, 0.160000, 0.092665
1.320000, 0.180000, 0.103736
1.320000, 0.200000, 0.116372
1.320000, 0.220000, 0.127676
1.320000, 0.240000, 0.139468
1.320000, 0.260000, 0.151742
1.320000, 0.280000, 0.162770
1.320000, 0.300000, 0.174626
1.320000, 0.320000, 0.185595
1.320000, 0.340000, 0.198320
1.320000, 0.360000, 0.210120
1.320000, 0.380000, 0.221327
1.320000, 0.400000, 0.233682
1.320000, 0.420000, 0.245232
1.320000, 0.440000, 0.257109
1.320000, 0.460000, 0.269158
1.320000, 0.480000, 0.281840
1.320000, 0.500000, 0.293799
1.320000, 0.520000, 0.304843
1.320000, 0.540000, 0.316991
1.320000, 0.560000, 0.329192
1.320000, 0.580000, 0.341791
1.320000, 0.600000, 0.353245
1.320000, 0.620000, 0.365275
1.320000, 0.640000, 0.377376
1.320000, 0.660000, 0.388974
1.320000, 0.680000, 0.401156
1.320000, 0.700000, 0.413506
1.320000, 0.720000, 0.424082
1.320000, 0.740000, 0.437088
1.320000, 0.760000, 0.448958
1.320000, 0.780000, 0.460850
1.320000, 0.800000, 0.473385
1.320000, 0.820000, 0.484341
1.320000, 0.840000, 0.496302
1.320000, 0.860000, 0.507652
