0.390000, 0.940000, 0.495190
0.390000, 0.960000, 0.505462
0.390000, 0.980000, 0.515581
0.390000, 1.000000, 0.525759
0.390000, 1.020000, 0.535896
0.390000, 1.040000, 0.545477
0.390000, 1.060000, 0.555578
0.390000, 1.080000, 0.565502
0.390000, 1.100000, 0.575842
0.390000, 1.120000, 0.585551
0.390000, 1.140000, 0.595439
0.390000, 1.160000, 0.605928
0.390000, 1.180000, 0.615599
0.390000, 1.200000, 0.623460
0.390000, 1.220000, 0.633824
0.390000, 1.240000, 0.644153
0.390000, 1.260000, 0.654389
0.390000, 1.280000, 0.663812
0.390000, 1.300000, 0.672622
0.390000, 1.320000, 0.682945
0.390000, 1.340000, 0.692727
0.390000, 1.360000, 0.702661
0.390000, 1.380000, 0.712501
0.390000, 1.400000, 0.722247
0.390000, 1.420000, 0.730875
0.390000, 1.440000, 0.740558
0.390000, 1.460000, 0.749804
0.390000, 1.480000, 0.759817
0.390000, 1.500000, 0.768618
0.390000, 1.520000, 0.778205
0.390000, 1.540000, 0.788448
0.390000, 1.560000, 0.797348
0.390000, 1.580000, 0.806801
0.390000, 1.600000, 0.815800
0.390000, 1.620000, 0.825079
0.390000, 1.640000, 0.834739
0.390000, 1.660000, 0.843991
0.390000, 1.680000, 0.852799
0.390000, 1.700000, 0.862492
0.390000, 1.720000, 0.871902
0.390000, 1.740000, 0.880713
0.390000, 1.760000, 0.889609
0.390000, 1.780000, 0.898773
0.390000, 1.800000, 0.908015
0.390000, 1.820000, 0.917720
0.390000, 1.840000, 0.926309
0.390000, 1.860000, 0.936126
0.390000, 1.880000, 0.945075
0.390000, 1.900000, 0.953970
0.390000, 1.920000, 0.963200
0.390000, 1.940000, 0.972490
0.390000, 1.960000, 0.981837
0.390000, 1.980000, 0.990863
0.390000, 2.000000, 1.000000
0.420000, 0.000000, 0.000000
0.420000, 0.020000, 0.010566
0.420000, 0.040000, 0.021376
0.420000, 0.060000, 0.032309
0.420000, 0.080000, 0.043047
0.420000, 0.100000, 0.053564
0.420000, 0.120000, 0.064535
0.420000, 0.140000, 0.075364
0.420000, 0.160000, 0.086206
0.420000, 0.180000, 0.096567
0.420000, 0.200000, 0.107627
0.420000, 0.220000, 0.117723
0.420000, 0.240000, 0.128610
0.420000, 0.260000, 0.139642
0.420000, 0.280000, 0.150379
0.420000, 0.300000, 0.160435
0.420000, 0.320000, 0.171662
0.420000, 0.340000, 0.182616
0.420000, 0.360000, 0.192933
0.420000, 0.380000, 0.203005
0.420000, 0.400000, 0.214873
0.420000, 0.420000, 0.225203
0.420000, 0.440000, 0.235772
0.420000, 0.460000, 0.246567
0.420000, 0.480000, 0.256037
0.420000, 0.500000, 0.267266
0.420000, 0.520000, 0.278447
0.420000, 0.540000, 0.289146
0.420000, 0.560000, 0.298542
0.420000, 0.580000, 0.309811
0.420000, 0.600000, 0.320692
0.420000, 0.620000, 0.331315
0.420000, 0.640000, 0.341706
0.420000, 0.660000, 0.351857
0.420000, 0.680000, 0.361511
0.420000, 0.700000, 0.372450
0.420000, 0.720000, 0.383491
0.420000, 0.740000, 0.393279
0.420000, 0.760000, 0.403492
0.420000, 0.780000, 0.413157
0.420000, 0.800000, 0.423808
0.420000, 0.820000, 0.434413
0.420000, 0.840000, 0.444149
0.420000, 0.860000, 0.456345
0.420000, 0.880000, 0.464869
0.420000, 0.900000, 0.475746
0.420000, 0.920000, 0.485789
0.420000, 0.940000, 0.495764
0.420000, 0.960000, 0.505209
0.420000, 0.980000, 0.516772
0.420000, 1.000000, 0.526721
0.420000, 1.020000, 0.536595
0.420000, 1.040000, 0.546129
0.420000, 1.060000, 0.556190
0.420000, 1.080000, 0.566203
0.420000, 1.100000, 0.575629
0.420000, 1.120000, 0.585862
0.420000, 1.140000, 0.596253
0.420000, 1.160000, 0.605319
0.420000, 1.180000, 0.616269
0.420000, 1.200000, 0.624302
0.420000, 1.220000, 0.635182
0.420000, 1.240000, 0.645430
0.420000, 1.260000, 0.654459
0.420000, 1.280000, 0.664873
0.420000, 1.300000, 0.674785
0.420000, 1.320000, 0.684814
0.420000, 1.340000, 0.693717
0.420000, 1.360000, 0.703467
0.420000, 1.380000, 0.712712
0.420000, 1.400000, 0.722466
0.420000, 1.420000, 0.731807
0.420000, 1.440000, 0.741247
0.420000, 1.460000, 0.750686
0.420000, 1.480000, 0.760159
0.420000, 1.500000, 0.769342
0.420000, 1.520000, 0.778662
0.420000, 1.540000, 0.788556
0.420000, 1.560000, 0.797630
0.420000, 1.580000, 0.806988
0.420000, 1.600000, 0.816502
0.420000, 1.620000, 0.825655
