2.340000, 0.320000, 0.132538
2.340000, 0.340000, 0.141217
2.340000, 0.360000, 0.148884
2.340000, 0.380000, 0.156951
2.340000, 0.400000, 0.165966
2.340000, 0.420000, 0.172965
2.340000, 0.440000, 0.181053
2.340000, 0.460000, 0.189389
2.340000, 0.480000, 0.196762
2.340000, 0.500000, 0.204845
2.340000, 0.520000, 0.212575
2.340000, 0.540000, 0.220484
2.340000, 0.560000, 0.228298
2.340000, 0.580000, 0.235249
2.340000, 0.600000, 0.243318
2.340000, 0.620000, 0.250691
2.340000, 0.640000, 0.257174
2.340000, 0.660000, 0.264059
2.340000, 0.680000, 0.271635
2.340000, 0.700000, 0.277572
2.340000, 0.720000, 0.283728
2.340000, 0.740000, 0.291344
2.340000, 0.760000, 0.296648
2.340000, 0.780000, 0.302388
2.340000, 0.800000, 0.307602
2.340000, 0.820000, 0.312587
2.340000, 0.840000, 0.316867
2.340000, 0.860000, 0.321397
2.340000, 0.880000, 0.325132
2.340000, 0.900000, 0.327560
2.340000, 0.920000, 0.330365
2.340000, 0.940000, 0.332743
2.340000, 0.960000, 0.334981
2.340000, 0.980000, 0.335274
2.340000, 1.000000, 0.335982
2.370000, 0.000000, 0.000000
2.370000, 0.020000, 0.008194
2.370000, 0.040000, 0.016331
2.370000, 0.060000, 0.024661
2.370000, 0.080000, 0.032208
2.370000, 0.100000, 0.040646
2.370000, 0.120000, 0.048625
2.370000, 0.140000, 0.056927
2.370000, 0.160000, 0.064948
2.370000, 0.180000, 0.073172
2.370000, 0.200000, 0.081395
2.370000, 0.220000, 0.089279
2.370000, 0.240000, 0.098145
2.370000, 0.260000, 0.105328
2.370000, 0.280000, 0.114322
2.370000, 0.300000, 0.121315
2.370000, 0.320000, 0.129950
2.370000, 0.340000, 0.137041
2.370000, 0.360000, 0.144970
2.370000, 0.380000, 0.153386
2.370000, 0.400000, 0.160685
2.370000, 0.420000, 0.168724
2.370000, 0.440000, 0.176932
2.370000, 0.460000, 0.183726
2.370000, 0.480000, 0.191647
2.370000, 0.500000, 0.200175
2.370000, 0.520000, 0.206237
2.370000, 0.540000, 0.214174
2.370000, 0.560000, 0.221350
2.370000, 0.580000, 0.228735
2.370000, 0.600000, 0.235514
2.370000, 0.620000, 0.243395
2.370000, 0.640000, 0.248879
2.370000, 0.660000, 0.255399
2.370000, 0.680000, 0.262186
2.370000, 0.700000, 0.268824
2.370000, 0.720000, 0.274054
2.370000, 0.740000, 0.279757
2.370000, 0.760000, 0.285355
2.370000, 0.780000, 0.290674
2.370000, 0.800000, 0.295554
2.370000, 0.820000, 0.300214
2.370000, 0.840000, 0.304196
2.370000, 0.860000, 0.308789
2.370000, 0.880000, 0.312454
2.370000, 0.900000, 0.314941
2.370000, 0.920000, 0.317561
2.370000, 0.940000, 0.318760
2.370000, 0.960000, 0.320346
2.370000, 0.980000, 0.321379
2.370000, 1.000000, 0.320500
2.400000, 0.000000, 0.000000
2.400000, 0.020000, 0.007995
2.400000, 0.040000, 0.015824
2.400000, 0.060000, 0.023918
2.400000, 0.080000, 0.031984
2.400000, 0.100000, 0.039613
2.400000, 0.120000, 0.048167
2.400000, 0.140000, 0.055944
2.400000, 0.160000, 0.063579
2.400000, 0.180000, 0.071637
2.400000, 0.200000, 0.079844
2.400000, 0.220000, 0.086967
2.400000, 0.240000, 0.095282
2.400000, 0.260000, 0.103172
2.400000, 0.280000, 0.110592
2.400000, 0.300000, 0.118545
2.400000, 0.320000, 0.126702
2.400000, 0.340000, 0.133987
2.400000, 0.360000, 0.141651
2.400000, 0.380000, 0.149172
2.400000, 0.400000, 0.156388
2.400000, 0.420000, 0.164367
2.400000, 0.440000, 0.172420
2.400000, 0.460000, 0.179669
2.400000, 0.480000, 0.185960
2.400000, 0.500000, 0.193775
2.400000, 0.520000, 0.200806
2.400000, 0.540000, 0.207247
2.400000, 0.560000, 0.215009
2.400000, 0.580000, 0.221417
2.400000, 0.600000, 0.228272
2.400000, 0.620000, 0.235069
2.400000, 0.640000, 0.241041
2.400000, 0.660000, 0.247544
2.400000, 0.680000, 0.253814
2.400000, 0.700000, 0.259364
2.400000, 0.720000, 0.264042
2.400000, 0.740000, 0.270827
2.400000, 0.760000, 0.275488
2.400000, 0.780000, 0.280240
2.400000, 0.800000, 0.284945
2.400000, 0.820000, 0.289225
2.400000, 0.840000, 0.293415
2.400000, 0.860000, 0.296112
2.400000, 0.880000, 0.299232
2.400000, 0.900000, 0.302045
2.400000, 0.920000, 0.303904
2.400000, 0.940000, 0.305632
2.400000, 0.960000, 0.306226
2.400000, 0.980000, 0.308773
