0.360000, 0.240000, 0.127850
0.360000, 0.260000, 0.139079
0.360000, 0.280000, 0.149076
0.360000, 0.300000, 0.160473
0.360000, 0.320000, 0.170843
0.360000, 0.340000, 0.181749
0.360000, 0.360000, 0.192669
0.360000, 0.380000, 0.202671
0.360000, 0.400000, 0.214000
0.360000, 0.420000, 0.224172
0.360000, 0.440000, 0.235041
0.360000, 0.460000, 0.245494
0.360000, 0.480000, 0.255599
0.360000, 0.500000, 0.267173
0.360000, 0.520000, 0.277404
0.360000, 0.540000, 0.288249
0.360000, 0.560000, 0.298099
0.360000, 0.580000, 0.309082
0.360000, 0.600000, 0.319202
0.360000, 0.620000, 0.329616
0.360000, 0.640000, 0.339664
0.360000, 0.660000, 0.349903
0.360000, 0.680000, 0.361768
0.360000, 0.700000, 0.371406
0.360000, 0.720000, 0.381550
0.360000, 0.740000, 0.391557
0.360000, 0.760000, 0.402526
0.360000, 0.780000, 0.413384
0.360000, 0.800000, 0.423042
0.360000, 0.820000, 0.433363
0.360000, 0.840000, 0.443995
0.360000, 0.860000, 0.453740
0.360000, 0.880000, 0.465057
0.360000, 0.900000, 0.473914
0.360000, 0.920000, 0.483923
0.360000, 0.940000, 0.493807
0.360000, 0.960000, 0.506248
0.360000, 0.980000, 0.514425
0.360000, 1.000000, 0.524871
0.360000, 1.020000, 0.534683
0.360000, 1.040000, 0.544953
0.360000, 1.060000, 0.554536
0.360000, 1.080000, 0.565525
0.360000, 1.100000, 0.574706
0.360000, 1.120000, 0.584142
0.360000, 1.140000, 0.594635
0.360000, 1.160000, 0.604631
0.360000, 1.180000, 0.615149
0.360000, 1.200000, 0.624455
0.360000, 1.220000, 0.634039
0.360000, 1.240000, 0.643064
0.360000, 1.260000, 0.653418
0.360000, 1.280000, 0.662617
0.360000, 1.300000, 0.672389
0.360000, 1.320000, 0.682703
0.360000, 1.340000, 0.691991
0.360000, 1.360000, 0.701527
0.360000, 1.380000, 0.711276
0.360000, 1.400000, 0.720999
0.360000, 1.420000, 0.730909
0.360000, 1.440000, 0.740188
0.360000, 1.460000, 0.748598
0.360000, 1.480000, 0.758803
0.360000, 1.500000, 0.768009
0.360000, 1.520000, 0.777325
0.360000, 1.540000, 0.787630
0.360000, 1.560000, 0.796810
0.360000, 1.580000, 0.805591
0.360000, 1.600000, 0.815384
0.360000, 1.620000, 0.824322
0.360000, 1.640000, 0.834554
0.360000, 1.660000, 0.842907
0.360000, 1.680000, 0.852697
0.360000, 1.700000, 0.862082
0.360000, 1.720000, 0.871234
0.360000, 1.740000, 0.880847
0.360000, 1.760000, 0.889809
0.360000, 1.780000, 0.898920
0.360000, 1.800000, 0.908005
0.360000, 1.820000, 0.917190
0.360000, 1.840000, 0.926784
0.360000, 1.860000, 0.935718
0.360000, 1.880000, 0.944601
0.360000, 1.900000, 0.954131
0.360000, 1.920000, 0.963162
0.360000, 1.940000, 0.972559
0.360000, 1.960000, 0.981882
0.360000, 1.980000, 0.990867
0.360000, 2.000000, 1.000000
0.390000, 0.000000, 0.000000
0.390000, 0.020000, 0.010794
0.390000, 0.040000, 0.021486
0.390000, 0.060000, 0.032100
0.390000, 0.080000, 0.042861
0.390000, 0.100000, 0.053164
0.390000, 0.120000, 0.063810
0.390000, 0.140000, 0.075043
0.390000, 0.160000, 0.085626
0.390000, 0.180000, 0.096757
0.390000, 0.200000, 0.107191
0.390000, 0.220000, 0.117822
0.390000, 0.240000, 0.128721
0.390000, 0.260000, 0.139770
0.390000, 0.280000, 0.150209
0.390000, 0.300000, 0.160728
0.390000, 0.320000, 0.171014
0.390000, 0.340000, 0.181458
0.390000, 0.360000, 0.193825
0.390000, 0.380000, 0.203583
0.390000, 0.400000, 0.213306
0.390000, 0.420000, 0.224274
0.390000, 0.440000, 0.235631
0.390000, 0.460000, 0.246001
0.390000, 0.480000, 0.256483
0.390000, 0.500000, 0.266314
0.390000, 0.520000, 0.278073
0.390000, 0.540000, 0.287478
0.390000, 0.560000, 0.298581
0.390000, 0.580000, 0.308536
0.390000, 0.600000, 0.319976
0.390000, 0.620000, 0.330214
0.390000, 0.640000, 0.340467
0.390000, 0.660000, 0.351001
0.390000, 0.680000, 0.361689
0.390000, 0.700000, 0.372038
0.390000, 0.720000, 0.382778
0.390000, 0.740000, 0.393267
0.390000, 0.760000, 0.402963
0.390000, 0.780000, 0.414209
0.390000, 0.800000, 0.423076
0.390000, 0.820000, 0.433742
0.390000, 0.840000, 0.444710
0.390000, 0.860000, 0.454278
0.390000, 0.880000, 0.465379
0.390000, 0.900000, 0.474263
0.390000, 0.920000, 0.484512
