1.770000, 0.500000, 0.295463
1.770000, 0.520000, 0.307726
1.770000, 0.540000, 0.320593
1.770000, 0.560000, 0.334437
1.770000, 0.580000, 0.348059
1.770000, 0.600000, 0.361866
1.770000, 0.620000, 0.375055
1.770000, 0.640000, 0.390823
1.770000, 0.660000, 0.404813
1.770000, 0.680000, 0.419053
1.770000, 0.700000, 0.435447
1.770000, 0.720000, 0.450032
1.770000, 0.740000, 0.466471
1.770000, 0.760000, 0.482841
1.770000, 0.780000, 0.499443
1.770000, 0.800000, 0.517081
1.770000, 0.820000, 0.533753
1.770000, 0.840000, 0.550222
1.770000, 0.860000, 0.568682
1.770000, 0.880000, 0.585886
1.770000, 0.900000, 0.604551
1.770000, 0.920000, 0.623236
1.770000, 0.940000, 0.641240
1.770000, 0.960000, 0.660158
1.770000, 0.980000, 0.677539
1.770000, 1.000000, 0.694925
1.770000, 1.020000, 0.712691
1.770000, 1.040000, 0.726922
1.770000, 1.060000, 0.742517
1.770000, 1.080000, 0.758254
1.770000, 1.100000, 0.772431
1.770000, 1.120000, 0.785664
1.770000, 1.140000, 0.797363
1.770000, 1.160000, 0.808743
1.770000, 1.180000, 0.819211
1.770000, 1.200000, 0.828677
1.770000, 1.220000, 0.838702
1.770000, 1.240000, 0.847096
1.770000, 1.260000, 0.854777
1.770000, 1.280000, 0.862774
1.770000, 1.300000, 0.869536
1.770000, 1.320000, 0.876517
1.770000, 1.340000, 0.882375
1.770000, 1.360000, 0.888089
1.770000, 1.380000, 0.893315
1.770000, 1.400000, 0.898508
1.770000, 1.420000, 0.903716
1.770000, 1.440000, 0.908999
1.770000, 1.460000, 0.913047
1.770000, 1.480000, 0.918097
1.770000, 1.500000, 0.921844
1.770000, 1.520000, 0.925817
1.770000, 1.540000, 0.930123
1.770000, 1.560000, 0.934005
1.770000, 1.580000, 0.937550
1.770000, 1.600000, 0.941377
1.770000, 1.620000, 0.944638
1.770000, 1.640000, 0.948023
1.770000, 1.660000, 0.951482
1.770000, 1.680000, 0.954373
1.770000, 1.700000, 0.957622
1.770000, 1.720000, 0.960600
1.770000, 1.740000, 0.963598
1.770000, 1.760000, 0.966903
1.770000, 1.780000, 0.969640
1.770000, 1.800000, 0.972295
1.770000, 1.820000, 0.975316
1.770000, 1.840000, 0.978289
1.770000, 1.860000, 0.981041
1.770000, 1.880000, 0.984017
1.770000, 1.900000, 0.986716
1.770000, 1.920000, 0.989261
1.770000, 1.940000, 0.992022
1.770000, 1.960000, 0.994636
1.770000, 1.980000, 0.997289
1.770000, 2.000000, 1.000000
1.800000, 0.000000, 0.000000
1.800000, 0.020000, 0.011224
1.800000, 0.040000, 0.022233
1.800000, 0.060000, 0.033559
1.800000, 0.080000, 0.044597
1.800000, 0.100000, 0.056115
1.800000, 0.120000, 0.067720
1.800000, 0.140000, 0.078514
1.800000, 0.160000, 0.089267
1.800000, 0.180000, 0.100725
1.800000, 0.200000, 0.112616
1.800000, 0.220000, 0.124156
1.800000, 0.240000, 0.135524
1.800000, 0.260000, 0.146724
1.800000, 0.280000, 0.158604
1.800000, 0.300000, 0.170645
1.800000, 0.320000, 0.181876
1.800000, 0.340000, 0.194869
1.800000, 0.360000, 0.206452
1.800000, 0.380000, 0.217793
1.800000, 0.400000, 0.230560
1.800000, 0.420000, 0.243072
1.800000, 0.440000, 0.255380
1.800000, 0.460000, 0.268637
1.800000, 0.480000, 0.280653
1.800000, 0.500000, 0.292224
1.800000, 0.520000, 0.307109
1.800000, 0.540000, 0.319462
1.800000, 0.560000, 0.333064
1.800000, 0.580000, 0.346751
1.800000, 0.600000, 0.360590
1.800000, 0.620000, 0.374403
1.800000, 0.640000, 0.388758
1.800000, 0.660000, 0.404014
1.800000, 0.680000, 0.418065
1.800000, 0.700000, 0.433601
1.800000, 0.720000, 0.450442
1.800000, 0.740000, 0.465715
1.800000, 0.760000, 0.482928
1.800000, 0.780000, 0.499252
1.800000, 0.800000, 0.516331
1.800000, 0.820000, 0.535753
1.800000, 0.840000, 0.553187
1.800000, 0.860000, 0.570616
1.800000, 0.880000, 0.590460
1.800000, 0.900000, 0.610160
1.800000, 0.920000, 0.629184
1.800000, 0.940000, 0.649371
1.800000, 0.960000, 0.669000
1.800000, 0.980000, 0.688108
1.800000, 1.000000, 0.707073
1.800000, 1.020000, 0.725314
1.800000, 1.040000, 0.743646
1.800000, 1.060000, 0.758963
1.800000, 1.080000, 0.774584
1.800000, 1.100000, 0.788664
1.800000, 1.120000, 0.802772
1.800000, 1.140000, 0.814526
1.800000, 1.160000, 0.826490
1.800000, 1.180000, 0.837152
