1.410000, 0.260000, 0.151939
1.410000, 0.280000, 0.164481
1.410000, 0.300000, 0.175883
1.410000, 0.320000, 0.188031
1.410000, 0.340000, 0.199561
1.410000, 0.360000, 0.211306
1.410000, 0.380000, 0.223078
1.410000, 0.400000, 0.234969
1.410000, 0.420000, 0.247316
1.410000, 0.440000, 0.260042
1.410000, 0.460000, 0.270988
1.410000, 0.480000, 0.282987
1.410000, 0.500000, 0.295842
1.410000, 0.520000, 0.308796
1.410000, 0.540000, 0.319698
1.410000, 0.560000, 0.332605
1.410000, 0.580000, 0.345136
1.410000, 0.600000, 0.357400
1.410000, 0.620000, 0.370867
1.410000, 0.640000, 0.381411
1.410000, 0.660000, 0.395365
1.410000, 0.680000, 0.406882
1.410000, 0.700000, 0.420045
1.410000, 0.720000, 0.431539
1.410000, 0.740000, 0.444491
1.410000, 0.760000, 0.457137
1.410000, 0.780000, 0.469186
1.410000, 0.800000, 0.481467
1.410000, 0.820000, 0.493242
1.410000, 0.840000, 0.506809
1.410000, 0.860000, 0.518920
1.410000, 0.880000, 0.531328
1.410000, 0.900000, 0.543149
1.410000, 0.920000, 0.554672
1.410000, 0.940000, 0.566608
1.410000, 0.960000, 0.578627
1.410000, 0.980000, 0.590338
1.410000, 1.000000, 0.602077
1.410000, 1.020000, 0.613289
1.410000, 1.040000, 0.624698
1.410000, 1.060000, 0.635669
1.410000, 1.080000, 0.646763
1.410000, 1.100000, 0.658327
1.410000, 1.120000, 0.668541
1.410000, 1.140000, 0.679714
1.410000, 1.160000, 0.690249
1.410000, 1.180000, 0.700078
1.410000, 1.200000, 0.709306
1.410000, 1.220000, 0.718623
1.410000, 1.240000, 0.729932
1.410000, 1.260000, 0.738588
1.410000, 1.280000, 0.748097
1.410000, 1.300000, 0.757739
1.410000, 1.320000, 0.765920
1.410000, 1.340000, 0.774830
1.410000, 1.360000, 0.783415
1.410000, 1.380000, 0.791469
1.410000, 1.400000, 0.800090
1.410000, 1.420000, 0.807865
1.410000, 1.440000, 0.816549
1.410000, 1.460000, 0.824127
1.410000, 1.480000, 0.831139
1.410000, 1.500000, 0.838911
1.410000, 1.520000, 0.846905
1.410000, 1.540000, 0.853777
1.410000, 1.560000, 0.860957
1.410000, 1.580000, 0.867389
1.410000, 1.600000, 0.875122
1.410000, 1.620000, 0.882087
1.410000, 1.640000, 0.888404
1.410000, 1.660000, 0.895429
1.410000, 1.680000, 0.901389
1.410000, 1.700000, 0.908561
1.410000, 1.720000, 0.914413
1.410000, 1.740000, 0.920529
1.410000, 1.760000, 0.927258
1.410000, 1.780000, 0.934198
1.410000, 1.800000, 0.939872
1.410000, 1.820000, 0.945659
1.410000, 1.840000, 0.952218
1.410000, 1.860000, 0.958197
1.410000, 1.880000, 0.964452
1.410000, 1.900000, 0.970154
1.410000, 1.920000, 0.976132
1.410000, 1.940000, 0.982045
1.410000, 1.960000, 0.988349
1.410000, 1.980000, 0.994013
1.410000, 2.000000, 1.000000
1.440000, 0.000000, 0.000000
1.440000, 0.020000, 0.011771
1.440000, 0.040000, 0.023201
1.440000, 0.060000, 0.034658
1.440000, 0.080000, 0.046248
1.440000, 0.100000, 0.058120
1.440000, 0.120000, 0.069708
1.440000, 0.140000, 0.081326
1.440000, 0.160000, 0.093633
1.440000, 0.180000, 0.105065
1.440000, 0.200000, 0.116192
1.440000, 0.220000, 0.128360
1.440000, 0.240000, 0.140528
1.440000, 0.260000, 0.152589
1.440000, 0.280000, 0.164050
1.440000, 0.300000, 0.176631
1.440000, 0.320000, 0.187541
1.440000, 0.340000, 0.199709
1.440000, 0.360000, 0.211554
1.440000, 0.380000, 0.223448
1.440000, 0.400000, 0.235508
1.440000, 0.420000, 0.248171
1.440000, 0.440000, 0.260782
1.440000, 0.460000, 0.271485
1.440000, 0.480000, 0.284128
1.440000, 0.500000, 0.297362
1.440000, 0.520000, 0.308915
1.440000, 0.540000, 0.321143
1.440000, 0.560000, 0.333562
1.440000, 0.580000, 0.346898
1.440000, 0.600000, 0.358805
1.440000, 0.620000, 0.370922
1.440000, 0.640000, 0.384076
1.440000, 0.660000, 0.396980
1.440000, 0.680000, 0.409911
1.440000, 0.700000, 0.420887
1.440000, 0.720000, 0.434523
1.440000, 0.740000, 0.445991
1.440000, 0.760000, 0.459664
1.440000, 0.780000, 0.472249
1.440000, 0.800000, 0.483754
1.440000, 0.820000, 0.498050
1.440000, 0.840000, 0.509964
1.440000, 0.860000, 0.522248
1.440000, 0.880000, 0.535380
1.440000, 0.900000, 0.547645
1.440000, 0.920000, 0.560468
1.440000, 0.940000, 0.571371
