1.440000, 0.960000, 0.583333
1.440000, 0.980000, 0.595194
1.440000, 1.000000, 0.607767
1.440000, 1.020000, 0.618571
1.440000, 1.040000, 0.630090
1.440000, 1.060000, 0.642462
1.440000, 1.080000, 0.654282
1.440000, 1.100000, 0.663923
1.440000, 1.120000, 0.674907
1.440000, 1.140000, 0.686181
1.440000, 1.160000, 0.694805
1.440000, 1.180000, 0.706717
1.440000, 1.200000, 0.716644
1.440000, 1.220000, 0.726374
1.440000, 1.240000, 0.735607
1.440000, 1.260000, 0.745113
1.440000, 1.280000, 0.754108
1.440000, 1.300000, 0.763977
1.440000, 1.320000, 0.772096
1.440000, 1.340000, 0.780509
1.440000, 1.360000, 0.788748
1.440000, 1.380000, 0.797993
1.440000, 1.400000, 0.806106
1.440000, 1.420000, 0.813284
1.440000, 1.440000, 0.821443
1.440000, 1.460000, 0.829570
1.440000, 1.480000, 0.837284
1.440000, 1.500000, 0.843496
1.440000, 1.520000, 0.851085
1.440000, 1.540000, 0.858675
1.440000, 1.560000, 0.865535
1.440000, 1.580000, 0.871946
1.440000, 1.600000, 0.878840
1.440000, 1.620000, 0.885519
1.440000, 1.640000, 0.892127
1.440000, 1.660000, 0.898812
1.440000, 1.680000, 0.905095
1.440000, 1.700000, 0.911277
1.440000, 1.720000, 0.917661
1.440000, 1.740000, 0.923482
1.440000, 1.760000, 0.929598
1.440000, 1.780000, 0.935660
1.440000, 1.800000, 0.942271
1.440000, 1.820000, 0.947949
1.440000, 1.840000, 0.953698
1.440000, 1.860000, 0.959691
1.440000, 1.880000, 0.965653
1.440000, 1.900000, 0.971174
1.440000, 1.920000, 0.977261
1.440000, 1.940000, 0.982954
1.440000, 1.960000, 0.988340
1.440000, 1.980000, 0.994319
1.440000, 2.000000, 1.000000
1.470000, 0.000000, 0.000000
1.470000, 0.020000, 0.011704
1.470000, 0.040000, 0.023230
1.470000, 0.060000, 0.034937
1.470000, 0.080000, 0.046398
1.470000, 0.100000, 0.058697
1.470000, 0.120000, 0.070353
1.470000, 0.140000, 0.081883
1.470000, 0.160000, 0.093619
1.470000, 0.180000, 0.105076
1.470000, 0.200000, 0.117141
1.470000, 0.220000, 0.128352
1.470000, 0.240000, 0.140468
1.470000, 0.260000, 0.152769
1.470000, 0.280000, 0.164379
1.470000, 0.300000, 0.175773
1.470000, 0.320000, 0.188244
1.470000, 0.340000, 0.200318
1.470000, 0.360000, 0.211801
1.470000, 0.380000, 0.223539
1.470000, 0.400000, 0.235906
1.470000, 0.420000, 0.247791
1.470000, 0.440000, 0.261053
1.470000, 0.460000, 0.272969
1.470000, 0.480000, 0.285709
1.470000, 0.500000, 0.297405
1.470000, 0.520000, 0.308970
1.470000, 0.540000, 0.322908
1.470000, 0.560000, 0.335494
1.470000, 0.580000, 0.347276
1.470000, 0.600000, 0.360484
1.470000, 0.620000, 0.372456
1.470000, 0.640000, 0.385383
1.470000, 0.660000, 0.398670
1.470000, 0.680000, 0.410393
1.470000, 0.700000, 0.424243
1.470000, 0.720000, 0.436245
1.470000, 0.740000, 0.450161
1.470000, 0.760000, 0.462089
1.470000, 0.780000, 0.474918
1.470000, 0.800000, 0.487862
1.470000, 0.820000, 0.499775
1.470000, 0.840000, 0.513307
1.470000, 0.860000, 0.525790
1.470000, 0.880000, 0.539320
1.470000, 0.900000, 0.550967
1.470000, 0.920000, 0.563647
1.470000, 0.940000, 0.576151
1.470000, 0.960000, 0.588600
1.470000, 0.980000, 0.601353
1.470000, 1.000000, 0.612714
1.470000, 1.020000, 0.624746
1.470000, 1.040000, 0.636527
1.470000, 1.060000, 0.648573
1.470000, 1.080000, 0.658798
1.470000, 1.100000, 0.670155
1.470000, 1.120000, 0.680415
1.470000, 1.140000, 0.692572
1.470000, 1.160000, 0.702560
1.470000, 1.180000, 0.712889
1.470000, 1.200000, 0.722987
1.470000, 1.220000, 0.732127
1.470000, 1.240000, 0.742219
1.470000, 1.260000, 0.752223
1.470000, 1.280000, 0.760491
1.470000, 1.300000, 0.770226
1.470000, 1.320000, 0.779163
1.470000, 1.340000, 0.787263
1.470000, 1.360000, 0.796013
1.470000, 1.380000, 0.803869
1.470000, 1.400000, 0.811565
1.470000, 1.420000, 0.819756
1.470000, 1.440000, 0.826857
1.470000, 1.460000, 0.834887
1.470000, 1.480000, 0.841036
1.470000, 1.500000, 0.849310
1.470000, 1.520000, 0.856163
1.470000, 1.540000, 0.863316
1.470000, 1.560000, 0.870054
1.470000, 1.580000, 0.876350
1.470000, 1.600000, 0.883769
1.470000, 1.620000, 0.890127
1.470000, 1.640000, 0.896176
