1.350000, 1.580000, 0.859621
1.350000, 1.600000, 0.866714
1.350000, 1.620000, 0.874740
1.350000, 1.640000, 0.880706
1.350000, 1.660000, 0.888328
1.350000, 1.680000, 0.895607
1.350000, 1.700000, 0.901598
1.350000, 1.720000, 0.909103
1.350000, 1.740000, 0.916131
1.350000, 1.760000, 0.922441
1.350000, 1.780000, 0.929459
1.350000, 1.800000, 0.935994
1.350000, 1.820000, 0.942213
1.350000, 1.840000, 0.948335
1.350000, 1.860000, 0.955196
1.350000, 1.880000, 0.961852
1.350000, 1.900000, 0.968145
1.350000, 1.920000, 0.974609
1.350000, 1.940000, 0.980949
1.350000, 1.960000, 0.987196
1.350000, 1.980000, 0.993752
1.350000, 2.000000, 1.000000
1.380000, 0.000000, 0.000000
1.380000, 0.020000, 0.011446
1.380000, 0.040000, 0.023091
1.380000, 0.060000, 0.034926
1.380000, 0.080000, 0.046543
1.380000, 0.100000, 0.057927
1.380000, 0.120000, 0.069753
1.380000, 0.140000, 0.081402
1.380000, 0.160000, 0.093274
1.380000, 0.180000, 0.104396
1.380000, 0.200000, 0.116972
1.380000, 0.220000, 0.128371
1.380000, 0.240000, 0.140107
1.380000, 0.260000, 0.151470
1.380000, 0.280000, 0.163123
1.380000, 0.300000, 0.175673
1.380000, 0.320000, 0.187120
1.380000, 0.340000, 0.199074
1.380000, 0.360000, 0.211540
1.380000, 0.380000, 0.222730
1.380000, 0.400000, 0.234328
1.380000, 0.420000, 0.246756
1.380000, 0.440000, 0.259173
1.380000, 0.460000, 0.270749
1.380000, 0.480000, 0.283718
1.380000, 0.500000, 0.294538
1.380000, 0.520000, 0.307407
1.380000, 0.540000, 0.319110
1.380000, 0.560000, 0.330979
1.380000, 0.580000, 0.344158
1.380000, 0.600000, 0.356362
1.380000, 0.620000, 0.368688
1.380000, 0.640000, 0.380769
1.380000, 0.660000, 0.393126
1.380000, 0.680000, 0.405168
1.380000, 0.700000, 0.417297
1.380000, 0.720000, 0.429450
1.380000, 0.740000, 0.442613
1.380000, 0.760000, 0.454754
1.380000, 0.780000, 0.466013
1.380000, 0.800000, 0.478613
1.380000, 0.820000, 0.490818
1.380000, 0.840000, 0.502740
1.380000, 0.860000, 0.515671
1.380000, 0.880000, 0.526329
1.380000, 0.900000, 0.538794
1.380000, 0.920000, 0.550796
1.380000, 0.940000, 0.562833
1.380000, 0.960000, 0.574454
1.380000, 0.980000, 0.584800
1.380000, 1.000000, 0.597547
1.380000, 1.020000, 0.608697
1.380000, 1.040000, 0.620499
1.380000, 1.060000, 0.629730
1.380000, 1.080000, 0.642936
1.380000, 1.100000, 0.651905
1.380000, 1.120000, 0.662835
1.380000, 1.140000, 0.673928
1.380000, 1.160000, 0.683537
1.380000, 1.180000, 0.694020
1.380000, 1.200000, 0.703467
1.380000, 1.220000, 0.713668
1.380000, 1.240000, 0.723487
1.380000, 1.260000, 0.732471
1.380000, 1.280000, 0.742174
1.380000, 1.300000, 0.750785
1.380000, 1.320000, 0.760904
1.380000, 1.340000, 0.768152
1.380000, 1.360000, 0.777558
1.380000, 1.380000, 0.787124
1.380000, 1.400000, 0.794775
1.380000, 1.420000, 0.802630
1.380000, 1.440000, 0.810720
1.380000, 1.460000, 0.818540
1.380000, 1.480000, 0.826420
1.380000, 1.500000, 0.834603
1.380000, 1.520000, 0.841749
1.380000, 1.540000, 0.848885
1.380000, 1.560000, 0.856431
1.380000, 1.580000, 0.863707
1.380000, 1.600000, 0.871179
1.380000, 1.620000, 0.878627
1.380000, 1.640000, 0.884484
1.380000, 1.660000, 0.891364
1.380000, 1.680000, 0.898769
1.380000, 1.700000, 0.904723
1.380000, 1.720000, 0.911706
1.380000, 1.740000, 0.918031
1.380000, 1.760000, 0.924740
1.380000, 1.780000, 0.931473
1.380000, 1.800000, 0.937866
1.380000, 1.820000, 0.944415
1.380000, 1.840000, 0.950623
1.380000, 1.860000, 0.956454
1.380000, 1.880000, 0.963084
1.380000, 1.900000, 0.969382
1.380000, 1.920000, 0.975424
1.380000, 1.940000, 0.981490
1.380000, 1.960000, 0.987793
1.380000, 1.980000, 0.993925
1.380000, 2.000000, 1.000000
1.410000, 0.000000, 0.000000
1.410000, 0.020000, 0.011614
1.410000, 0.040000, 0.023298
1.410000, 0.060000, 0.034856
1.410000, 0.080000, 0.046719
1.410000, 0.100000, 0.058219
1.410000, 0.120000, 0.069880
1.410000, 0.140000, 0.081479
1.410000, 0.160000, 0.093147
1.410000, 0.180000, 0.104732
1.410000, 0.200000, 0.116840
1.410000, 0.220000, 0.128558
1.410000, 0.240000, 0.140039
