2.490000, 0.660000, 0.225874
2.490000, 0.680000, 0.229924
2.490000, 0.700000, 0.235063
2.490000, 0.720000, 0.240088
2.490000, 0.740000, 0.244270
2.490000, 0.760000, 0.249100
2.490000, 0.780000, 0.251754
2.490000, 0.800000, 0.256073
2.490000, 0.820000, 0.258791
2.490000, 0.840000, 0.262520
2.490000, 0.860000, 0.265037
2.490000, 0.880000, 0.266701
2.490000, 0.900000, 0.269209
2.490000, 0.920000, 0.270876
2.490000, 0.940000, 0.272551
2.490000, 0.960000, 0.273365
2.490000, 0.980000, 0.273028
2.490000, 1.000000, 0.273833
2.520000, 0.000000, 0.000000
2.520000, 0.020000, 0.007374
2.520000, 0.040000, 0.014815
2.520000, 0.060000, 0.022331
2.520000, 0.080000, 0.029163
2.520000, 0.100000, 0.036458
2.520000, 0.120000, 0.043719
2.520000, 0.140000, 0.050958
2.520000, 0.160000, 0.058192
2.520000, 0.180000, 0.065420
2.520000, 0.200000, 0.072969
2.520000, 0.220000, 0.079645
2.520000, 0.240000, 0.086522
2.520000, 0.260000, 0.094212
2.520000, 0.280000, 0.100934
2.520000, 0.300000, 0.108036
2.520000, 0.320000, 0.114418
2.520000, 0.340000, 0.121217
2.520000, 0.360000, 0.128938
2.520000, 0.380000, 0.135046
2.520000, 0.400000, 0.141696
2.520000, 0.420000, 0.147622
2.520000, 0.440000, 0.154683
2.520000, 0.460000, 0.161932
2.520000, 0.480000, 0.167757
2.520000, 0.500000, 0.173532
2.520000, 0.520000, 0.179840
2.520000, 0.540000, 0.186094
2.520000, 0.560000, 0.191765
2.520000, 0.580000, 0.197574
2.520000, 0.600000, 0.202621
2.520000, 0.620000, 0.207801
2.520000, 0.640000, 0.213745
2.520000, 0.660000, 0.217919
2.520000, 0.680000, 0.222861
2.520000, 0.700000, 0.227401
2.520000, 0.720000, 0.232964
2.520000, 0.740000, 0.236748
2.520000, 0.760000, 0.240059
2.520000, 0.780000, 0.244098
2.520000, 0.800000, 0.247438
2.520000, 0.820000, 0.250901
2.520000, 0.840000, 0.252841
2.520000, 0.860000, 0.255932
2.520000, 0.880000, 0.258374
2.520000, 0.900000, 0.259341
2.520000, 0.920000, 0.261854
2.520000, 0.940000, 0.263281
2.520000, 0.960000, 0.263719
2.520000, 0.980000, 0.264227
2.520000, 1.000000, 0.265445
2.550000, 0.000000, 0.000000
2.550000, 0.020000, 0.007196
2.550000, 0.040000, 0.014607
2.550000, 0.060000, 0.021412
2.550000, 0.080000, 0.028582
2.550000, 0.100000, 0.036219
2.550000, 0.120000, 0.042915
2.550000, 0.140000, 0.049986
2.550000, 0.160000, 0.056997
2.550000, 0.180000, 0.063905
2.550000, 0.200000, 0.070375
2.550000, 0.220000, 0.078069
2.550000, 0.240000, 0.085117
2.550000, 0.260000, 0.091962
2.550000, 0.280000, 0.098823
2.550000, 0.300000, 0.105385
2.550000, 0.320000, 0.112037
2.550000, 0.340000, 0.119117
2.550000, 0.360000, 0.125780
2.550000, 0.380000, 0.132398
2.550000, 0.400000, 0.138012
2.550000, 0.420000, 0.144327
2.550000, 0.440000, 0.151687
2.550000, 0.460000, 0.157606
2.550000, 0.480000, 0.163147
2.550000, 0.500000, 0.168856
2.550000, 0.520000, 0.176106
2.550000, 0.540000, 0.180925
2.550000, 0.560000, 0.186268
2.550000, 0.580000, 0.191544
2.550000, 0.600000, 0.198135
2.550000, 0.620000, 0.202995
2.550000, 0.640000, 0.208123
2.550000, 0.660000, 0.212582
2.550000, 0.680000, 0.216816
2.550000, 0.700000, 0.220824
2.550000, 0.720000, 0.225031
2.550000, 0.740000, 0.229439
2.550000, 0.760000, 0.232880
2.550000, 0.780000, 0.235933
2.550000, 0.800000, 0.239713
2.550000, 0.820000, 0.243037
2.550000, 0.840000, 0.245125
2.550000, 0.860000, 0.247365
2.550000, 0.880000, 0.249928
2.550000, 0.900000, 0.252100
2.550000, 0.920000, 0.253721
2.550000, 0.940000, 0.253454
2.550000, 0.960000, 0.254622
2.550000, 0.980000, 0.255469
2.550000, 1.000000, 0.256039
2.580000, 0.000000, 0.000000
2.580000, 0.020000, 0.006996
2.580000, 0.040000, 0.014130
2.580000, 0.060000, 0.021243
2.580000, 0.080000, 0.028021
2.580000, 0.100000, 0.035057
2.580000, 0.120000, 0.041997
2.580000, 0.140000, 0.049132
2.580000, 0.160000, 0.056014
2.580000, 0.180000, 0.062905
2.580000, 0.200000, 0.069782
2.580000, 0.220000, 0.076526
2.580000, 0.240000, 0.082815
2.580000, 0.260000, 0.090109
2.580000, 0.280000, 0.096640
2.580000, 0.300000, 0.103094
