1.080000, 0.720000, 0.408616
1.080000, 0.740000, 0.419766
1.080000, 0.760000, 0.430258
1.080000, 0.780000, 0.441722
1.080000, 0.800000, 0.453265
1.080000, 0.820000, 0.464122
1.080000, 0.840000, 0.474655
1.080000, 0.860000, 0.486355
1.080000, 0.880000, 0.495805
1.080000, 0.900000, 0.508105
1.080000, 0.920000, 0.518105
1.080000, 0.940000, 0.529693
1.080000, 0.960000, 0.540743
1.080000, 0.980000, 0.550071
1.080000, 1.000000, 0.560562
1.080000, 1.020000, 0.571873
1.080000, 1.040000, 0.581366
1.080000, 1.060000, 0.592770
1.080000, 1.080000, 0.601524
1.080000, 1.100000, 0.611955
1.080000, 1.120000, 0.622317
1.080000, 1.140000, 0.633383
1.080000, 1.160000, 0.643152
1.080000, 1.180000, 0.652093
1.080000, 1.200000, 0.661988
1.080000, 1.220000, 0.671810
1.080000, 1.240000, 0.681467
1.080000, 1.260000, 0.690642
1.080000, 1.280000, 0.701689
1.080000, 1.300000, 0.709778
1.080000, 1.320000, 0.719510
1.080000, 1.340000, 0.729142
1.080000, 1.360000, 0.737914
1.080000, 1.380000, 0.746698
1.080000, 1.400000, 0.756333
1.080000, 1.420000, 0.765054
1.080000, 1.440000, 0.772925
1.080000, 1.460000, 0.782543
1.080000, 1.480000, 0.790834
1.080000, 1.500000, 0.799340
1.080000, 1.520000, 0.808581
1.080000, 1.540000, 0.816741
1.080000, 1.560000, 0.825114
1.080000, 1.580000, 0.833237
1.080000, 1.600000, 0.842272
1.080000, 1.620000, 0.849737
1.080000, 1.640000, 0.858168
1.080000, 1.660000, 0.866435
1.080000, 1.680000, 0.874465
1.080000, 1.700000, 0.882718
1.080000, 1.720000, 0.891134
1.080000, 1.740000, 0.898858
1.080000, 1.760000, 0.906511
1.080000, 1.780000, 0.914107
1.080000, 1.800000, 0.922589
1.080000, 1.820000, 0.929994
1.080000, 1.840000, 0.938177
1.080000, 1.860000, 0.946019
1.080000, 1.880000, 0.953542
1.080000, 1.900000, 0.961276
1.080000, 1.920000, 0.969376
1.080000, 1.940000, 0.976870
1.080000, 1.960000, 0.984793
1.080000, 1.980000, 0.992347
1.080000, 2.000000, 1.000000
1.110000, 0.000000, 0.000000
1.110000, 0.020000, 0.011598
1.110000, 0.040000, 0.023159
1.110000, 0.060000, 0.034234
1.110000, 0.080000, 0.045756
1.110000, 0.100000, 0.057152
1.110000, 0.120000, 0.068790
1.110000, 0.140000, 0.079232
1.110000, 0.160000, 0.090865
1.110000, 0.180000, 0.102707
1.110000, 0.200000, 0.113490
1.110000, 0.220000, 0.125543
1.110000, 0.240000, 0.136668
1.110000, 0.260000, 0.147652
1.110000, 0.280000, 0.159421
1.110000, 0.300000, 0.171149
1.110000, 0.320000, 0.182722
1.110000, 0.340000, 0.194059
1.110000, 0.360000, 0.205671
1.110000, 0.380000, 0.217126
1.110000, 0.400000, 0.228770
1.110000, 0.420000, 0.239657
1.110000, 0.440000, 0.251091
1.110000, 0.460000, 0.263027
1.110000, 0.480000, 0.274110
1.110000, 0.500000, 0.285400
1.110000, 0.520000, 0.296921
1.110000, 0.540000, 0.307750
1.110000, 0.560000, 0.320189
1.110000, 0.580000, 0.331353
1.110000, 0.600000, 0.342687
1.110000, 0.620000, 0.354180
1.110000, 0.640000, 0.364843
1.110000, 0.660000, 0.376363
1.110000, 0.680000, 0.387945
1.110000, 0.700000, 0.399032
1.110000, 0.720000, 0.410349
1.110000, 0.740000, 0.421252
1.110000, 0.760000, 0.432979
1.110000, 0.780000, 0.443646
1.110000, 0.800000, 0.455277
1.110000, 0.820000, 0.466111
1.110000, 0.840000, 0.477679
1.110000, 0.860000, 0.488337
1.110000, 0.880000, 0.499442
1.110000, 0.900000, 0.509767
1.110000, 0.920000, 0.521555
1.110000, 0.940000, 0.531686
1.110000, 0.960000, 0.542749
1.110000, 0.980000, 0.553378
1.110000, 1.000000, 0.563271
1.110000, 1.020000, 0.576158
1.110000, 1.040000, 0.584477
1.110000, 1.060000, 0.595324
1.110000, 1.080000, 0.604248
1.110000, 1.100000, 0.616210
1.110000, 1.120000, 0.626448
1.110000, 1.140000, 0.635572
1.110000, 1.160000, 0.645890
1.110000, 1.180000, 0.656371
1.110000, 1.200000, 0.665624
1.110000, 1.220000, 0.675026
1.110000, 1.240000, 0.684443
1.110000, 1.260000, 0.693969
1.110000, 1.280000, 0.703571
1.110000, 1.300000, 0.712830
1.110000, 1.320000, 0.722516
1.110000, 1.340000, 0.732121
1.110000, 1.360000, 0.740954
1.110000, 1.380000, 0.750009
1.110000, 1.400000, 0.759445
