1.950000, 1.980000, 0.999404
1.950000, 2.000000, 1.000000
1.980000, 0.000000, 0.000000
1.980000, 0.020000, 0.010667
1.980000, 0.040000, 0.020757
1.980000, 0.060000, 0.031324
1.980000, 0.080000, 0.041616
1.980000, 0.100000, 0.051722
1.980000, 0.120000, 0.062905
1.980000, 0.140000, 0.073540
1.980000, 0.160000, 0.084031
1.980000, 0.180000, 0.094759
1.980000, 0.200000, 0.104722
1.980000, 0.220000, 0.115602
1.980000, 0.240000, 0.127137
1.980000, 0.260000, 0.136982
1.980000, 0.280000, 0.148253
1.980000, 0.300000, 0.159191
1.980000, 0.320000, 0.170347
1.980000, 0.340000, 0.181492
1.980000, 0.360000, 0.192539
1.980000, 0.380000, 0.203900
1.980000, 0.400000, 0.214658
1.980000, 0.420000, 0.226590
1.980000, 0.440000, 0.238386
1.980000, 0.460000, 0.250756
1.980000, 0.480000, 0.261548
1.980000, 0.500000, 0.273412
1.980000, 0.520000, 0.285708
1.980000, 0.540000, 0.297728
1.980000, 0.560000, 0.311037
1.980000, 0.580000, 0.323481
1.980000, 0.600000, 0.336109
1.980000, 0.620000, 0.349803
1.980000, 0.640000, 0.362570
1.980000, 0.660000, 0.377063
1.980000, 0.680000, 0.391398
1.980000, 0.700000, 0.406532
1.980000, 0.720000, 0.421246
1.980000, 0.740000, 0.437480
1.980000, 0.760000, 0.454000
1.980000, 0.780000, 0.470921
1.980000, 0.800000, 0.488453
1.980000, 0.820000, 0.508759
1.980000, 0.840000, 0.528247
1.980000, 0.860000, 0.549778
1.980000, 0.880000, 0.574222
1.980000, 0.900000, 0.601090
1.980000, 0.920000, 0.631574
1.980000, 0.940000, 0.666601
1.980000, 0.960000, 0.711034
1.980000, 0.980000, 0.771068
1.980000, 1.000000, 0.853247
1.980000, 1.020000, 0.916493
1.980000, 1.040000, 0.943528
1.980000, 1.060000, 0.956616
1.980000, 1.080000, 0.964336
1.980000, 1.100000, 0.969591
1.980000, 1.120000, 0.973246
1.980000, 1.140000, 0.975809
1.980000, 1.160000, 0.978369
1.980000, 1.180000, 0.980526
1.980000, 1.200000, 0.981876
1.980000, 1.220000, 0.983508
1.980000, 1.240000, 0.984576
1.980000, 1.260000, 0.985530
1.980000, 1.280000, 0.986368
1.980000, 1.300000, 0.987350
1.980000, 1.320000, 0.988137
1.980000, 1.340000, 0.988755
1.980000, 1.360000, 0.989210
1.980000, 1.380000, 0.989841
1.980000, 1.400000, 0.990599
1.980000, 1.420000, 0.991017
1.980000, 1.440000, 0.991579
1.980000, 1.460000, 0.991924
1.980000, 1.480000, 0.992470
1.980000, 1.500000, 0.992753
1.980000, 1.520000, 0.993124
1.980000, 1.540000, 0.993502
1.980000, 1.560000, 0.993986
1.980000, 1.580000, 0.994167
1.980000, 1.600000, 0.994577
1.980000, 1.620000, 0.995022
1.980000, 1.640000, 0.995263
1.980000, 1.660000, 0.995420
1.980000, 1.680000, 0.995971
1.980000, 1.700000, 0.996121
1.980000, 1.720000, 0.996435
1.980000, 1.740000, 0.996785
1.980000, 1.760000, 0.996934
1.980000, 1.780000, 0.997294
1.980000, 1.800000, 0.997541
1.980000, 1.820000, 0.997810
1.980000, 1.840000, 0.998095
1.980000, 1.860000, 0.998344
1.980000, 1.880000, 0.998541
1.980000, 1.900000, 0.998834
1.980000, 1.920000, 0.999064
1.980000, 1.940000, 0.999309
1.980000, 1.960000, 0.999532
1.980000, 1.980000, 0.999755
1.980000, 2.000000, 1.000000
2.010000, 0.000000, 0.000000
2.010000, 0.020000, 0.010347
2.010000, 0.040000, 0.020644
2.010000, 0.060000, 0.030695
2.010000, 0.080000, 0.041016
2.010000, 0.100000, 0.051346
2.010000, 0.120000, 0.061951
2.010000, 0.140000, 0.072486
2.010000, 0.160000, 0.082753
2.010000, 0.180000, 0.092888
2.010000, 0.200000, 0.103392
2.010000, 0.220000, 0.114189
2.010000, 0.240000, 0.125182
2.010000, 0.260000, 0.135521
2.010000, 0.280000, 0.146540
2.010000, 0.300000, 0.156669
2.010000, 0.320000, 0.168008
2.010000, 0.340000, 0.178797
2.010000, 0.360000, 0.189419
2.010000, 0.380000, 0.200570
2.010000, 0.400000, 0.212158
2.010000, 0.420000, 0.223889
2.010000, 0.440000, 0.234671
2.010000, 0.460000, 0.246093
2.010000, 0.480000, 0.257254
2.010000, 0.500000, 0.269030
2.010000, 0.520000, 0.281680
2.010000, 0.540000, 0.292116
2.010000, 0.560000, 0.305978
2.010000, 0.580000, 0.317760
2.010000, 0.600000, 0.330054
2.010000, 0.620000, 0.343772
2.010000, 0.640000, 0.356438
