50632
50404
50427
50494
50690
50784
50755
50472
50829
50639
50762
50502
50664
50316
50418
50412
50700
50658
50427
50615
50873
50664
50645
50325
50680
50684
50471
50472
50625
50583
50455
50699
50421
50477
50669
51126
50565
50803
50328
50490
50564
50583
50500
50581
50565
50723
50543
50640
50747
50456
50421
50274
50811
50598
50568
50872
50524
50368
50931
50460
50226
50555
50417
50906
50659
50451
50661
50625
50244
50611
50590
50559
50724
50519
50509
50854
50486
50447
50677
50594
50744
50506
50594
50710
50639
50600
50669
50620
50640
50478
50542
50365
50442
50630
50278
50639
50463
50440
50567
50524
50615
50509
50689
50551
50648
50488
50846
50647
50509
50589
50437
50609
50546
50836
50449
50697
50784
50718
50677
50514
50493
50565
50500
50380
50702
50525
50746
50655
50457
50866
50623
50602
50439
50841
50764
50592
50757
50554
50676
50368
50337
50339
50394
50332
50399
50359
50481
50958
50417
50586
50547
50502
50740
50607
50445
50370
50576
50548
50676
50362
50712
50743
50420
50606
50526
50665
50694
50525
50947
50586
50884
50500
50700
50556
50714
50757
50642
50437
50577
50485
50557
50647
50477
50673
50603
50633
50605
50526
50488
50569
50558
50414
50614
50621
50441
50536
50579
50363
50712
50710
50587
50563
50647
50651
50649
50557
50532
50627
50589
50699
50685
50849
50698
50566
50388
50521
50709
50741
50537
50593
50468
50592
50673
50558
50641
50808
50583
50807
50462
50691
50622
50234
50476
50535
50889
50526
50573
50712
50865
50569
50481
50733
50314
50530
50327
50581
50500
50182
50747
50537
50442
50420
50842
50625
50609
50621
50595
50337
50352
50716
50354
50749
50622
50884
50599
50570
50406
50540
50770
50806
50611
50508
50761
50525
50853
50616
50679
50649
50494
50507
50564
50403
50331
50533
50498
50368
50429
50570
50527
50534
50421
50513
50657
50351
50596
50741
50617
50701
50584
50724
50501
50479
50774
50761
50560
50821
50431
50807
50777
50459
50518
50368
50440
50565
50525
50547
50516
50400
50581
50602
50645
50356
50587
50447
50740
50617
50532
50634
50806
50769
50486
50406
50572
50335
50414
50581
50484
50394
50246
50676
50626
50479
50679
50419
50889
50591
50649
50443
50730
50914
50768
50556
50704
50261
50652
50510
50756
50547
50664
50305
50567
50747
50634
50701
50477
50537
50695
50492
50626
50370
50446
50644
50680
50598
50654
50908
50579
50908
50556
50870
50366
50447
50432
50487
50480
50732
50709
50395
50949
50637
50667
50792
50448
50649
50716
50872
50603
50495
50647
50593
50712
50741
50827
50620
50699
50574
50313
50727
50737
50674
50585
50615
50332
50687
50409
50563
50743
50840
50629
50561
50625
50320
50806
50679
50635
50598
50548
50461
50560
50622
50470
50427
50578
50696
50715
50519
50450
50666
50620
50685
50697
50728
50463
50342
50524
50660
50604
50773
50605
50589
50381
50619
50460
50456
50638
50646
50239
50701
50432
50565
50585
50373
50799
50817
50524
50622
50519
50332
50497
50541
50550
50636
50770
50334
50728
50772
50456
50425
50609
50908
50562
50773
50644
50398
50416
50293
50761
50563
50512
50545
50649
50763
50566
50487
50708
50468
50503
50826
50403
50826
50682
50741
50650
50595
50473
50642
50458
50509
50803
50390
50232
50721
50344
50625
50480
50692
50488
50476
50559
50823
50353
50751
50210
50319
50762
50848
50399
50206
50371
50645
50288
50249
50803
50546
50299
50350
50466
50600
50607
50532
50699
50939
50503
50352
50450
50516
50506
50467
50304
50915
50512
50704
50730
50651
50637
50585
50615
50758
50561
50667
50540
50471
50684
50655
50820
50547
50776
50623
50607
50624
50637
50507
50440
50633
50455
50457
50244
50587
50443
50400
50532
50693
50830
50438
50588
50649
50630
50459
50745
50583
50561
50642
50660
50625
50910
50665
50560
50578
50747
50844
50814
50401
50426
50565
50449
50652
50445
50482
50897
50352
50566
50854
50639
50499
50444
50583
50535
50443
50677
50617
50776
50458
50782
50461
50701
50851
50707
50504
50265
50648
50460
50771
50539
50774
50588
50722
50481
50542
50728
50531
50784
50722
50684
50454
50693
50776
50237
50500
50567
50353
50489
50333
50566
50772
51018
50619
50859
50894
50413
50386
50519
50458
50747
50882
50497
50420
50953
50683
50586
50588
50657
50635
50363
50487
50642
50725
50689
50412
50364
50700
50773
50754
50578
50532
50275
50410
50241
50349
50298
50534
50198
50700
50665
50879
50761
50529
50462
50414
50893
50194
50529
50731
50692
50819
50612
50629
50597
50570
50496
50576
50860
50406
50642
50606
50338
50666
50200
50638
50705
50554
50415
50687
50813
50447
50744
50690
50523
50514
50848
50457
50686
50345
50532
50454
50458
51026
50591
50686
50495
50474
50078
50393
50473
50695
50689
50472
50483
50503
50419
50843
50589
50547
50442
50682
50593
50392
50311
50779
51023
50718
50789
50777
50517
50609
50639
50682
50869
50296
50288
50852
50159
50352
50446
50771
50399
50935
50502
50474
50447
50471
50622
50733
50402
50409
50621
50457
50409
50690
50818
50764
50483
50716
50834
50646
50660
50628
50507
50422
50506
50201
50528
50705
50864
50826
50758
50470
50932
50670
50619
50843
50486
50592
50565
50637
50571
50497
50719
50838
50660
50458
50310
50507
50658
50621
50658
50605
50746
50545
50767
50519
50502
50512
50746
50342
50554
50750
50764
50884
50554
50555
50638
50754
50673
50773
50658
50915
50363
50500
50570
50611
50386
50862
50662
50603
50571
50260
50682
50527
50560
50651
50810
50518
50592
50331
50694
50502
50493
50363
50351
50523
50409
50695
50653
50528
50545
50874
50522
50487
50459
50508
50454
50441
50338
50241
50585
50470
50925
50541
50776
50513
50616
50379
50735
50523
50572
50669
50223
50764
50590
50588
50412
50390
50836
50812
50442
50608
50622
50479
50555
50599
50469
50439
50344
50870
50541
50543
50807
50355
50649
50676
50596
50703
50486
50735
50616
50535
50343
50613
50661
50665
50508
50637
50539
50569
50458
50902
50673
50729
50641
50504
50727
50635
50504
50460
50236
50528
50480
50388
50548
50680
50829
50812
50456
50336
50626
50779
50765
50718
50809
50382
50387
50520
50591
50484
50511
50453
50745
50674
50667
50760
50854
50299
50462
50682
50752
50741
50410
50813
50563
50742
50541
50484
50446
50732
50385
50689
50544
50292
50430
50552
50918
50367
50563
50464
50856
50498
50666
50464
50466
50478
