59745
59690
59681
59621
59778
59674
59343
59407
59574
59424
59384
59313
59482
59716
59889
59827
59697
59747
59620
59470
59497
59388
59674
59858
59490
59716
59579
59443
59747
59547
59611
59390
59625
59703
59451
59409
59422
59802
59885
59512
59627
59556
59584
59502
59737
59616
59477
59539
59226
59695
59344
59887
59638
59485
59428
59749
59289
59388
59494
59849
59717
59441
59577
59361
59944
59406
59582
59466
59339
59426
59590
59553
59415
59580
59492
59536
59605
59787
59436
59260
59351
59459
59493
59681
59245
59589
59567
59633
59603
59508
59655
59404
59595
59386
59669
59829
59576
59477
59677
59499
59572
59785
59759
59584
59589
59654
59635
59413
59360
59741
59540
59684
59549
59792
59592
59728
59672
59601
59720
59482
59312
59328
59677
59465
59687
59385
59566
59731
59544
59604
59544
59546
59550
59582
59683
59780
59438
59694
59605
59610
59628
59662
59745
59693
59521
59475
59529
59786
59670
59320
59787
59467
59679
59504
59442
59532
59241
59701
59764
59646
59883
59623
59508
59482
59794
59554
59584
59515
59411
59614
59432
59707
59343
59751
59516
59830
59769
59491
59732
59281
59707
59427
59665
59782
59704
59787
59432
59627
59817
59721
59811
59800
59831
59542
59432
59719
59635
59818
59516
59599
59648
59535
59700
59746
59654
59296
59783
59519
59542
59742
59804
59387
59626
59535
59382
59473
59492
59386
59614
59586
59616
59494
59510
59779
59590
59470
59641
59699
59433
59474
59723
60024
59276
59516
59698
59578
59508
59613
59526
59275
59642
59589
59825
59902
59625
59646
59721
59391
59497
59632
59744
59378
59490
59510
59753
59333
59735
59415
59558
59719
59649
59593
59820
59592
59514
59708
59467
59628
59384
59844
59797
59796
59558
59590
59711
59745
59545
59631
59784
59777
59532
59519
59620
59899
59560
59409
59424
59442
59613
59628
59402
59750
59708
59535
59403
59590
59781
59464
59604
59813
59238
59679
59788
59802
59423
59849
59444
59641
59644
59524
59403
59747
59404
59845
59805
59694
59566
59621
59542
59581
59567
59484
59565
59820
59531
59679
59623
59793
59449
59521
59831
59739
59753
59952
59494
59651
59533
59673
59663
59515
59505
59506
59383
59802
59376
59839
59293
59458
59450
59668
59854
59738
59549
59622
59577
59858
59775
59755
59579
59507
59762
59643
59874
59509
59556
59538
59591
59449
59531
59693
59500
59751
59504
59811
59546
59626
59551
59648
59727
59757
59656
59642
59714
59353
59552
59771
59599
59756
59401
59538
59717
59413
59542
59464
59354
59461
59444
59797
59781
59656
59633
59773
59797
59623
59625
59754
59563
59477
59632
59322
59728
59611
59709
59788
59943
59734
59744
59775
59526
59800
59419
59842
59652
59486
59674
59466
59473
59661
59514
59529
59488
59452
59665
59735
59551
59529
59378
59642
59850
59618
59515
59553
59575
59429
59716
59753
59590
59641
59522
59260
59285
59647
59569
59741
59655
59758
59785
59423
59474
59334
59540
59705
59578
59637
59489
59476
59427
59430
59670
59656
59462
59827
59597
59524
59516
59539
59652
59416
59476
59553
59824
59544
59746
59696
59650
59442
59518
59518
59431
59491
59713
59769
59745
59493
59573
59769
59652
59737
59713
59649
59769
59433
59489
59461
59588
59706
59729
59650
59880
59576
59585
59951
59535
59656
59481
59528
59615
59777
59765
59688
59917
59563
59913
59710
59710
59717
59443
59614
59617
59573
59521
59471
59583
59712
59717
59737
59734
59525
59426
59661
59604
59565
59440
59304
59472
59467
59285
59719
59511
59317
59586
59727
59562
59690
59773
59530
59718
59843
59471
59635
59543
59641
59643
59846
59563
59966
59534
59592
59384
59637
59729
59373
59816
59541
59839
59706
59611
59433
59343
59719
59468
59722
59839
59319
59665
59324
59426
59832
59169
59524
59432
59310
59544
59758
59517
59401
59749
59292
59316
59576
59394
59307
59411
59771
59358
59630
59428
59391
59521
59520
59717
59867
59474
59441
59543
59516
59500
59629
59390
59585
59776
59934
59622
59588
59496
59458
59550
59371
59865
59609
59805
59841
59621
59579
59702
59505
59462
59454
59711
59451
59861
59601
59646
59601
59748
59143
59457
59571
59746
59316
59339
59530
59688
59350
59527
59637
59440
59340
59710
59385
59821
59692
59530
59677
59704
59234
59341
59613
59626
59430
59503
59804
59668
59376
59761
59782
59500
59524
59656
59634
59653
59719
59545
59668
59898
59811
59441
59630
59811
59601
59714
59766
59470
59487
59354
59536
59725
59620
59607
59454
59452
59437
59464
59287
59574
59612
59760
59496
59512
59552
59842
59479
59760
59577
59880
59431
59844
59676
59627
59563
59581
59761
59698
59428
59740
59504
59521
59635
59267
59562
59604
59573
59528
59405
59591
59548
59543
59605
59486
59671
59570
59817
59271
59540
59569
59822
59532
59505
59664
59471
59395
59583
59686
59737
59632
59434
59610
59283
59676
59689
59675
59520
59460
59631
59403
59673
59539
59640
59708
59635
59537
59549
59610
59437
59475
59683
59655
59615
59653
59596
59783
59230
59588
59547
59530
59313
59765
59472
59857
59651
59431
59510
59799
59664
59638
59664
59468
59553
59356
59429
59574
59350
59544
59683
59379
59316
59473
59562
59369
59441
59377
59432
59516
59678
59472
59534
59668
59561
59856
59666
59722
59704
59543
59578
59593
59344
59146
59661
59681
59482
59698
59538
59630
59607
59317
59409
59596
59562
59771
59533
59686
59488
59608
59588
59475
59495
59475
59497
59623
59486
59667
59610
59611
59412
59576
59633
59638
59538
59642
59479
59713
59509
59569
59620
59649
59653
59471
59966
59404
59618
59681
59709
59663
59544
59534
59681
59290
59662
59707
59812
59411
59512
59669
59850
59612
59710
59687
59438
59515
59612
59483
59622
59637
59606
59660
59758
59955
59601
59599
59747
59409
59362
59487
59621
59469
59325
59879
59452
59508
59248
59570
59209
59487
59597
59663
59622
59437
59741
59443
59548
59509
59731
59491
59722
59763
59599
59557
59668
59415
59683
59490
59764
59714
59451
59511
59412
59726
59668
59506
59511
59308
59560
59367
59653
59561
59308
59604
59404
59574
59463
59689
59873
59703
59465
59836
59680
59558
59464
59541
59605
59530
59478
59707
59638
59484
59430
59632
59668
59629
59731
59709
59553
59572
59718
59862
59378
59511
59476
59516
59683
59568
59567
59626
59249
59211
59489
59516
59769
59609
59579
59838
59731
59492
59733
59515
59694
59504
59497
59453
59673
