81307
81304
81207
81229
81343
81188
81161
81589
81538
81376
81309
81283
81373
81487
81363
81244
81301
81146
81164
81272
81619
81435
81217
81445
80931
81370
81569
81522
81517
81385
81297
81245
81286
81588
81415
81347
81283
81507
81393
81214
81358
81541
81545
81187
81440
81392
81224
81356
81447
81464
81368
81447
81366
81439
81396
81262
81275
81222
81129
81163
81339
81486
81398
81452
81392
81314
81196
81364
81307
81399
81352
81268
81180
81418
81441
81385
81377
81265
81538
81130
81360
81241
81401
81601
81248
81214
81400
81248
81406
81383
81465
81194
81290
81157
81339
81279
81314
81351
81441
81408
81483
81400
81330
81361
81202
81325
81678
81473
81288
81142
81189
81166
81450
81283
81382
81163
81315
81378
81138
81444
81470
81430
81222
81408
81375
81107
81512
81470
81330
81392
81399
81482
81253
81425
81610
81320
81429
81364
81348
81499
81113
81175
81404
81273
81480
81305
81256
81403
81518
81311
81249
81401
81366
81356
81298
81193
81404
81076
81320
81206
81368
81570
81355
81187
81211
81462
81268
81280
81309
81332
81422
81390
81268
81233
81491
81327
81459
81314
81325
81433
81518
81292
81306
81300
81184
81251
81363
81422
81453
81277
81130
81370
81147
81492
81339
81129
81310
81333
81441
81149
81287
81436
81391
81197
81580
81214
81605
81619
81381
81241
81362
81354
81174
81478
81282
81256
81397
81468
81349
81105
81279
81433
81441
81422
81342
81480
81321
81418
81336
81334
81131
81109
81265
81315
81367
81557
81413
81167
81198
81359
81255
81288
81495
81333
81204
81185
81349
81480
81462
81460
81274
81363
81405
81441
81386
81328
81378
81407
81373
81371
81188
81319
81274
81463
81514
81344
81579
81173
81420
81274
81367
81226
81396
81242
81212
81539
81515
81307
81459
81401
81168
81189
81218
81459
81245
81408
81372
81219
81416
81220
81354
81286
81297
81380
81446
81330
81403
81396
81343
81358
81182
81284
81130
81224
81370
81404
81498
81231
81551
81352
81222
81429
81263
81294
81301
81483
81434
81326
81316
81222
81429
81331
81300
81454
81347
81467
81480
81214
81394
81285
81525
81371
81206
81126
81580
81384
81113
81146
81268
81354
81477
81040
81274
81118
81392
81318
81395
81277
81344
81315
81310
81265
81408
81472
81155
81115
81562
81223
81481
81154
81382
81057
81387
81390
81210
81335
81296
81336
81344
81443
81496
81390
81135
81338
81225
81232
81563
81411
81584
81236
81360
81543
81258
81245
81226
81203
81372
81315
81141
81252
81433
81382
81218
81418
81319
81389
81288
81424
81418
81311
81417
81239
81532
81251
81210
81707
81261
81233
81366
81661
81597
81431
81462
81392
81358
81477
81275
81281
81321
81407
81390
81358
81481
81355
81357
81353
81466
81519
81208
81235
81318
81495
81375
81311
81391
81341
81525
81318
81473
81235
81435
81287
81318
81324
81228
81306
81312
81235
81294
81525
81321
81346
81109
81416
81480
81647
81391
81361
81427
81127
81259
81521
81500
81415
81344
81232
81395
81501
81537
81571
81246
81390
81304
81296
81360
81413
81394
81330
81455
81366
81325
81328
81208
81469
81516
81141
81207
81283
81273
81232
81337
81247
81370
81430
81222
81189
81575
81208
81204
81216
81061
81213
81224
81461
81272
81286
81423
81191
81315
81175
81063
81397
81421
81555
81419
81313
81475
81325
81413
81231
81350
81355
81381
81380
80960
81412
81242
81438
81187
81208
81183
81402
81270
81218
81261
81401
81391
81345
81575
81134
81452
81448
81031
81317
81267
81110
81554
81198
81453
81422
81507
81295
81460
81372
81317
81258
81206
81332
81377
81242
81174
81357
81501
81513
81213
81455
81512
81419
81271
81542
81272
81627
81577
81231
81308
81329
81301
81377
81368
81493
81475
81232
81367
81123
81423
81331
81247
81399
81286
81198
81396
81349
81423
81524
81312
81229
81235
81184
81482
81494
81282
81174
81445
81509
81129
81363
81223
81280
81146
81170
81070
81510
81140
81414
81216
81271
81086
81484
81477
81340
81174
81366
81085
81378
81425
81507
81525
81299
81300
81286
81194
81310
81251
81223
81371
81258
81185
81312
81314
81375
81310
81241
81308
81259
81323
81310
81522
81284
81222
81172
81313
81274
81379
81263
81286
81562
81583
81382
81293
81273
81054
81488
81377
81252
81246
81431
81255
81210
81226
81514
81389
81146
81371
81408
81201
81389
81230
81180
81393
81539
81464
81285
81232
81141
81363
81596
81399
81162
81295
81428
81289
81155
81228
81541
81214
81384
81108
81184
81462
81457
81365
81512
81193
81161
81282
81532
81421
81409
81321
81357
81472
81431
81390
81349
81456
81113
81133
81295
81445
81334
81263
81339
81224
81429
81313
81316
81183
81243
81357
81335
81448
81320
81297
81219
81360
81498
81362
81692
81175
81311
81497
81356
81344
81385
81341
81405
81226
81328
81510
81256
81416
81246
81197
81543
81321
81309
81331
81447
81461
81483
81426
81664
81392
81398
81432
81360
81461
81366
81334
81302
81183
81191
81322
81293
81239
81076
81459
81435
81181
81161
81130
81383
81403
81479
81304
81290
81073
81124
81631
81526
81240
81354
81320
81328
81224
81420
81387
81305
81477
81326
81306
81553
81272
81448
81246
81218
81395
81200
81486
81464
81243
81322
81268
81303
81586
81232
81238
81426
81415
81404
81252
81390
81273
81506
81617
81253
81512
81451
81364
81477
81469
81239
81137
81257
81490
81454
81345
81375
81459
81357
81310
81385
81305
81267
81365
81325
81439
81382
81305
81596
81404
81190
81632
81089
81345
81225
81392
81146
81212
81331
81225
81304
81366
81182
81246
81504
81479
81240
81201
81340
81099
81361
81372
81367
81640
81121
81320
81281
81242
81402
81436
81527
81186
81430
81410
81386
81153
81189
81317
81264
81545
81251
81484
81241
81283
81436
81558
81491
81304
81301
81262
81134
81417
81249
81525
81408
81523
81379
81330
81351
81401
81406
81219
81356
81273
81449
81229
81541
81565
81433
81478
81395
81177
81517
81493
81244
81238
81269
81211
81296
81417
81267
81522
81377
81298
81455
81401
81296
81101
81325
81373
81354
81119
81483
81462
81278
81274
81518
81255
81272
81625
81123
81256
81307
81377
81197
81515
81617
81358
81213
81295
81135
81415
81433
81448
81306
81347
81172
81390
81445
81207
81315
81249
81363
81280
81460
81274
81280
81203
81484
81188
81435
81364
81487
81389
81293
81272
81186
81376
81127
81528
81173
81316
81359
81400
81638
81152
81595
81420
81410
