33588
33634
33871
34002
33723
33794
33700
33927
33538
33669
33824
33598
34088
33881
33552
33880
33992
33839
33726
34017
33885
33900
33719
33816
33802
33940
33775
33852
33395
33451
33974
33732
33666
33707
33921
33341
33947
33795
33511
33834
33870
33800
33912
33877
33700
33870
34009
33740
33625
33967
33940
33747
33652
33714
33853
33688
33738
33846
33784
33937
33764
33668
33810
34145
33799
33819
34024
34124
33878
33725
34035
33808
33883
33792
33825
33876
33487
33984
33935
33864
33695
33881
33971
34074
33518
34097
33524
33904
33775
33756
33899
33712
33822
33773
33855
33965
33989
33943
33651
33837
34033
33794
33843
33611
33693
33826
33976
33676
33737
33940
33654
33685
33895
33898
33564
33916
33877
33572
33803
33883
33896
34066
33727
33855
33765
34006
33815
33734
33841
33915
33857
33760
33798
34032
33834
33759
33348
33823
33788
33749
33744
33917
33715
33767
33637
33838
34101
33765
33660
33679
33498
33675
33573
33794
33933
33485
33900
33894
33846
33861
33842
33744
33813
34056
33655
33617
33762
33561
33619
34110
33758
33886
33597
33642
33784
33838
33715
33758
33896
33924
34036
33646
33872
34027
33794
33918
33442
33652
33740
33532
33918
33656
33818
33824
33830
33552
33719
33681
33796
33797
33999
33957
33609
34073
33818
33814
33814
33743
33636
33719
33745
33646
34018
33623
33695
33617
33677
33709
33638
33652
33755
33978
33668
33730
33770
33972
33790
33894
33691
33651
33966
34027
33751
33798
33867
33585
33621
33709
33705
33847
33967
33706
33904
34007
33642
33852
33678
33742
33920
33800
34025
34029
33688
33547
33949
33924
33560
33760
33788
33745
33978
33856
34073
33702
33794
33906
33829
33745
33952
33901
33827
33801
33725
33753
33914
33595
33784
33820
33670
33898
34032
33956
33695
33953
33576
33633
33628
33739
33774
33907
33929
33949
33889
33912
33517
33771
33796
33773
33488
33814
33718
33858
33749
33739
33978
33813
34042
33823
33832
33729
33581
33937
33825
33859
33909
33670
33730
33764
33949
33724
33857
33906
33857
33445
33609
33834
33877
33644
33822
33795
33881
33905
33963
33875
33691
33879
33850
33712
33707
33804
33749
33688
33726
34098
33690
33753
33796
33991
33779
34017
33472
33779
33653
33518
33784
33660
33832
34017
33792
33691
33761
33900
33808
33913
33807
33644
34007
33757
33836
33957
33626
33803
33544
33723
33889
33701
33882
33802
34024
33746
33812
33689
33572
33901
33604
33592
33842
33576
33613
33615
33915
33644
33858
34068
33622
33760
33855
34006
33697
33872
33651
33862
33765
33848
33759
33806
34154
33783
33725
33621
33761
33911
33628
33599
33829
33893
33738
33705
33749
33663
33475
33687
33538
33625
33954
33612
33991
34123
34047
33721
33574
33995
33736
33894
33710
33558
33811
33834
33916
34028
33935
33894
33844
33706
33453
33526
33699
33905
33739
33730
33794
33818
33961
33636
33470
33827
33736
34001
33684
33752
33887
33799
33720
33538
33824
34023
33624
33676
34130
33716
33710
33618
33777
33955
33706
33770
34052
33886
34039
33779
33762
33741
33656
33537
33660
33896
33619
33682
33635
33626
33861
33986
33592
33708
33859
33731
33776
33793
33989
33778
33815
33851
33841
33947
33868
33854
33423
33774
33763
33936
33805
33992
33834
33807
33860
33741
33690
33942
34081
33765
33814
33829
33583
33787
33582
33694
33642
33935
33732
33882
33492
33755
33578
33839
33715
33550
33407
33694
33892
33652
33772
33531
33587
33873
33769
33859
33744
33943
33743
33623
33689
33884
33523
33879
33595
33728
33976
33902
33781
33331
34081
33867
33731
33668
33645
34051
33816
33846
33704
33708
33578
33849
33578
33948
33895
33761
33728
33728
33919
33969
33834
33790
34139
33474
33789
33663
33658
33775
33673
33889
33809
33696
33964
33783
33882
33782
33600
33478
33918
33460
34018
33800
33730
33784
33699
33548
33700
33780
33468
33815
33966
33634
33627
33607
33856
33600
33602
33806
33802
33815
33953
33797
33657
33847
33781
33860
33978
33779
33822
33897
33686
33592
33745
33550
33952
33660
33670
33576
33926
33306
33752
33833
33736
34087
33822
33791
33580
33834
33705
33919
33690
33610
33636
33948
33519
33889
33790
33771
33721
33738
33686
33804
33540
33629
33839
33664
33821
33704
33890
33581
33992
33868
33963
33858
33744
33971
33695
33776
33998
33791
33637
34023
33764
33704
33521
34013
33715
33682
33829
33760
33850
33932
33798
34072
33859
34129
33591
33694
33733
33743
33901
33735
33836
33891
33657
34035
33842
33794
33846
33651
33648
33748
33618
33916
33803
33664
33780
33772
33591
33914
33609
33755
33693
33765
33775
33366
33532
33647
33766
33683
34061
33733
33494
33875
33608
33890
33643
33848
33792
33554
33700
33640
33893
33634
33678
33963
33712
33885
33892
34030
33660
33800
33534
33740
33606
33776
33484
33852
33637
33926
33458
34024
33839
34025
33718
33475
33872
33840
33813
33628
33598
33516
33988
33806
33848
33839
33894
33627
34162
33975
33840
33598
34169
33857
33659
33757
33972
33823
33615
33899
33733
33559
33928
33889
33599
33774
33711
33896
33924
33493
33753
33552
33791
33980
33550
33773
33819
33772
33861
33700
33558
34061
33665
33790
33740
33489
33474
34038
33763
33897
33992
33749
33568
34175
33774
33654
33492
33730
33698
33830
33820
33586
33926
33638
33801
33964
33943
33757
34007
33903
33784
33624
33856
33875
34176
33690
33457
33553
33761
33695
33910
33882
33808
33966
33798
33796
33756
33589
33679
33978
33703
33827
33747
33936
33534
33885
33878
33613
33496
33732
33931
33667
33530
33718
33617
33822
33769
34110
34097
33737
33763
33773
33828
33946
33433
33691
33477
33845
33963
33673
33759
33732
33847
33956
33715
33905
33627
33753
33753
33651
33851
33725
33617
33690
33604
33883
33744
33711
34021
33783
33575
33819
33878
33697
34063
33955
33611
33571
33719
33750
33851
33879
34047
33740
33777
33939
33737
33931
33863
33831
33935
33796
33733
33906
33610
33865
33813
33737
33883
33922
33453
33802
33691
33546
34042
33990
33813
33908
33815
33618
33746
33899
33702
34055
33793
33703
33571
33837
33738
34086
33639
34004
33819
33977
33798
33770
34043
34197
33833
33812
33820
33861
33676
33986
33773
33626
33720
33718
33746
33656
33747
33728
33818
33667
33951
34009
33494
33829
33704
33416
33796
33670
33888
33869
33667
33719
33935
33976
33755
33673
