39660
39838
39944
39824
39836
39711
39646
39802
39643
39853
39823
39787
39744
39739
39843
39892
39827
39881
39862
39529
39569
39707
39584
39703
40053
39896
39832
39670
39969
39865
39772
39572
39682
39566
39731
39752
39653
40029
39848
39968
39609
39865
39967
39451
39435
39622
39544
39835
40036
39823
39772
39708
39762
39617
39923
40080
39921
39714
40011
39727
39898
39935
39566
39730
39882
39324
39994
39657
39776
40107
39799
39821
39921
39918
39437
40242
39933
39780
39818
39593
40046
39927
39711
39556
39726
39642
39516
39799
39760
39708
39633
39726
40221
39709
39745
39515
39912
39824
39750
40059
39558
39757
39826
39716
39808
39864
39462
39904
39714
39559
39724
39870
39796
39807
39864
39713
39935
39535
40043
39659
39705
39705
39855
39844
39953
39895
39752
39798
39818
39606
40157
39723
39871
39909
39624
39789
39677
39693
39907
39875
39808
39602
39667
39659
39844
39818
39792
39664
39718
40044
39764
39887
39963
39481
39901
39911
39745
39670
39767
39847
39816
39981
39993
39743
39579
39694
40090
39509
39882
40018
39656
39686
39886
39839
39440
39805
39558
39785
39567
39859
40119
39435
39949
39766
39941
39640
39839
39592
39707
39563
39611
39934
39973
39729
39698
39745
39408
39762
39851
39758
39723
40069
39622
40057
39782
39745
39811
39658
39711
39812
39490
39729
39749
39995
39810
40072
39814
39692
39840
39526
39790
39648
39884
39945
39670
39640
39727
39879
39644
39732
39698
39675
39752
39829
39878
39588
39907
39711
39701
39697
39676
39986
39628
39746
39709
39881
39705
39896
39537
39634
39741
40106
39840
39483
39857
39505
39641
39591
39984
39801
39976
39528
40061
39647
39538
39878
39906
40044
39762
39864
39867
39767
39774
39632
39827
39677
39811
39699
39831
39804
39672
39687
39759
39757
40071
39748
39989
40040
39860
39493
39684
39739
39743
39850
39995
39632
39487
39823
39773
39660
39477
39766
39705
39773
39843
39759
39559
39937
39726
39698
39438
39897
39839
39818
39857
39584
39891
39831
39495
39716
39904
40161
39534
39867
39784
39777
40063
39711
39605
39915
39786
39713
39916
39694
39853
39535
39819
39634
39715
39695
39470
39706
39786
39853
39838
39616
39810
39969
39821
39540
39825
39538
39809
39889
39811
39848
39877
39458
39962
40068
39826
39767
39870
39876
40026
39480
39747
39826
39827
39867
39711
39778
40004
39616
39839
39692
39954
39936
39621
39698
39726
39701
39964
39907
39754
40082
39803
39667
39867
39947
39712
39899
39644
39790
39399
39964
39889
39577
39952
39556
39899
40000
39684
39824
39517
39679
39809
39790
39787
39723
39613
39946
39961
39779
39599
39936
39709
39802
39831
39693
39952
39921
39918
39921
39889
39863
39885
39624
39841
39833
39997
39858
39654
39968
39877
39625
39487
39931
39747
39857
39838
39897
39962
39737
39840
39697
39895
39904
39951
39682
39530
39808
39555
39747
39843
39769
39573
39526
39771
39629
39558
39752
39891
39671
39959
39621
39875
39713
40012
39761
39617
39782
39639
39923
39979
39736
39769
40020
39790
39575
39802
39762
39827
39762
39593
39502
39610
39931
39786
39797
39612
39986
39874
39922
39709
39860
39853
39896
39679
39794
39837
39663
39752
39562
39632
39851
39627
39883
39782
39898
39720
40057
39533
39703
39795
39639
39837
39996
39996
39607
39675
39671
39463
39696
39679
39716
39818
39665
39773
39630
39745
39788
39746
39817
39792
39820
39704
39977
39846
39930
39743
39564
39859
39880
39994
39591
39839
39606
39943
39836
39672
39769
39789
39721
39581
39645
40082
39703
39632
39587
39783
39490
39827
39763
39731
39863
39830
39638
39912
40121
39941
39838
39962
39726
39528
39827
39630
39772
39866
39493
39833
40008
39547
39687
39837
39731
39780
39786
39776
39900
39977
39512
39671
39908
39639
39922
39822
39724
39678
39840
39972
39652
39781
40024
39572
39887
39622
39721
39588
39674
39836
39863
39862
39727
39905
39592
39839
39991
40123
39988
39463
39968
39777
39563
39584
40016
39599
40055
39822
39617
39800
39904
39878
39838
39612
39732
39842
39726
39909
39890
39896
39575
40016
39819
39711
40031
39665
40114
39765
40041
39734
39328
39880
39731
39879
39967
39707
39888
39944
39808
39894
39924
39949
39703
39428
40107
39637
39694
39557
39852
39952
39697
39827
39734
39688
40232
39737
39829
39729
39807
39835
39851
39600
39811
39570
39902
39926
39945
39627
39705
39877
39564
39937
39769
39616
39780
39949
40096
39827
39762
39721
39678
39791
39929
39988
39521
39931
39929
40034
40023
39680
39828
39643
39894
39908
39869
39714
39764
39649
39944
39853
40001
39889
39706
39840
39745
39666
39731
39608
39585
39709
39368
39914
39819
39758
39690
39758
39682
39784
39884
39790
39595
39635
39705
39753
39984
39779
39616
39732
39767
39590
39856
39902
39912
39669
39757
39819
40095
39733
39706
39941
39894
39660
39845
39819
39761
39869
39804
40083
39534
39889
39815
39585
39809
40086
39845
39821
39859
40039
39833
39830
39650
39909
39689
39697
39940
39872
39928
39924
39408
39897
39763
39772
39709
39691
39975
39927
39772
39518
39814
39646
39624
39576
39912
39614
39346
39918
39746
39723
40140
39630
39665
39725
39762
39934
40020
39845
39804
40195
39369
39912
39670
39924
39620
39877
39635
39870
39761
39776
39984
39767
39875
39686
39691
39851
39646
39888
39817
39845
39935
40049
39662
39741
39538
39806
39734
39932
39856
39890
39509
39730
39879
39839
39747
39590
40090
39777
39971
39599
39823
39892
39666
39635
39632
39684
39916
40097
39724
39880
39684
39991
39816
39773
39786
39967
39778
39747
39609
39692
39811
39850
39739
39711
39822
39680
39854
39966
39463
39870
39646
39808
39936
39557
39807
39670
39867
39874
40063
39710
39734
39868
39435
40013
40132
39703
39687
40019
39657
39731
39842
39766
39914
39708
39956
39811
40011
39835
39730
39756
39816
39946
39693
39726
39751
39803
39920
40065
39862
39696
39819
40110
39843
40039
39840
40099
39800
39958
39752
39966
39877
39819
39979
39925
39820
39880
39570
39473
39834
39861
39482
39971
39874
39830
39722
39768
39898
39806
39716
39915
39743
39950
39644
39754
39900
39784
39799
39945
40090
39839
39635
39786
39637
39825
39835
39877
39986
39969
39708
39754
39891
39682
39774
39788
39660
39873
39813
39949
39513
39895
39888
39646
39639
39983
39581
39566
39758
39926
39684
39495
39818
