57855
57902
57711
58101
58013
57834
57663
57694
57382
57808
57559
57977
57672
57743
57729
57825
58018
58004
57825
57822
57980
58175
57846
57946
57944
57787
58026
57744
57646
57627
57745
57963
57791
58047
58078
57795
58047
57743
57844
57892
58043
58015
57936
57700
57766
58060
58123
57617
58050
57964
58018
57702
57920
57770
57879
58046
57798
57729
57741
57790
57473
57735
58099
57715
57931
58141
57994
57796
57817
57943
58222
57933
57731
58028
58053
58110
57913
57569
57807
58080
57911
57990
57875
57972
57863
57970
57620
57938
57801
57692
57786
57654
57708
57803
57988
57594
57899
57703
57847
57839
57653
57820
57813
57610
57764
57746
57923
58000
57853
57850
57902
57990
58065
57814
58026
58084
57754
57998
57714
57924
57749
58145
57742
57683
57900
57835
57627
57947
57566
57672
57659
58141
57589
58042
57853
57904
57603
57647
57812
57738
57900
57833
58209
58213
57728
57860
57971
57839
57511
57551
57894
57853
57960
58000
57634
57928
58020
57849
57778
58022
57820
57891
57723
57861
57734
58097
57818
57678
58021
57820
57829
57460
57748
57596
57648
57729
57780
57808
57815
58036
57943
57833
58016
57799
57705
57733
57727
57674
57675
57753
57903
57614
58066
57585
57859
57766
58199
58031
57936
57658
57719
58081
57672
57962
57993
57658
57742
57498
57841
57793
58062
57684
57746
57762
57858
58021
57749
58103
57910
57762
58010
57593
57664
57739
57609
57722
57679
57961
57566
57992
57605
57955
57717
57647
57958
57750
57835
57911
57753
57811
57748
57739
58080
58068
57742
58009
57659
57790
57888
58017
57915
57891
57862
57864
58017
57920
57929
57729
57785
57796
57849
57972
58005
57840
57765
57773
57734
57699
57754
57776
57699
57618
57820
57961
58060
57746
58015
57743
57473
57880
57811
58009
57629
57549
57896
57961
58012
57785
57763
57780
57741
57955
57651
58038
58043
57671
57764
57971
57810
57932
57806
57991
57959
57531
57669
57723
57708
57812
57896
57724
57756
58058
58003
57999
57744
57579
58394
57848
58069
57924
57779
57517
57927
57837
57812
57874
57877
57949
58037
57781
57998
57843
57688
57706
58067
58125
57933
57714
57553
57651
57820
57886
57898
58027
57772
57770
57726
57802
57801
57940
57933
57733
57987
57728
57953
57678
57796
57654
57679
57485
57891
57859
57646
58044
57797
57920
58065
57928
57803
57660
57533
57866
57883
57500
57690
57800
58036
57651
57755
57872
57537
57711
57823
58041
57947
57900
58006
57766
57785
57610
57872
57933
57930
57681
57600
57845
57785
58040
58010
57674
58018
57894
57853
57700
57811
57966
58201
57755
57703
57832
58011
58165
57841
57724
57865
58061
57797
57940
58063
57601
58032
57974
58102
57860
58077
57643
57692
57468
57889
57608
57976
57790
57799
57752
57852
57908
57816
57774
57892
57718
57895
57823
58121
57736
57810
57951
57871
57692
57973
57922
57809
57796
58044
57854
57945
58068
58032
58031
57997
57862
57670
57854
57935
57880
57937
58101
57754
57955
58015
57762
57835
57681
57843
58084
58016
57663
57804
57758
57906
57742
57812
57826
57954
57926
57769
57887
57332
57808
57788
57888
57655
57712
58057
57743
58040
58070
57833
58182
57691
57939
57944
58196
58186
57924
57910
58213
57964
57963
57786
57960
57958
57835
57781
57950
58105
57914
57894
57911
57652
57861
57997
57819
57845
57893
57986
58081
57844
57973
57754
58110
58336
57880
58062
57897
57865
57657
57722
57870
57981
57872
57872
57585
57970
58006
58081
57902
57794
57766
58016
57413
57573
58000
57597
57922
58074
57921
57855
57847
57818
58128
57505
57732
57819
58029
57934
57716
58069
57533
57999
57724
58030
57610
57621
57667
57735
57882
58050
57917
57742
58090
57579
57734
57712
57799
57857
57998
57966
57982
57793
58044
57910
57767
58275
57828
57752
57784
58092
57745
57709
57721
57753
57808
57918
57733
57758
57936
57847
57955
57844
57997
57874
58106
57905
57833
57728
58178
58193
57840
57895
57889
57931
57973
57950
58085
57864
57673
57860
57657
57476
57865
57866
57700
58140
57864
57879
57890
57786
57968
58009
57840
57796
57847
57857
57762
57872
57908
57991
57936
58013
57739
57988
57855
57643
57714
57720
57706
57825
57892
57673
57669
57716
57864
57814
58302
58063
57858
57768
57948
57993
57880
57827
57783
58056
57700
57876
58113
58038
57803
58010
57780
58175
57916
57891
58126
57621
57698
58060
57823
58274
57994
57818
57889
57946
57988
57614
57705
58068
58084
57932
57748
57778
57514
57785
57842
58076
57867
57828
57932
57875
57671
57471
58012
57965
57727
57568
57846
57724
57879
57508
57986
57665
57807
57736
57958
57705
57979
58041
57763
57701
57844
58030
58074
57760
57676
58203
57981
57625
57982
57614
57961
57627
57870
57897
57702
58073
57413
57799
57814
57650
57615
57876
57850
57933
57760
57925
57680
57796
58028
57864
57987
57709
57941
57954
58058
57674
58061
58013
57600
57945
57866
57982
58253
57895
57801
58181
57983
57976
57937
57677
57928
57848
57754
57678
57925
58040
57814
57749
58245
57851
57772
58123
57751
57961
57574
57704
57951
58225
57869
58219
58003
57742
57709
57897
57795
57975
57834
58274
57776
58127
58002
57700
57660
57915
57523
57819
57819
57516
57767
57614
58046
57960
57924
57762
57682
58139
57770
57889
57765
57736
57745
57894
57623
57590
57715
57782
57671
57842
57820
58001
57695
57822
57718
57939
58060
58013
57795
57970
57885
58081
57731
57722
58113
57745
57990
57822
57812
57682
58016
57929
57726
58064
57991
57904
57867
57863
57749
57833
57837
57672
57781
57951
57833
57924
57922
57734
57919
57758
57817
58159
57836
58072
57666
57950
57955
57863
57545
57828
57715
57836
57972
57742
57621
57729
57503
57869
57833
57868
57865
58146
57853
57755
57752
57713
57815
57628
57436
57820
57769
57822
57890
57820
57632
57832
57536
57879
57527
57998
57773
58089
57936
57564
58053
57932
57771
58304
57728
57812
58006
57658
57602
57906
58228
58020
57907
58101
57798
57838
58008
58040
58035
57922
57754
57997
57879
57795
57701
57840
58118
57860
58057
58022
57905
57892
57791
57661
58196
57711
57824
57737
58019
57807
57844
57874
57892
57835
57873
57864
57900
58130
57595
58105
57791
57953
57850
57770
57787
57812
58013
57484
57783
58028
57969
58099
57765
57791
57987
57855
57650
57848
57817
58086
57971
57823
58358
58005
57970
57893
57574
58167
57935
