51235
52058
51303
51579
51468
51665
51443
51346
51514
51334
51688
51403
51723
51582
51526
51438
51656
51512
51701
51308
51451
51289
51677
51273
51178
51456
51587
51495
51600
51558
51486
51617
51563
52043
51552
51557
51702
51526
51382
51409
51656
51417
51550
51459
51643
51413
51439
51829
51513
51403
51531
51240
51519
51608
51428
51504
51641
51654
51444
51558
51604
51691
51634
51607
51326
51515
51541
51476
51682
51728
51414
51172
51751
51739
51840
51589
51813
51462
51602
51419
51338
51597
51595
51574
51591
51904
51667
51334
51794
51626
51543
51489
51875
51505
51487
51508
51487
51744
51580
51445
51531
51559
51587
51618
51560
51554
51613
51523
51693
51525
51635
51391
51815
51472
51734
51243
51411
51728
51502
51674
51588
51793
51474
51966
51441
51468
51677
51803
51529
51476
51680
51475
51628
51447
51185
51745
51608
51687
51449
51529
51644
51112
51468
51528
51877
51492
51703
51476
51395
51599
51838
51438
51351
51677
51502
51652
51432
51744
51651
51481
51542
51754
51635
51273
51524
51428
51537
51745
51601
51408
51654
51732
51578
51731
51419
51565
51718
51265
51567
51226
51923
51448
51523
51633
51432
51727
51484
51873
51466
51564
51354
51511
51692
51665
51638
51665
51413
51533
51713
51443
51536
51380
51353
51326
51784
51445
51637
51211
51500
51518
51711
51534
51741
51386
51517
51562
51606
51788
51774
51634
51428
51635
51463
51541
51624
51826
51373
51682
51468
51633
51550
51486
51734
51732
51548
51641
51638
51766
51486
51713
51911
51767
51413
51522
51424
51586
51416
51617
51274
51584
51377
51563
51748
51379
51508
51537
51530
51285
51697
51442
51591
51563
51276
51510
51500
51639
51910
51697
51781
51400
51324
51453
51341
51622
51420
51747
51601
51606
51640
51636
51613
51308
51561
51773
51537
51932
51377
51838
51560
51523
51866
51594
51625
51601
51616
51617
51619
51446
51489
51434
51526
51622
51624
51737
51396
51576
51483
51442
51785
51472
51395
51232
51438
51730
51703
51589
51791
51396
51535
51683
51619
51687
51289
51590
51624
51563
51490
51612
51677
51755
51386
51501
51570
51566
51947
51302
51626
51192
51580
51486
51438
51494
51697
51432
51616
51623
51676
51629
51503
51485
51604
51466
51631
51093
51465
51467
51318
51561
51370
51634
51769
51712
51103
51489
51444
51498
51189
51574
51392
51468
51306
51175
51746
51287
51678
51617
51641
51466
51733
51622
51797
51676
51688
51575
51911
51666
51626
51588
51541
51720
51664
51628
51382
51729
51475
51377
51532
51586
51511
51191
51479
51544
51362
51833
51636
51541
51541
51192
51754
51536
51551
51708
51265
51560
51557
51470
51656
51685
51491
51330
51772
51517
51380
51727
51406
51637
51454
51471
51492
51629
51522
51499
51178
51687
51584
51614
51420
51425
51243
51251
51411
51352
51411
51565
51696
51673
51605
51477
51329
51813
51563
51643
51243
51611
51808
51654
51817
51781
51534
51315
51595
51426
51625
51485
51501
51822
51863
51497
51492
51571
51566
51552
51605
51362
51709
51456
51544
51424
51654
51388
51537
51760
51423
51290
51545
51541
51273
51627
51502
51800
51608
51642
51464
51411
51690
51685
51668
51619
51416
51595
51367
51704
51589
51585
51401
51659
51656
51637
51644
51423
51399
51397
51525
51634
51462
51581
51658
51443
51690
51616
51678
51479
51611
51753
51978
51393
51765
51459
51687
51454
51744
51753
51689
51541
51701
51708
51858
51634
51804
51584
51602
51603
51317
51549
51724
51519
51754
51307
51546
51643
51639
51826
51816
51411
51701
51788
51620
51448
51670
51709
51615
51493
51851
51624
51938
51499
51634
51775
51464
51371
51518
51802
51441
51594
51594
51895
51430
51615
51512
51824
51933
51797
51523
51690
51532
51788
51627
51676
51570
51544
51652
51506
51421
51292
51649
51510
51765
51413
51572
51651
51708
51569
51417
51583
51688
51462
51358
51751
51665
51509
51628
51704
51497
51328
51605
51593
51408
51391
51562
51464
51498
51709
51784
51523
51577
51650
51854
51453
51593
51612
51952
51705
51295
51687
51620
51693
51478
51703
51798
51573
51422
51547
51366
51664
51553
51646
51312
51440
51439
51744
51588
51552
51529
51551
51756
51443
51381
51467
51642
51474
51483
51190
51729
51381
51432
51278
51955
51439
51663
51390
51510
51586
51147
51678
51532
51282
51818
51536
51670
51561
51539
51364
51324
51532
51557
51694
51608
51531
51745
51521
51519
51506
51297
51541
51240
51250
51490
51586
51580
51808
51728
51405
51371
51403
51657
51480
51613
51634
51299
51628
51685
51341
51602
51368
51576
51721
51315
51469
51546
51541
51479
51461
51870
51759
51701
51663
51468
51586
51538
51576
51423
51536
51457
51494
51466
51534
51506
51491
51487
51280
51503
51345
51299
51481
51608
51619
51525
51531
51556
51514
51476
51580
51537
51732
51576
51383
51246
51720
51244
51724
51381
51463
51694
51560
51325
51463
51538
51721
51271
51795
51299
51535
51595
51525
51786
51663
51383
51519
51371
51427
51398
51426
51130
51576
51352
51774
51688
51648
51391
51501
51472
51369
51262
51105
51459
51842
51591
51520
51438
51676
51651
51536
51521
51643
51647
51575
51616
51591
51629
51486
51806
51864
51812
51565
51637
51636
51764
51714
51634
51607
51542
51510
51636
51922
51738
51721
51777
51614
51822
51432
51479
51441
51492
51688
51666
51772
51699
51484
51608
51669
51610
51820
51596
51624
51521
51673
51761
51259
51609
51578
51725
51468
51520
51661
51569
51574
51519
51403
51369
51594
51543
51659
51716
51446
51583
51641
51542
51816
51828
51566
51694
51420
51747
51834
51514
51624
51507
51646
51637
51510
51466
51452
51675
51575
51559
51509
51638
51961
51716
51958
51429
51617
51748
51645
51847
51444
51767
51496
51368
51594
51564
51215
51456
51484
51517
51749
51481
51620
51398
51574
51751
51557
51645
51357
51275
51834
51409
51347
51588
51538
51404
51417
51554
51556
51615
51426
51272
51681
51842
51704
51466
51624
51512
51775
51817
51455
51540
51551
51684
51466
51272
51586
51709
51615
51557
51721
51365
51574
51589
51648
51682
51427
51843
51731
51928
51338
51421
51763
51648
51475
51713
51715
51513
51548
51351
51826
51589
51542
51737
51779
51508
51325
51719
51627
51583
51477
51472
51279
51602
51358
51557
51690
51652
51533
51343
51665
51944
51966
51587
51671
51319
51431
51622
51795
51534
51641
51631
51789
51566
51640
