-0.999000, -0.040440, 0.000021
-0.999000, -0.000500, 0.000128
-0.999000, 0.039440, 0.000029
-0.959060, -0.280080, 0.000094
-0.959060, -0.240140, 0.001390
-0.959060, -0.200200, 0.002465
-0.959060, -0.160260, 0.003326
-0.959060, -0.120320, 0.004168
-0.959060, -0.080380, 0.004723
-0.959060, -0.040440, 0.005217
-0.959060, -0.000500, 0.005498
-0.959060, 0.039440, 0.005467
-0.959060, 0.079380, 0.005137
-0.959060, 0.119320, 0.004666
-0.959060, 0.159260, 0.004029
-0.959060, 0.199200, 0.002957
-0.959060, 0.239140, 0.001715
-0.959060, 0.279080, 0.000182
-0.919120, -0.359960, 0.001476
-0.919120, -0.320020, 0.003106
-0.919120, -0.280080, 0.004558
-0.919120, -0.240140, 0.006019
-0.919120, -0.200200, 0.007138
-0.919120, -0.160260, 0.008182
-0.919120, -0.120320, 0.009168
-0.919120, -0.080380, 0.010064
-0.919120, -0.040440, 0.010386
-0.919120, -0.000500, 0.010755
-0.919120, 0.039440, 0.010826
-0.919120, 0.079380, 0.010816
-0.919120, 0.119320, 0.010516
-0.919120, 0.159260, 0.010027
-0.919120, 0.199200, 0.008930
-0.919120, 0.239140, 0.007631
-0.919120, 0.279080, 0.006085
-0.919120, 0.319020, 0.004380
-0.919120, 0.358960, 0.002103
-0.879180, -0.439840, 0.001836
-0.879180, -0.399900, 0.003860
-0.879180, -0.359960, 0.005659
-0.879180, -0.320020, 0.007532
-0.879180, -0.280080, 0.009212
-0.879180, -0.240140, 0.010786
-0.879180, -0.200200, 0.012197
-0.879180, -0.160260, 0.013429
-0.879180, -0.120320, 0.014420
-0.879180, -0.080380, 0.015409
-0.879180, -0.040440, 0.016051
-0.879180, -0.000500, 0.016433
-0.879180, 0.039440, 0.016875
-0.879180, 0.079380, 0.016774
-0.879180, 0.119320, 0.016622
-0.879180, 0.159260, 0.015924
-0.879180, 0.199200, 0.015063
-0.879180, 0.239140, 0.013856
-0.879180, 0.279080, 0.012390
-0.879180, 0.319020, 0.010436
-0.879180, 0.358960, 0.008404
-0.879180, 0.398900, 0.006010
-0.879180, 0.438840, 0.003100
-0.839240, -0.519720, 0.001451
-0.839240, -0.479780, 0.003686
-0.839240, -0.439840, 0.005955
-0.839240, -0.399900, 0.008133
-0.839240, -0.359960, 0.010299
-0.839240, -0.320020, 0.012036
-0.839240, -0.280080, 0.014008
-0.839240, -0.240140, 0.015437
-0.839240, -0.200200, 0.017133
-0.839240, -0.160260, 0.018518
-0.839240, -0.120320, 0.019814
-0.839240, -0.080380, 0.021293
-0.839240, -0.040440, 0.021559
-0.839240, -0.000500, 0.022314
-0.839240, 0.039440, 0.022930
-0.839240, 0.079380, 0.022895
-0.839240, 0.119320, 0.022518
-0.839240, 0.159260, 0.022459
-0.839240, 0.199200, 0.021726
-0.839240, 0.239140, 0.020385
-0.839240, 0.279080, 0.019186
-0.839240, 0.319020, 0.017434
-0.839240, 0.358960, 0.015093
-0.839240, 0.398900, 0.012540
-0.839240, 0.438840, 0.009679
-0.839240, 0.478780, 0.006360
-0.839240, 0.518720, 0.002638
-0.799300, -0.599600, 0.000099
-0.799300, -0.559660, 0.002594
-0.799300, -0.519720, 0.005213
-0.799300, -0.479780, 0.007614
-0.799300, -0.439840, 0.010029
-0.799300, -0.399900, 0.012283
-0.799300, -0.359960, 0.014472
-0.799300, -0.320020, 0.016828
-0.799300, -0.280080, 0.018605
-0.799300, -0.240140, 0.020764
-0.799300, -0.200200, 0.022498
-0.799300, -0.160260, 0.024249
-0.799300, -0.120320, 0.025574
-0.799300, -0.080380, 0.026848
-0.799300, -0.040440, 0.027729
-0.799300, -0.000500, 0.028750
-0.799300, 0.039440, 0.029246
-0.799300, 0.079380, 0.029421
-0.799300, 0.119320, 0.029138
-0.799300, 0.159260, 0.029035
-0.799300, 0.199200, 0.028291
-0.799300, 0.239140, 0.027453
-0.799300, 0.279080, 0.025905
-0.799300, 0.319020, 0.024474
-0.799300, 0.358960, 0.021913
-0.799300, 0.398900, 0.019892
-0.799300, 0.438840, 0.016331
-0.799300, 0.478780, 0.013330
-0.799300, 0.518720, 0.009463
-0.799300, 0.558660, 0.005190
-0.799300, 0.598600, 0.000306
-0.759360, -0.639540, 0.000801
-0.759360, -0.599600, 0.003531
-0.759360, -0.559660, 0.006317
-0.759360, -0.519720, 0.009129
-0.759360, -0.479780, 0.011881
-0.759360, -0.439840, 0.014099
-0.759360, -0.399900, 0.016747
-0.759360, -0.359960, 0.019260
-0.759360, -0.320020, 0.021503
-0.759360, -0.280080, 0.023732
-0.759360, -0.240140, 0.026053
-0.759360, -0.200200, 0.027744
-0.759360, -0.160260, 0.029848
-0.759360, -0.120320, 0.031420
-0.759360, -0.080380, 0.032795
-0.759360, -0.040440, 0.034162
-0.759360, -0.000500, 0.034580
-0.759360, 0.039440, 0.035393
-0.759360, 0.079380, 0.035987
-0.759360, 0.119320, 0.036563
-0.759360, 0.159260, 0.036012
-0.759360, 0.199200, 0.035366
-0.759360, 0.239140, 0.034683
-0.759360, 0.279080, 0.033581
-0.759360, 0.319020, 0.031440
-0.759360, 0.358960, 0.029348
-0.759360, 0.398900, 0.027309
-0.759360, 0.438840, 0.023929
-0.759360, 0.478780, 0.020471
-0.759360, 0.518720, 0.016605
-0.759360, 0.558660, 0.012161
-0.759360, 0.598600, 0.007131
-0.759360, 0.638540, 0.001721
-0.719420, -0.679480, 0.001075
-0.719420, -0.639540, 0.004065
-0.719420, -0.599600, 0.007050
-0.719420, -0.559660, 0.009924
-0.719420, -0.519720, 0.013041
-0.719420, -0.479780, 0.015681
-0.719420, -0.439840, 0.018525
-0.719420, -0.399900, 0.021058
-0.719420, -0.359960, 0.024039
-0.719420, -0.320020, 0.026387
-0.719420, -0.280080, 0.028848
-0.719420, -0.240140, 0.031044
-0.719420, -0.200200, 0.033144
-0.719420, -0.160260, 0.035200
-0.719420, -0.120320, 0.037056
-0.719420, -0.080380, 0.038858
-0.719420, -0.040440, 0.040486
-0.719420, -0.000500, 0.041597
-0.719420, 0.039440, 0.042709
-0.719420, 0.079380, 0.043054
-0.719420, 0.119320, 0.043442
-0.719420, 0.159260, 0.043327
-0.719420, 0.199200, 0.043154
-0.719420, 0.239140, 0.042288
-0.719420, 0.279080, 0.040797
-0.719420, 0.319020, 0.039504
-0.719420, 0.358960, 0.037505
-0.719420, 0.398900, 0.034727
-0.719420, 0.438840, 0.031474
-0.719420, 0.478780, 0.028424
-0.719420, 0.518720, 0.024120
-0.719420, 0.558660, 0.019639
-0.719420, 0.598600, 0.014459
-0.719420, 0.638540, 0.008736
-0.719420, 0.678480, 0.002673
-0.679480, -0.719420, 0.001127
-0.679480, -0.679480, 0.004360
-0.679480, -0.639540, 0.007471
-0.679480, -0.599600, 0.010424
-0.679480, -0.559660, 0.013678
-0.679480, -0.519720, 0.016682
-0.679480, -0.479780, 0.020067
-0.679480, -0.439840, 0.022980
-0.679480, -0.399900, 0.026138
-0.679480, -0.359960, 0.028637
-0.679480, -0.320020, 0.031169
-0.679480, -0.280080, 0.034049
-0.679480, -0.240140, 0.036514
-0.679480, -0.200200, 0.039101
-0.679480, -0.160260, 0.041500
-0.679480, -0.120320, 0.044006
-0.679480, -0.080380, 0.045468
-0.679480, -0.040440, 0.047086
-0.679480, -0.000500, 0.048446
-0.679480, 0.039440, 0.049522
-0.679480, 0.079380, 0.050500
-0.679480, 0.119320, 0.050834
-0.679480, 0.159260, 0.051345
-0.679480, 0.199200, 0.050518
-0.679480, 0.239140, 0.050075
-0.679480, 0.279080, 0.049411
-0.679480, 0.319020, 0.048071
-0.679480, 0.358960, 0.045883
-0.679480, 0.398900, 0.043228
-0.679480, 0.438840, 0.040193
-0.679480, 0.478780, 0.036744
-0.679480, 0.518720, 0.032762
-0.679480, 0.558660, 0.027681
-0.679480, 0.598600, 0.022148
-0.679480, 0.638540, 0.016243
-0.679480, 0.678480, 0.009966
-0.679480, 0.718420, 0.002907
-0.639540, -0.759360, 0.000766
-0.639540, -0.719420, 0.004093
-0.639540, -0.679480, 0.007369
-0.639540, -0.639540, 0.010798
-0.639540, -0.599600, 0.014107
-0.639540, -0.559660, 0.017371
-0.639540, -0.519720, 0.020827
-0.639540, -0.479780, 0.024213
-0.639540, -0.439840, 0.027301
-0.639540, -0.399900, 0.030705
-0.639540, -0.359960, 0.033791
-0.639540, -0.320020, 0.036399
-0.639540, -0.280080, 0.039777
-0.639540, -0.240140, 0.042200
-0.639540, -0.200200, 0.045230
-0.639540, -0.160260, 0.047668
-0.639540, -0.120320, 0.049588
-0.639540, -0.080380, 0.051901
-0.639540, -0.040440, 0.054144
-0.639540, -0.000500, 0.055539
-0.639540, 0.039440, 0.057463
-0.639540, 0.079380, 0.058374
-0.639540, 0.119320, 0.058818
-0.639540, 0.159260, 0.059061
-0.639540, 0.199200, 0.059198
-0.639540, 0.239140, 0.058705
-0.639540, 0.279080, 0.057661
-0.639540, 0.319020, 0.056636
-0.639540, 0.358960, 0.054775
-0.639540, 0.398900, 0.051886
-0.639540, 0.438840, 0.049471
-0.639540, 0.478780, 0.045660
-0.639540, 0.518720, 0.041065
-0.639540, 0.558660, 0.036320
-0.639540, 0.598600, 0.030686
-0.639540, 0.638540, 0.024764
-0.639540, 0.678480, 0.017942
-0.639540, 0.718420, 0.010381
-0.639540, 0.758360, 0.002103
-0.599600, -0.799300, 0.000088
-0.599600, -0.759360, 0.003614
-0.599600, -0.719420, 0.007076
-0.599600, -0.679480, 0.010764
-0.599600, -0.639540, 0.013903
-0.599600, -0.599600, 0.017542
-0.599600, -0.559660, 0.021131
-0.599600, -0.519720, 0.024765
-0.599600, -0.479780, 0.028459
-0.599600, -0.439840, 0.031955
-0.599600, -0.399900, 0.035175
-0.599600, -0.359960, 0.038678
-0.599600, -0.320020, 0.041626
-0.599600, -0.280080, 0.045068
-0.599600, -0.240140, 0.048235
-0.599600, -0.200200, 0.050767
-0.599600, -0.160260, 0.054247
-0.599600, -0.120320, 0.056614
-0.599600, -0.080380, 0.058813
-0.599600, -0.040440, 0.060959
-0.599600, -0.000500, 0.063051
-0.599600, 0.039440, 0.065060
-0.599600, 0.079380, 0.065961
-0.599600, 0.119320, 0.066865
-0.599600, 0.159260, 0.068306
-0.599600, 0.199200, 0.068179
-0.599600, 0.239140, 0.067803
-0.599600, 0.279080, 0.067076
-0.599600, 0.319020, 0.066070
-0.599600, 0.358960, 0.064403
-0.599600, 0.398900, 0.062020
-0.599600, 0.438840, 0.058869
-0.599600, 0.478780, 0.054993
-0.599600, 0.518720, 0.050620
-0.599600, 0.558660, 0.045701
-0.599600, 0.598600, 0.039960
-0.599600, 0.638540, 0.033803
-0.599600, 0.678480, 0.025948
-0.599600, 0.718420, 0.018274
-0.599600, 0.758360, 0.009699
-0.599600, 0.798300, 0.000449
-0.559660, -0.799300, 0.002682
-0.559660, -0.759360, 0.006274
-0.559660, -0.719420, 0.009811
-0.559660, -0.679480, 0.013671
-0.559660, -0.639540, 0.017702
-0.559660, -0.599600, 0.021300
-0.559660, -0.559660, 0.025054
-0.559660, -0.519720, 0.028625
-0.559660, -0.479780, 0.032510
-0.559660, -0.439840, 0.035933
-0.559660, -0.399900, 0.039894
-0.559660, -0.359960, 0.043548
-0.559660, -0.320020, 0.047540
-0.559660, -0.280080, 0.050707
-0.559660, -0.240140, 0.054258
-0.559660, -0.200200, 0.057520
-0.559660, -0.160260, 0.060599
-0.559660, -0.120320, 0.063016
-0.559660, -0.080380, 0.065942
-0.559660, -0.040440, 0.068529
-0.559660, -0.000500, 0.070858
-0.559660, 0.039440, 0.072636
-0.559660, 0.079380, 0.074307
-0.559660, 0.119320, 0.075855
-0.559660, 0.159260, 0.076694
-0.559660, 0.199200, 0.077225
-0.559660, 0.239140, 0.077185
-0.559660, 0.279080, 0.076494
-0.559660, 0.319020, 0.075629
-0.559660, 0.358960, 0.074755
-0.559660, 0.398900, 0.071680
-0.559660, 0.438840, 0.068856
-0.559660, 0.478780, 0.065227
-0.559660, 0.518720, 0.060899
-0.559660, 0.558660, 0.056173
-0.559660, 0.598600, 0.049871
-0.559660, 0.638540, 0.042938
-0.559660, 0.678480, 0.035761
-0.559660, 0.718420, 0.027028
-0.559660, 0.758360, 0.017516
-0.559660, 0.798300, 0.007984
-0.519720, -0.839240, 0.001363
-0.519720, -0.799300, 0.005052
-0.519720, -0.759360, 0.009034
-0.519720, -0.719420, 0.012819
-0.519720, -0.679480, 0.016980
-0.519720, -0.639540, 0.020789
-0.519720, -0.599600, 0.024727
-0.519720, -0.559660, 0.028618
-0.519720, -0.519720, 0.032645
-0.519720, -0.479780, 0.036627
-0.519720, -0.439840, 0.040715
-0.519720, -0.399900, 0.044783
-0.519720, -0.359960, 0.049083
-0.519720, -0.320020, 0.052130
-0.519720, -0.280080, 0.056366
-0.519720, -0.240140, 0.059969
-0.519720, -0.200200, 0.063730
-0.519720, -0.160260, 0.066956
-0.519720, -0.120320, 0.069855
-0.519720, -0.080380, 0.073709
-0.519720, -0.040440, 0.076839
-0.519720, -0.000500, 0.079033
-0.519720, 0.039440, 0.081390
-0.519720, 0.079380, 0.083656
-0.519720, 0.119320, 0.085425
-0.519720, 0.159260, 0.086330
-0.519720, 0.199200, 0.086771
-0.519720, 0.239140, 0.087319
-0.519720, 0.279080, 0.086768
-0.519720, 0.319020, 0.085760
-0.519720, 0.358960, 0.085011
-0.519720, 0.398900, 0.082496
-0.519720, 0.438840, 0.079547
-0.519720, 0.478780, 0.076388
-0.519720, 0.518720, 0.071797
-0.519720, 0.558660, 0.066701
-0.519720, 0.598600, 0.060916
-0.519720, 0.638540, 0.053646
-0.519720, 0.678480, 0.045410
-0.519720, 0.718420, 0.036136
-0.519720, 0.758360, 0.026820
-0.519720, 0.798300, 0.016256
-0.519720, 0.838240, 0.004831
-0.479780, -0.839240, 0.003701
-0.479780, -0.799300, 0.007718
-0.479780, -0.759360, 0.011829
-0.479780, -0.719420, 0.015710
-0.479780, -0.679480, 0.019958
-0.479780, -0.639540, 0.024254
-0.479780, -0.599600, 0.028342
-0.479780, -0.559660, 0.032645
-0.479780, -0.519720, 0.036866
-0.479780, -0.479780, 0.041271
-0.479780, -0.439840, 0.045355
-0.479780, -0.399900, 0.049937
-0.479780, -0.359960, 0.053814
-0.479780, -0.320020, 0.058050
-0.479780, -0.280080, 0.062484
-0.479780, -0.240140, 0.066272
-0.479780, -0.200200, 0.069981
-0.479780, -0.160260, 0.074334
-0.479780, -0.120320, 0.077772
-0.479780, -0.080380, 0.081459
-0.479780, -0.040440, 0.084499
-0.479780, -0.000500, 0.086882
-0.479780, 0.039440, 0.090161
-0.479780, 0.079380, 0.092170
-0.479780, 0.119320, 0.094255
-0.479780, 0.159260, 0.096167
-0.479780, 0.199200, 0.096894
-0.479780, 0.239140, 0.097709
-0.479780, 0.279080, 0.098026
-0.479780, 0.319020, 0.097635
-0.479780, 0.358960, 0.096800
-0.479780, 0.398900, 0.093903
-0.479780, 0.438840, 0.091173
-0.479780, 0.478780, 0.087659
-0.479780, 0.518720, 0.083716
-0.479780, 0.558660, 0.077928
-0.479780, 0.598600, 0.072238
-0.479780, 0.638540, 0.064690
-0.479780, 0.678480, 0.056098
-0.479780, 0.718420, 0.046586
-0.479780, 0.758360, 0.036765
-0.479780, 0.798300, 0.025150
-0.479780, 0.838240, 0.012769
-0.439840, -0.879180, 0.001830
-0.439840, -0.839240, 0.005880
-0.439840, -0.799300, 0.010095
-0.439840, -0.759360, 0.014075
-0.439840, -0.719420, 0.018735
-0.439840, -0.679480, 0.022933
-0.439840, -0.639540, 0.027067
-0.439840, -0.599600, 0.031906
-0.439840, -0.559660, 0.036549
-0.439840, -0.519720, 0.040568
-0.439840, -0.479780, 0.045372
-0.439840, -0.439840, 0.049662
-0.439840, -0.399900, 0.053851
-0.439840, -0.359960, 0.059200
-0.439840, -0.320020, 0.063706
-0.439840, -0.280080, 0.067837
-0.439840, -0.240140, 0.072567
-0.439840, -0.200200, 0.077050
-0.439840, -0.160260, 0.080148
-0.439840, -0.120320, 0.084590
-0.439840, -0.080380, 0.089219
-0.439840, -0.040440, 0.092496
-0.439840, -0.000500, 0.095517
-0.439840, 0.039440, 0.099395
-0.439840, 0.079380, 0.102441
-0.439840, 0.119320, 0.104688
-0.439840, 0.159260, 0.106108
-0.439840, 0.199200, 0.107325
-0.439840, 0.239140, 0.109098
-0.439840, 0.279080, 0.109613
-0.439840, 0.319020, 0.108937
-0.439840, 0.358960, 0.108435
-0.439840, 0.398900, 0.106449
-0.439840, 0.438840, 0.103990
-0.439840, 0.478780, 0.100338
-0.439840, 0.518720, 0.096098
-0.439840, 0.558660, 0.091704
-0.439840, 0.598600, 0.085322
-0.439840, 0.638540, 0.076967
-0.439840, 0.678480, 0.068326
-0.439840, 0.718420, 0.058419
-0.439840, 0.758360, 0.047426
-0.439840, 0.798300, 0.034945
-0.439840, 0.838240, 0.021876
-0.439840, 0.878180, 0.007448
-0.399900, -0.879180, 0.003897
-0.399900, -0.839240, 0.007993
-0.399900, -0.799300, 0.012450
-0.399900, -0.759360, 0.017059
-0.399900, -0.719420, 0.021202
-0.399900, -0.679480, 0.025866
-0.399900, -0.639540, 0.030081
-0.399900, -0.599600, 0.035390
-0.399900, -0.559660, 0.040046
-0.399900, -0.519720, 0.044702
-0.399900, -0.479780, 0.049754
-0.399900, -0.439840, 0.054744
-0.399900, -0.399900, 0.059163
-0.399900, -0.359960, 0.064492
-0.399900, -0.320020, 0.068656
-0.399900, -0.280080, 0.074070
-0.399900, -0.240140, 0.079184
-0.399900, -0.200200, 0.083529
-0.399900, -0.160260, 0.088397
-0.399900, -0.120320, 0.092568
-0.399900, -0.080380, 0.096341
-0.399900, -0.040440, 0.100659
-0.399900, -0.000500, 0.104721
-0.399900, 0.039440, 0.108189
-0.399900, 0.079380, 0.111901
-0.399900, 0.119320, 0.114771
-0.399900, 0.159260, 0.117512
-0.399900, 0.199200, 0.118331
-0.399900, 0.239140, 0.120393
-0.399900, 0.279080, 0.121187
-0.399900, 0.319020, 0.122304
-0.399900, 0.358960, 0.120762
-0.399900, 0.398900, 0.119912
-0.399900, 0.438840, 0.117816
-0.399900, 0.478780, 0.114722
-0.399900, 0.518720, 0.110280
-0.399900, 0.558660, 0.104821
-0.399900, 0.598600, 0.098085
-0.399900, 0.638540, 0.090081
-0.399900, 0.678480, 0.081072
-0.399900, 0.718420, 0.070811
-0.399900, 0.758360, 0.059300
-0.399900, 0.798300, 0.046055
-0.399900, 0.838240, 0.031550
-0.399900, 0.878180, 0.016093
-0.359960, -0.919120, 0.001482
-0.359960, -0.879180, 0.005705
-0.359960, -0.839240, 0.010062
-0.359960, -0.799300, 0.014471
-0.359960, -0.759360, 0.019442
-0.359960, -0.719420, 0.024040
-0.359960, -0.679480, 0.029089
-0.359960, -0.639540, 0.033728
-0.359960, -0.599600, 0.038602
-0.359960, -0.559660, 0.043401
-0.359960, -0.519720, 0.048911
-0.359960, -0.479780, 0.053630
-0.359960, -0.439840, 0.058849
-0.359960, -0.399900, 0.063937
-0.359960, -0.359960, 0.069978
-0.359960, -0.320020, 0.075056
-0.359960, -0.280080, 0.079877
-0.359960, -0.240140, 0.085423
-0.359960, -0.200200, 0.090363
-0.359960, -0.160260, 0.095383
-0.359960, -0.120320, 0.100969
-0.359960, -0.080380, 0.104673
-0.359960, -0.040440, 0.109207
-0.359960, -0.000500, 0.113894
-0.359960, 0.039440, 0.118402
-0.359960, 0.079380, 0.121740
-0.359960, 0.119320, 0.125343
-0.359960, 0.159260, 0.128360
-0.359960, 0.199200, 0.130484
-0.359960, 0.239140, 0.132549
-0.359960, 0.279080, 0.133759
-0.359960, 0.319020, 0.135531
-0.359960, 0.358960, 0.134055
-0.359960, 0.398900, 0.133962
-0.359960, 0.438840, 0.132026
-0.359960, 0.478780, 0.128591
-0.359960, 0.518720, 0.124444
-0.359960, 0.558660, 0.120157
-0.359960, 0.598600, 0.113198
-0.359960, 0.638540, 0.106068
-0.359960, 0.678480, 0.096306
-0.359960, 0.718420, 0.085017
-0.359960, 0.758360, 0.071860
-0.359960, 0.798300, 0.058428
-0.359960, 0.838240, 0.042662
-0.359960, 0.878180, 0.025253
-0.359960, 0.918120, 0.006976
-0.320020, -0.919120, 0.003036
-0.320020, -0.879180, 0.007612
-0.320020, -0.839240, 0.012059
-0.320020, -0.799300, 0.016785
-0.320020, -0.759360, 0.021623
-0.320020, -0.719420, 0.026580
-0.320020, -0.679480, 0.031396
-0.320020, -0.639540, 0.036708
-0.320020, -0.599600, 0.041842
-0.320020, -0.559660, 0.046928
-0.320020, -0.519720, 0.052758
-0.320020, -0.479780, 0.058400
-0.320020, -0.439840, 0.063782
-0.320020, -0.399900, 0.068944
-0.320020, -0.359960, 0.074571
-0.320020, -0.320020, 0.080563
-0.320020, -0.280080, 0.086128
-0.320020, -0.240140, 0.092448
-0.320020, -0.200200, 0.097455
-0.320020, -0.160260, 0.102761
-0.320020, -0.120320, 0.108056
-0.320020, -0.080380, 0.113611
-0.320020, -0.040440, 0.117839
-0.320020, -0.000500, 0.123077
-0.320020, 0.039440, 0.128002
-0.320020, 0.079380, 0.132046
-0.320020, 0.119320, 0.135635
-0.320020, 0.159260, 0.139248
-0.320020, 0.199200, 0.142967
-0.320020, 0.239140, 0.145211
-0.320020, 0.279080, 0.147346
-0.320020, 0.319020, 0.147979
-0.320020, 0.358960, 0.149275
-0.320020, 0.398900, 0.148059
-0.320020, 0.438840, 0.146890
-0.320020, 0.478780, 0.144322
-0.320020, 0.518720, 0.141342
-0.320020, 0.558660, 0.136298
-0.320020, 0.598600, 0.129887
-0.320020, 0.638540, 0.121834
-0.320020, 0.678480, 0.111836
-0.320020, 0.718420, 0.100668
-0.320020, 0.758360, 0.087167
-0.320020, 0.798300, 0.071927
-0.320020, 0.838240, 0.054683
-0.320020, 0.878180, 0.036296
-0.320020, 0.918120, 0.015646
-0.280080, -0.959060, 0.000101
-0.280080, -0.919120, 0.004613
-0.280080, -0.879180, 0.009126
-0.280080, -0.839240, 0.013946
-0.280080, -0.799300, 0.018798
-0.280080, -0.759360, 0.023961
-0.280080, -0.719420, 0.029253
-0.280080, -0.679480, 0.034086
-0.280080, -0.639540, 0.039812
-0.280080, -0.599600, 0.044790
-0.280080, -0.559660, 0.050748
-0.280080, -0.519720, 0.056089
-0.280080, -0.479780, 0.062144
-0.280080, -0.439840, 0.067831
-0.280080, -0.399900, 0.074571
-0.280080, -0.359960, 0.080349
-0.280080, -0.320020, 0.086081
-0.280080, -0.280080, 0.092222
-0.280080, -0.240140, 0.097671
-0.280080, -0.200200, 0.104210
-0.280080, -0.160260, 0.110540
-0.280080, -0.120320, 0.116605
-0.280080, -0.080380, 0.122295
-0.280080, -0.040440, 0.127450
-0.280080, -0.000500, 0.133593
-0.280080, 0.039440, 0.138525
-0.280080, 0.079380, 0.143161
-0.280080, 0.119320, 0.147759
-0.280080, 0.159260, 0.151766
-0.280080, 0.199200, 0.155897
-0.280080, 0.239140, 0.159304
-0.280080, 0.279080, 0.161285
-0.280080, 0.319020, 0.162253
-0.280080, 0.358960, 0.165119
-0.280080, 0.398900, 0.164467
-0.280080, 0.438840, 0.163708
-0.280080, 0.478780, 0.162183
-0.280080, 0.518720, 0.158831
-0.280080, 0.558660, 0.154361
-0.280080, 0.598600, 0.147706
-0.280080, 0.638540, 0.139275
-0.280080, 0.678480, 0.129803
-0.280080, 0.718420, 0.117432
-0.280080, 0.758360, 0.104341
-0.280080, 0.798300, 0.088299
-0.280080, 0.838240, 0.069149
-0.280080, 0.878180, 0.048172
-0.280080, 0.918120, 0.025414
-0.280080, 0.958060, 0.001180
-0.240140, -0.959060, 0.001274
-0.240140, -0.919120, 0.005953
-0.240140, -0.879180, 0.010677
-0.240140, -0.839240, 0.015858
-0.240140, -0.799300, 0.020910
-0.240140, -0.759360, 0.025902
-0.240140, -0.719420, 0.031260
-0.240140, -0.679480, 0.036703
-0.240140, -0.639540, 0.042689
-0.240140, -0.599600, 0.048030
-0.240140, -0.559660, 0.054330
-0.240140, -0.519720, 0.060192
-0.240140, -0.479780, 0.066176
-0.240140, -0.439840, 0.072497
-0.240140, -0.399900, 0.078339
-0.240140, -0.359960, 0.085159
-0.240140, -0.320020, 0.091773
-0.240140, -0.280080, 0.098560
-0.240140, -0.240140, 0.104578
-0.240140, -0.200200, 0.111467
-0.240140, -0.160260, 0.118265
-0.240140, -0.120320, 0.124165
-0.240140, -0.080380, 0.131035
-0.240140, -0.040440, 0.137111
-0.240140, -0.000500, 0.143323
-0.240140, 0.039440, 0.149185
-0.240140, 0.079380, 0.154599
-0.240140, 0.119320, 0.159940
-0.240140, 0.159260, 0.164538
-0.240140, 0.199200, 0.169422
-0.240140, 0.239140, 0.173049
-0.240140, 0.279080, 0.176118
-0.240140, 0.319020, 0.178847
-0.240140, 0.358960, 0.181064
-0.240140, 0.398900, 0.181422
-0.240140, 0.438840, 0.181628
-0.240140, 0.478780, 0.180129
-0.240140, 0.518720, 0.177150
-0.240140, 0.558660, 0.173374
-0.240140, 0.598600, 0.166933
-0.240140, 0.638540, 0.160029
-0.240140, 0.678480, 0.149629
-0.240140, 0.718420, 0.138042
-0.240140, 0.758360, 0.123075
-0.240140, 0.798300, 0.105570
-0.240140, 0.838240, 0.085819
-0.240140, 0.878180, 0.062206
-0.240140, 0.918120, 0.037024
-0.240140, 0.958060, 0.009092
-0.200200, -0.959060, 0.002495
-0.200200, -0.919120, 0.007318
-0.200200, -0.879180, 0.012203
-0.200200, -0.839240, 0.017165
-0.200200, -0.799300, 0.022303
-0.200200, -0.759360, 0.027869
-0.200200, -0.719420, 0.032968
-0.200200, -0.679480, 0.039402
-0.200200, -0.639540, 0.044833
-0.200200, -0.599600, 0.051646
-0.200200, -0.559660, 0.057387
-0.200200, -0.519720, 0.063477
-0.200200, -0.479780, 0.070140
-0.200200, -0.439840, 0.077023
-0.200200, -0.399900, 0.083408
-0.200200, -0.359960, 0.090359
-0.200200, -0.320020, 0.097536
-0.200200, -0.280080, 0.104299
-0.200200, -0.240140, 0.111511
-0.200200, -0.200200, 0.118460
-0.200200, -0.160260, 0.125435
-0.200200, -0.120320, 0.133017
-0.200200, -0.080380, 0.139775
-0.200200, -0.040440, 0.146444
-0.200200, -0.000500, 0.152855
-0.200200, 0.039440, 0.160454
-0.200200, 0.079380, 0.166422
-0.200200, 0.119320, 0.171753
-0.200200, 0.159260, 0.177433
-0.200200, 0.199200, 0.183214
-0.200200, 0.239140, 0.187749
-0.200200, 0.279080, 0.191737
-0.200200, 0.319020, 0.195710
-0.200200, 0.358960, 0.197607
-0.200200, 0.398900, 0.198630
-0.200200, 0.438840, 0.199611
-0.200200, 0.478780, 0.200081
-0.200200, 0.518720, 0.197454
-0.200200, 0.558660, 0.193556
-0.200200, 0.598600, 0.189366
-0.200200, 0.638540, 0.181519
-0.200200, 0.678480, 0.171933
-0.200200, 0.718420, 0.159671
-0.200200, 0.758360, 0.144971
-0.200200, 0.798300, 0.126805
-0.200200, 0.838240, 0.104672
-0.200200, 0.878180, 0.079567
-0.200200, 0.918120, 0.050215
-0.200200, 0.958060, 0.018204
-0.160260, -0.959060, 0.003479
-0.160260, -0.919120, 0.008182
-0.160260, -0.879180, 0.013376
-0.160260, -0.839240, 0.018491
-0.160260, -0.799300, 0.024185
-0.160260, -0.759360, 0.029812
-0.160260, -0.719420, 0.035322
-0.160260, -0.679480, 0.041308
-0.160260, -0.639540, 0.047988
-0.160260, -0.599600, 0.054405
-0.160260, -0.559660, 0.060408
-0.160260, -0.519720, 0.067454
-0.160260, -0.479780, 0.074093
-0.160260, -0.439840, 0.080785
-0.160260, -0.399900, 0.088241
-0.160260, -0.359960, 0.095559
-0.160260, -0.320020, 0.102710
-0.160260, -0.280080, 0.110377
-0.160260, -0.240140, 0.117813
-0.160260, -0.200200, 0.125687
-0.160260, -0.160260, 0.132751
-0.160260, -0.120320, 0.140261
-0.160260, -0.080380, 0.148918
-0.160260, -0.040440, 0.156258
-0.160260, -0.000500, 0.162889
-0.160260, 0.039440, 0.171003
-0.160260, 0.079380, 0.178368
-0.160260, 0.119320, 0.183845
-0.160260, 0.159260, 0.191014
-0.160260, 0.199200, 0.197203
-0.160260, 0.239140, 0.202625
-0.160260, 0.279080, 0.206875
-0.160260, 0.319020, 0.212073
-0.160260, 0.358960, 0.215496
-0.160260, 0.398900, 0.217767
-0.160260, 0.438840, 0.220401
-0.160260, 0.478780, 0.220065
-0.160260, 0.518720, 0.219733
-0.160260, 0.558660, 0.216960
-0.160260, 0.598600, 0.211418
-0.160260, 0.638540, 0.205673
-0.160260, 0.678480, 0.197593
-0.160260, 0.718420, 0.184896
-0.160260, 0.758360, 0.170040
-0.160260, 0.798300, 0.151608
-0.160260, 0.838240, 0.127974
-0.160260, 0.878180, 0.100105
-0.160260, 0.918120, 0.066844
-0.160260, 0.958060, 0.029258
-0.120320, -0.959060, 0.004177
-0.120320, -0.919120, 0.009263
-0.120320, -0.879180, 0.014525
-0.120320, -0.839240, 0.019939
-0.120320, -0.799300, 0.025347
-0.120320, -0.759360, 0.030935
-0.120320, -0.719420, 0.037555
-0.120320, -0.679480, 0.043552
-0.120320, -0.639540, 0.049996
-0.120320, -0.599600, 0.056383
-0.120320, -0.559660, 0.062878
-0.120320, -0.519720, 0.070395
-0.120320, -0.479780, 0.077341
-0.120320, -0.439840, 0.085090
-0.120320, -0.399900, 0.092066
-0.120320, -0.359960, 0.100477
-0.120320, -0.320020, 0.107815
-0.120320, -0.280080, 0.116641
-0.120320, -0.240140, 0.124455
-0.120320, -0.200200, 0.132649
-0.120320, -0.160260, 0.141403
-0.120320, -0.120320, 0.148733
-0.120320, -0.080380, 0.157892
-0.120320, -0.040440, 0.165742
-0.120320, -0.000500, 0.173729
-0.120320, 0.039440, 0.182047
-0.120320, 0.079380, 0.190577
-0.120320, 0.119320, 0.197991
-0.120320, 0.159260, 0.205139
-0.120320, 0.199200, 0.211775
-0.120320, 0.239140, 0.218404
-0.120320, 0.279080, 0.224128
-0.120320, 0.319020, 0.229682
-0.120320, 0.358960, 0.234447
-0.120320, 0.398900, 0.238518
-0.120320, 0.438840, 0.241302
-0.120320, 0.478780, 0.243113
-0.120320, 0.518720, 0.242443
-0.120320, 0.558660, 0.241185
-0.120320, 0.598600, 0.238144
-0.120320, 0.638540, 0.233047
-0.120320, 0.678480, 0.224584
-0.120320, 0.718420, 0.213430
-0.120320, 0.758360, 0.199467
-0.120320, 0.798300, 0.180009
-0.120320, 0.838240, 0.156363
-0.120320, 0.878180, 0.125035
-0.120320, 0.918120, 0.087598
-0.120320, 0.958060, 0.043590
-0.080380, -0.959060, 0.004693
-0.080380, -0.919120, 0.010255
-0.080380, -0.879180, 0.015460
-0.080380, -0.839240, 0.020908
-0.080380, -0.799300, 0.026640
-0.080380, -0.759360, 0.032508
-0.080380, -0.719420, 0.039034
-0.080380, -0.679480, 0.045385
-0.080380, -0.639540, 0.052401
-0.080380, -0.599600, 0.058914
-0.080380, -0.559660, 0.066187
-0.080380, -0.519720, 0.073930
-0.080380, -0.479780, 0.081336
-0.080380, -0.439840, 0.088661
-0.080380, -0.399900, 0.097011
-0.080380, -0.359960, 0.105458
-0.080380, -0.320020, 0.112800
-0.080380, -0.280080, 0.122533
-0.080380, -0.240140, 0.131175
-0.080380, -0.200200, 0.139392
-0.080380, -0.160260, 0.148240
-0.080380, -0.120320, 0.157872
-0.080380, -0.080380, 0.166890
-0.080380, -0.040440, 0.175888
-0.080380, -0.000500, 0.184997
-0.080380, 0.039440, 0.194272
-0.080380, 0.079380, 0.202318
-0.080380, 0.119320, 0.211065
-0.080380, 0.159260, 0.219720
-0.080380, 0.199200, 0.226792
-0.080380, 0.239140, 0.235114
-0.080380, 0.279080, 0.242015
-0.080380, 0.319020, 0.249096
-0.080380, 0.358960, 0.254515
-0.080380, 0.398900, 0.259910
-0.080380, 0.438840, 0.263609
-0.080380, 0.478780, 0.265716
-0.080380, 0.518720, 0.267831
-0.080380, 0.558660, 0.268061
-0.080380, 0.598600, 0.265755
-0.080380, 0.638540, 0.262503
-0.080380, 0.678480, 0.254996
-0.080380, 0.718420, 0.245880
-0.080380, 0.758360, 0.232740
-0.080380, 0.798300, 0.213922
-0.080380, 0.838240, 0.190161
-0.080380, 0.878180, 0.158156
-0.080380, 0.918120, 0.116408
-0.080380, 0.958060, 0.062999
-0.040440, -0.999000, 0.000021
-0.040440, -0.959060, 0.005155
-0.040440, -0.919120, 0.010362
-0.040440, -0.879180, 0.016032
-0.040440, -0.839240, 0.021852
-0.040440, -0.799300, 0.027718
-0.040440, -0.759360, 0.034080
-0.040440, -0.719420, 0.040791
-0.040440, -0.679480, 0.047047
-0.040440, -0.639540, 0.053831
-0.040440, -0.599600, 0.060814
-0.040440, -0.559660, 0.068699
-0.040440, -0.519720, 0.076147
-0.040440, -0.479780, 0.084324
-0.040440, -0.439840, 0.092431
-0.040440, -0.399900, 0.100165
-0.040440, -0.359960, 0.109562
-0.040440, -0.320020, 0.118605
-0.040440, -0.280080, 0.127362
-0.040440, -0.240140, 0.137330
-0.040440, -0.200200, 0.146263
-0.040440, -0.160260, 0.156305
-0.040440, -0.120320, 0.165946
-0.040440, -0.080380, 0.175849
-0.040440, -0.040440, 0.185504
-0.040440, -0.000500, 0.195529
-0.040440, 0.039440, 0.205459
-0.040440, 0.079380, 0.214968
-0.040440, 0.119320, 0.225434
-0.040440, 0.159260, 0.234281
-0.040440, 0.199200, 0.243159
-0.040440, 0.239140, 0.251173
-0.040440, 0.279080, 0.260491
-0.040440, 0.319020, 0.267798
-0.040440, 0.358960, 0.274612
-0.040440, 0.398900, 0.281071
-0.040440, 0.438840, 0.286629
-0.040440, 0.478780, 0.290394
-0.040440, 0.518720, 0.293824
-0.040440, 0.558660, 0.295746
-0.040440, 0.598600, 0.295502
-0.040440, 0.638540, 0.293400
-0.040440, 0.678480, 0.290238
-0.040440, 0.718420, 0.281899
-0.040440, 0.758360, 0.270705
-0.040440, 0.798300, 0.254377
-0.040440, 0.838240, 0.232242
-0.040440, 0.878180, 0.200637
-0.040440, 0.918120, 0.157326
-0.040440, 0.958060, 0.095676
-0.040440, 0.998000, 0.003043
-0.000500, -0.999000, 0.000131
-0.000500, -0.959060, 0.005322
-0.000500, -0.919120, 0.010857
-0.000500, -0.879180, 0.016507
-0.000500, -0.839240, 0.022257
-0.000500, -0.799300, 0.028386
-0.000500, -0.759360, 0.034899
-0.000500, -0.719420, 0.042099
-0.000500, -0.679480, 0.048660
-0.000500, -0.639540, 0.055778
-0.000500, -0.599600, 0.062875
-0.000500, -0.559660, 0.070807
-0.000500, -0.519720, 0.078818
-0.000500, -0.479780, 0.087542
-0.000500, -0.439840, 0.095707
-0.000500, -0.399900, 0.104524
-0.000500, -0.359960, 0.114991
-0.000500, -0.320020, 0.123881
-0.000500, -0.280080, 0.133145
-0.000500, -0.240140, 0.143462
-0.000500, -0.200200, 0.153096
-0.000500, -0.160260, 0.163798
-0.000500, -0.120320, 0.174340
-0.000500, -0.080380, 0.185199
-0.000500, -0.040440, 0.195634
-0.000500, -0.000500, 0.206390
-0.000500, 0.039440, 0.216994
-0.000500, 0.079380, 0.227934
-0.000500, 0.119320, 0.238484
-0.000500, 0.159260, 0.248705
-0.000500, 0.199200, 0.259393
-0.000500, 0.239140, 0.268588
-0.000500, 0.279080, 0.278487
-0.000500, 0.319020, 0.288240
-0.000500, 0.358960, 0.296030
-0.000500, 0.398900, 0.303463
-0.000500, 0.438840, 0.310798
-0.000500, 0.478780, 0.315924
-0.000500, 0.518720, 0.321415
-0.000500, 0.558660, 0.325664
-0.000500, 0.598600, 0.328268
-0.000500, 0.638540, 0.328123
-0.000500, 0.678480, 0.325876
-0.000500, 0.718420, 0.322018
-0.000500, 0.758360, 0.313149
-0.000500, 0.798300, 0.300840
-0.000500, 0.838240, 0.281584
-0.000500, 0.878180, 0.254920
-0.000500, 0.918120, 0.217521
-0.000500, 0.958060, 0.160868
-0.000500, 0.998000, 0.037465
0.039440, -0.999000, 0.000024
0.039440, -0.959060, 0.005334
0.039440, -0.919120, 0.010758
0.039440, -0.879180, 0.016852
0.039440, -0.839240, 0.022595
0.039440, -0.799300, 0.029358
0.039440, -0.759360, 0.035691
0.039440, -0.719420, 0.042811
0.039440, -0.679480, 0.049881
0.039440, -0.639540, 0.056869
0.039440, -0.599600, 0.065294
0.039440, -0.559660, 0.072628
0.039440, -0.519720, 0.081665
0.039440, -0.479780, 0.089936
0.039440, -0.439840, 0.098856
0.039440, -0.399900, 0.108728
0.039440, -0.359960, 0.118721
0.039440, -0.320020, 0.127862
0.039440, -0.280080, 0.138575
0.039440, -0.240140, 0.148280
0.039440, -0.200200, 0.159643
0.039440, -0.160260, 0.170875
0.039440, -0.120320, 0.182716
0.039440, -0.080380, 0.193960
0.039440, -0.040440, 0.204491
0.039440, -0.000500, 0.216658
0.039440, 0.039440, 0.229700
0.039440, 0.079380, 0.240647
0.039440, 0.119320, 0.252521
0.039440, 0.159260, 0.264657
0.039440, 0.199200, 0.275675
0.039440, 0.239140, 0.287165
0.039440, 0.279080, 0.298505
0.039440, 0.319020, 0.308743
0.039440, 0.358960, 0.317600
0.039440, 0.398900, 0.327437
0.039440, 0.438840, 0.335280
0.039440, 0.478780, 0.344646
0.039440, 0.518720, 0.350813
0.039440, 0.558660, 0.356695
0.039440, 0.598600, 0.361570
0.039440, 0.638540, 0.364717
0.039440, 0.678480, 0.365763
0.039440, 0.718420, 0.363714
0.039440, 0.758360, 0.360770
0.039440, 0.798300, 0.352323
0.039440, 0.838240, 0.338873
0.039440, 0.878180, 0.320589
0.039440, 0.918120, 0.294253
0.039440, 0.958060, 0.260929
0.039440, 0.998000, 0.236213
0.079380, -0.959060, 0.005081
0.079380, -0.919120, 0.010774
0.079380, -0.879180, 0.016717
0.079380, -0.839240, 0.023102
0.079380, -0.799300, 0.029057
0.079380, -0.759360, 0.036243
0.079380, -0.719420, 0.043187
0.079380, -0.679480, 0.050331
0.079380, -0.639540, 0.058569
0.079380, -0.599600, 0.066058
0.079380, -0.559660, 0.074904
0.079380, -0.519720, 0.083602
0.079380, -0.479780, 0.092279
0.079380, -0.439840, 0.101956
0.079380, -0.399900, 0.111693
0.079380, -0.359960, 0.121668
0.079380, -0.320020, 0.132537
0.079380, -0.280080, 0.142707
0.079380, -0.240140, 0.154869
0.079380, -0.200200, 0.166540
0.079380, -0.160260, 0.178133
0.079380, -0.120320, 0.189760
0.079380, -0.080380, 0.202235
0.079380, -0.040440, 0.215332
0.079380, -0.000500, 0.227972
0.079380, 0.039440, 0.240770
0.079380, 0.079380, 0.253816
0.079380, 0.119320, 0.266405
0.079380, 0.159260, 0.279508
0.079380, 0.199200, 0.292451
0.079380, 0.239140, 0.304501
0.079380, 0.279080, 0.316835
0.079380, 0.319020, 0.329941
0.079380, 0.358960, 0.340460
0.079380, 0.398900, 0.351774
0.079380, 0.438840, 0.362442
0.079380, 0.478780, 0.372108
0.079380, 0.518720, 0.382194
0.079380, 0.558660, 0.390418
0.079380, 0.598600, 0.397036
0.079380, 0.638540, 0.402672
0.079380, 0.678480, 0.407350
0.079380, 0.718420, 0.410662
0.079380, 0.758360, 0.410640
0.079380, 0.798300, 0.408838
0.079380, 0.838240, 0.402557
0.079380, 0.878180, 0.392655
0.079380, 0.918120, 0.377961
0.079380, 0.958060, 0.360395
0.119320, -0.959060, 0.004710
0.119320, -0.919120, 0.010312
0.119320, -0.879180, 0.016628
0.119320, -0.839240, 0.022739
0.119320, -0.799300, 0.029244
0.119320, -0.759360, 0.036405
0.119320, -0.719420, 0.043443
0.119320, -0.679480, 0.050896
0.119320, -0.639540, 0.059062
0.119320, -0.599600, 0.067277
0.119320, -0.559660, 0.076441
0.119320, -0.519720, 0.085143
0.119320, -0.479780, 0.094782
0.119320, -0.439840, 0.104618
0.119320, -0.399900, 0.114761
0.119320, -0.359960, 0.125384
0.119320, -0.320020, 0.136026
0.119320, -0.280080, 0.148375
0.119320, -0.240140, 0.159930
0.119320, -0.200200, 0.172525
0.119320, -0.160260, 0.184161
0.119320, -0.120320, 0.197697
0.119320, -0.080380, 0.211000
0.119320, -0.040440, 0.224625
0.119320, -0.000500, 0.239621
0.119320, 0.039440, 0.252959
0.119320, 0.079380, 0.265821
0.119320, 0.119320, 0.280651
0.119320, 0.159260, 0.294878
0.119320, 0.199200, 0.308690
0.119320, 0.239140, 0.323083
0.119320, 0.279080, 0.337160
0.119320, 0.319020, 0.350495
0.119320, 0.358960, 0.364502
0.119320, 0.398900, 0.376597
0.119320, 0.438840, 0.388810
0.119320, 0.478780, 0.401377
0.119320, 0.518720, 0.413376
0.119320, 0.558660, 0.423548
0.119320, 0.598600, 0.433754
0.119320, 0.638540, 0.443669
0.119320, 0.678480, 0.451278
0.119320, 0.718420, 0.458617
0.119320, 0.758360, 0.465324
0.119320, 0.798300, 0.469330
0.119320, 0.838240, 0.471764
0.119320, 0.878180, 0.469999
0.119320, 0.918120, 0.465043
0.119320, 0.958060, 0.456194
0.159260, -0.959060, 0.003860
0.159260, -0.919120, 0.009851
0.159260, -0.879180, 0.016018
0.159260, -0.839240, 0.022376
0.159260, -0.799300, 0.028962
0.159260, -0.759360, 0.035931
0.159260, -0.719420, 0.043310
0.159260, -0.679480, 0.051330
0.159260, -0.639540, 0.059332
0.159260, -0.599600, 0.067930
0.159260, -0.559660, 0.076738
0.159260, -0.519720, 0.085704
0.159260, -0.479780, 0.095819
0.159260, -0.439840, 0.106276
0.159260, -0.399900, 0.117147
0.159260, -0.359960, 0.128698
0.159260, -0.320020, 0.140221
0.159260, -0.280080, 0.152004
0.159260, -0.240140, 0.165151
0.159260, -0.200200, 0.178539
0.159260, -0.160260, 0.191118
0.159260, -0.120320, 0.205409
0.159260, -0.080380, 0.219059
0.159260, -0.040440, 0.234045
0.159260, -0.000500, 0.249785
0.159260, 0.039440, 0.264755
0.159260, 0.079380, 0.279921
0.159260, 0.119320, 0.294978
0.159260, 0.159260, 0.309967
0.159260, 0.199200, 0.326564
0.159260, 0.239140, 0.341617
0.159260, 0.279080, 0.357276
0.159260, 0.319020, 0.372588
0.159260, 0.358960, 0.387594
0.159260, 0.398900, 0.401696
0.159260, 0.438840, 0.416742
0.159260, 0.478780, 0.429510
0.159260, 0.518720, 0.444084
0.159260, 0.558660, 0.457115
0.159260, 0.598600, 0.470774
0.159260, 0.638540, 0.483566
0.159260, 0.678480, 0.496210
0.159260, 0.718420, 0.508739
0.159260, 0.758360, 0.521376
0.159260, 0.798300, 0.532201
0.159260, 0.838240, 0.542937
0.159260, 0.878180, 0.552999
0.159260, 0.918120, 0.556708
0.159260, 0.958060, 0.554007
0.199200, -0.959060, 0.002995
0.199200, -0.919120, 0.008899
0.199200, -0.879180, 0.014841
0.199200, -0.839240, 0.021536
0.199200, -0.799300, 0.028416
0.199200, -0.759360, 0.035361
0.199200, -0.719420, 0.042938
0.199200, -0.679480, 0.051319
0.199200, -0.639540, 0.059333
0.199200, -0.599600, 0.067762
0.199200, -0.559660, 0.077384
0.199200, -0.519720, 0.087120
0.199200, -0.479780, 0.097588
0.199200, -0.439840, 0.107635
0.199200, -0.399900, 0.118995
0.199200, -0.359960, 0.130782
0.199200, -0.320020, 0.142890
0.199200, -0.280080, 0.155625
0.199200, -0.240140, 0.169360
0.199200, -0.200200, 0.183286
0.199200, -0.160260, 0.196503
0.199200, -0.120320, 0.211316
0.199200, -0.080380, 0.227269
0.199200, -0.040440, 0.243728
0.199200, -0.000500, 0.258909
0.199200, 0.039440, 0.275893
0.199200, 0.079380, 0.291352
0.199200, 0.119320, 0.309524
0.199200, 0.159260, 0.325671
0.199200, 0.199200, 0.343235
0.199200, 0.239140, 0.360121
0.199200, 0.279080, 0.378249
0.199200, 0.319020, 0.393854
0.199200, 0.358960, 0.409886
0.199200, 0.398900, 0.427095
0.199200, 0.438840, 0.443883
0.199200, 0.478780, 0.460019
0.199200, 0.518720, 0.476259
0.199200, 0.558660, 0.492290
0.199200, 0.598600, 0.508513
0.199200, 0.638540, 0.525949
0.199200, 0.678480, 0.540983
0.199200, 0.718420, 0.557951
0.199200, 0.758360, 0.576448
0.199200, 0.798300, 0.595627
0.199200, 0.838240, 0.616246
0.199200, 0.878180, 0.638354
0.199200, 0.918120, 0.656684
0.199200, 0.958060, 0.662913
0.239140, -0.959060, 0.001759
0.239140, -0.919120, 0.007568
0.239140, -0.879180, 0.013936
0.239140, -0.839240, 0.020282
0.239140, -0.799300, 0.027142
0.239140, -0.759360, 0.034633
0.239140, -0.719420, 0.042170
0.239140, -0.679480, 0.050466
0.239140, -0.639540, 0.059340
0.239140, -0.599600, 0.068070
0.239140, -0.559660, 0.077540
0.239140, -0.519720, 0.087369
0.239140, -0.479780, 0.097639
0.239140, -0.439840, 0.109525
0.239140, -0.399900, 0.119963
0.239140, -0.359960, 0.133523
0.239140, -0.320020, 0.145717
0.239140, -0.280080, 0.159234
0.239140, -0.240140, 0.173602
0.239140, -0.200200, 0.187353
0.239140, -0.160260, 0.202548
0.239140, -0.120320, 0.218243
0.239140, -0.080380, 0.234517
0.239140, -0.040440, 0.251291
0.239140, -0.000500, 0.269627
0.239140, 0.039440, 0.286810
0.239140, 0.079380, 0.305307
0.239140, 0.119320, 0.322856
0.239140, 0.159260, 0.340887
0.239140, 0.199200, 0.361107
0.239140, 0.239140, 0.379009
0.239140, 0.279080, 0.398068
0.239140, 0.319020, 0.415664
0.239140, 0.358960, 0.435161
0.239140, 0.398900, 0.452104
0.239140, 0.438840, 0.471428
0.239140, 0.478780, 0.489118
0.239140, 0.518720, 0.508682
0.239140, 0.558660, 0.527102
0.239140, 0.598600, 0.545045
0.239140, 0.638540, 0.564342
0.239140, 0.678480, 0.585924
0.239140, 0.718420, 0.606991
0.239140, 0.758360, 0.631379
0.239140, 0.798300, 0.657908
0.239140, 0.838240, 0.688375
0.239140, 0.878180, 0.724619
0.239140, 0.918120, 0.768862
0.239140, 0.958060, 0.810639
0.279080, -0.959060, 0.000184
0.279080, -0.919120, 0.006159
0.279080, -0.879180, 0.012563
0.279080, -0.839240, 0.019266
0.279080, -0.799300, 0.025742
0.279080, -0.759360, 0.033498
0.279080, -0.719420, 0.041325
0.279080, -0.679480, 0.049498
0.279080, -0.639540, 0.058021
0.279080, -0.599600, 0.067166
0.279080, -0.559660, 0.076913
0.279080, -0.519720, 0.087498
0.279080, -0.479780, 0.097963
0.279080, -0.439840, 0.109544
0.279080, -0.399900, 0.121172
0.279080, -0.359960, 0.134297
0.279080, -0.320020, 0.147102
0.279080, -0.280080, 0.161593
0.279080, -0.240140, 0.176139
0.279080, -0.200200, 0.191954
0.279080, -0.160260, 0.208466
0.279080, -0.120320, 0.224645
0.279080, -0.080380, 0.241881
0.279080, -0.040440, 0.259795
0.279080, -0.000500, 0.278772
0.279080, 0.039440, 0.297839
0.279080, 0.079380, 0.317947
0.279080, 0.119320, 0.336702
0.279080, 0.159260, 0.356733
0.279080, 0.199200, 0.377618
0.279080, 0.239140, 0.396971
0.279080, 0.279080, 0.417399
0.279080, 0.319020, 0.437956
0.279080, 0.358960, 0.458345
0.279080, 0.398900, 0.478642
0.279080, 0.438840, 0.499108
0.279080, 0.478780, 0.519475
0.279080, 0.518720, 0.540133
0.279080, 0.558660, 0.560818
0.279080, 0.598600, 0.582986
0.279080, 0.638540, 0.604867
0.279080, 0.678480, 0.629444
0.279080, 0.718420, 0.654546
0.279080, 0.758360, 0.682917
0.279080, 0.798300, 0.715693
0.279080, 0.838240, 0.753213
0.279080, 0.878180, 0.802732
0.279080, 0.918120, 0.870138
0.279080, 0.958060, 0.990422
0.319020, -0.919120, 0.004290
0.319020, -0.879180, 0.010649
0.319020, -0.839240, 0.017108
0.319020, -0.799300, 0.024452
0.319020, -0.759360, 0.031532
0.319020, -0.719420, 0.039727
0.319020, -0.679480, 0.047873
0.319020, -0.639540, 0.056339
0.319020, -0.599600, 0.065684
0.319020, -0.559660, 0.076119
0.319020, -0.519720, 0.086564
0.319020, -0.479780, 0.097697
0.319020, -0.439840, 0.108835
0.319020, -0.399900, 0.121515
0.319020, -0.359960, 0.134761
0.319020, -0.320020, 0.148115
0.319020, -0.280080, 0.162842
0.319020, -0.240140, 0.179035
0.319020, -0.200200, 0.195200
0.319020, -0.160260, 0.210921
0.319020, -0.120320, 0.230544
0.319020, -0.080380, 0.248687
0.319020, -0.040440, 0.267391
0.319020, -0.000500, 0.287477
0.319020, 0.039440, 0.307543
0.319020, 0.079380, 0.328708
0.319020, 0.119320, 0.350902
0.319020, 0.159260, 0.372601
0.319020, 0.199200, 0.394124
0.319020, 0.239140, 0.415327
0.319020, 0.279080, 0.437795
0.319020, 0.319020, 0.460791
0.319020, 0.358960, 0.481659
0.319020, 0.398900, 0.504389
0.319020, 0.438840, 0.527159
0.319020, 0.478780, 0.549015
0.319020, 0.518720, 0.571518
0.319020, 0.558660, 0.594483
0.319020, 0.598600, 0.618898
0.319020, 0.638540, 0.644181
0.319020, 0.678480, 0.671090
0.319020, 0.718420, 0.699254
0.319020, 0.758360, 0.730384
0.319020, 0.798300, 0.767362
0.319020, 0.838240, 0.811070
0.319020, 0.878180, 0.863923
0.319020, 0.918120, 0.934250
0.358960, -0.919120, 0.002156
0.358960, -0.879180, 0.008494
0.358960, -0.839240, 0.015313
0.358960, -0.799300, 0.021997
0.358960, -0.759360, 0.029473
0.358960, -0.719420, 0.037371
0.358960, -0.679480, 0.045780
0.358960, -0.639540, 0.054624
0.358960, -0.599600, 0.064368
0.358960, -0.559660, 0.074390
0.358960, -0.519720, 0.084961
0.358960, -0.479780, 0.096731
0.358960, -0.439840, 0.108528
0.358960, -0.399900, 0.121281
0.358960, -0.359960, 0.134698
0.358960, -0.320020, 0.148461
0.358960, -0.280080, 0.163854
0.358960, -0.240140, 0.180126
0.358960, -0.200200, 0.196728
0.358960, -0.160260, 0.214446
0.358960, -0.120320, 0.234396
0.358960, -0.080380, 0.254508
0.358960, -0.040440, 0.274608
0.358960, -0.000500, 0.295709
0.358960, 0.039440, 0.317147
0.358960, 0.079380, 0.340161
0.358960, 0.119320, 0.363927
0.358960, 0.159260, 0.386346
0.358960, 0.199200, 0.410607
0.358960, 0.239140, 0.435075
0.358960, 0.279080, 0.459488
0.358960, 0.319020, 0.482675
0.358960, 0.358960, 0.506559
0.358960, 0.398900, 0.530484
0.358960, 0.438840, 0.554468
0.358960, 0.478780, 0.578127
0.358960, 0.518720, 0.603190
0.358960, 0.558660, 0.627899
0.358960, 0.598600, 0.653852
0.358960, 0.638540, 0.679837
0.358960, 0.678480, 0.708999
0.358960, 0.718420, 0.739917
0.358960, 0.758360, 0.774661
0.358960, 0.798300, 0.812901
0.358960, 0.838240, 0.857538
0.358960, 0.878180, 0.909979
0.358960, 0.918120, 0.973409
0.398900, -0.879180, 0.005985
0.398900, -0.839240, 0.012689
0.398900, -0.799300, 0.019746
0.398900, -0.759360, 0.027012
0.398900, -0.719420, 0.034878
0.398900, -0.679480, 0.043132
0.398900, -0.639540, 0.052215
0.398900, -0.599600, 0.061573
0.398900, -0.559660, 0.071886
0.398900, -0.519720, 0.082937
0.398900, -0.479780, 0.093883
0.398900, -0.439840, 0.106462
0.398900, -0.399900, 0.119204
0.398900, -0.359960, 0.133686
0.398900, -0.320020, 0.148492
0.398900, -0.280080, 0.164311
0.398900, -0.240140, 0.182000
0.398900, -0.200200, 0.198724
0.398900, -0.160260, 0.218292
0.398900, -0.120320, 0.237924
0.398900, -0.080380, 0.259295
0.398900, -0.040440, 0.281247
0.398900, -0.000500, 0.303224
0.398900, 0.039440, 0.327411
0.398900, 0.079380, 0.351627
0.398900, 0.119320, 0.377318
0.398900, 0.159260, 0.402202
0.398900, 0.199200, 0.427382
0.398900, 0.239140, 0.453931
0.398900, 0.279080, 0.479006
0.398900, 0.319020, 0.505244
0.398900, 0.358960, 0.529760
0.398900, 0.398900, 0.556039
0.398900, 0.438840, 0.581804
0.398900, 0.478780, 0.606792
0.398900, 0.518720, 0.634378
0.398900, 0.558660, 0.659621
0.398900, 0.598600, 0.687370
0.398900, 0.638540, 0.716528
0.398900, 0.678480, 0.745788
0.398900, 0.718420, 0.777960
0.398900, 0.758360, 0.812993
0.398900, 0.798300, 0.852437
0.398900, 0.838240, 0.896164
0.398900, 0.878180, 0.945853
0.438840, -0.879180, 0.003112
0.438840, -0.839240, 0.009512
0.438840, -0.799300, 0.016565
0.438840, -0.759360, 0.023985
0.438840, -0.719420, 0.031583
0.438840, -0.679480, 0.040426
0.438840, -0.639540, 0.049323
0.438840, -0.599600, 0.058855
0.438840, -0.559660, 0.068981
0.438840, -0.519720, 0.079912
0.438840, -0.479780, 0.091122
0.438840, -0.439840, 0.104341
0.438840, -0.399900, 0.117474
0.438840, -0.359960, 0.131116
0.438840, -0.320020, 0.147169
0.438840, -0.280080, 0.163675
0.438840, -0.240140, 0.181348
0.438840, -0.200200, 0.199940
0.438840, -0.160260, 0.220061
0.438840, -0.120320, 0.241430
0.438840, -0.080380, 0.263351
0.438840, -0.040440, 0.285515
0.438840, -0.000500, 0.311293
0.438840, 0.039440, 0.336516
0.438840, 0.079380, 0.362111
0.438840, 0.119320, 0.387985
0.438840, 0.159260, 0.416249
0.438840, 0.199200, 0.444046
0.438840, 0.239140, 0.471205
0.438840, 0.279080, 0.498990
0.438840, 0.319020, 0.526794
0.438840, 0.358960, 0.553438
0.438840, 0.398900, 0.581399
0.438840, 0.438840, 0.609533
0.438840, 0.478780, 0.637446
0.438840, 0.518720, 0.664121
0.438840, 0.558660, 0.691115
0.438840, 0.598600, 0.720005
0.438840, 0.638540, 0.749661
0.438840, 0.678480, 0.780627
0.438840, 0.718420, 0.813485
0.438840, 0.758360, 0.848935
0.438840, 0.798300, 0.887056
0.438840, 0.838240, 0.929105
0.438840, 0.878180, 0.975138
0.478780, -0.839240, 0.006232
0.478780, -0.799300, 0.013223
0.478780, -0.759360, 0.020497
0.478780, -0.719420, 0.028283
0.478780, -0.679480, 0.036767
0.478780, -0.639540, 0.045681
0.478780, -0.599600, 0.055336
0.478780, -0.559660, 0.065319
0.478780, -0.519720, 0.076023
0.478780, -0.479780, 0.087952
0.478780, -0.439840, 0.101096
0.478780, -0.399900, 0.113712
0.478780, -0.359960, 0.128937
0.478780, -0.320020, 0.144765
0.478780, -0.280080, 0.161795
0.478780, -0.240140, 0.179431
0.478780, -0.200200, 0.199085
0.478780, -0.160260, 0.219851
0.478780, -0.120320, 0.242636
0.478780, -0.080380, 0.265700
0.478780, -0.040440, 0.290352
0.478780, -0.000500, 0.317259
0.478780, 0.039440, 0.344416
0.478780, 0.079380, 0.371868
0.478780, 0.119320, 0.399841
0.478780, 0.159260, 0.430248
0.478780, 0.199200, 0.460468
0.478780, 0.239140, 0.489334
0.478780, 0.279080, 0.519579
0.478780, 0.319020, 0.549078
0.478780, 0.358960, 0.578905
0.478780, 0.398900, 0.607569
0.478780, 0.438840, 0.635437
0.478780, 0.478780, 0.664308
0.478780, 0.518720, 0.692645
0.478780, 0.558660, 0.721972
0.478780, 0.598600, 0.751889
0.478780, 0.638540, 0.782267
0.478780, 0.678480, 0.812602
0.478780, 0.718420, 0.846499
0.478780, 0.758360, 0.880691
0.478780, 0.798300, 0.917532
0.478780, 0.838240, 0.957714
0.518720, -0.839240, 0.002615
0.518720, -0.799300, 0.009351
0.518720, -0.759360, 0.016707
0.518720, -0.719420, 0.024108
0.518720, -0.679480, 0.032384
0.518720, -0.639540, 0.041086
0.518720, -0.599600, 0.050546
0.518720, -0.559660, 0.061184
0.518720, -0.519720, 0.071440
0.518720, -0.479780, 0.083856
0.518720, -0.439840, 0.096036
0.518720, -0.399900, 0.110184
0.518720, -0.359960, 0.125386
0.518720, -0.320020, 0.141329
0.518720, -0.280080, 0.158358
0.518720, -0.240140, 0.177706
0.518720, -0.200200, 0.197844
0.518720, -0.160260, 0.219103
0.518720, -0.120320, 0.241796
0.518720, -0.080380, 0.267450
0.518720, -0.040440, 0.294075
0.518720, -0.000500, 0.322333
0.518720, 0.039440, 0.350427
0.518720, 0.079380, 0.381568
0.518720, 0.119320, 0.412429
0.518720, 0.159260, 0.444740
0.518720, 0.199200, 0.475396
0.518720, 0.239140, 0.508618
0.518720, 0.279080, 0.539972
0.518720, 0.319020, 0.571611
0.518720, 0.358960, 0.603265
0.518720, 0.398900, 0.633005
0.518720, 0.438840, 0.663429
0.518720, 0.478780, 0.692855
0.518720, 0.518720, 0.723602
0.518720, 0.558660, 0.752585
0.518720, 0.598600, 0.782198
0.518720, 0.638540, 0.813194
0.518720, 0.678480, 0.844242
0.518720, 0.718420, 0.876940
0.518720, 0.758360, 0.911033
0.518720, 0.798300, 0.946305
0.518720, 0.838240, 0.983967
0.558660, -0.799300, 0.004898
0.558660, -0.759360, 0.012198
0.558660, -0.719420, 0.019546
0.558660, -0.679480, 0.027672
0.558660, -0.639540, 0.036152
0.558660, -0.599600, 0.045590
0.558660, -0.559660, 0.056309
0.558660, -0.519720, 0.066490
0.558660, -0.479780, 0.077718
0.558660, -0.439840, 0.091830
0.558660, -0.399900, 0.104590
0.558660, -0.359960, 0.119397
0.558660, -0.320020, 0.136148
0.558660, -0.280080, 0.153858
0.558660, -0.240140, 0.173557
0.558660, -0.200200, 0.194008
0.558660, -0.160260, 0.216934
0.558660, -0.120320, 0.242028
0.558660, -0.080380, 0.267400
0.558660, -0.040440, 0.296366
0.558660, -0.000500, 0.325750
0.558660, 0.039440, 0.356269
0.558660, 0.079380, 0.389956
0.558660, 0.119320, 0.423706
0.558660, 0.159260, 0.457441
0.558660, 0.199200, 0.492008
0.558660, 0.239140, 0.527419
0.558660, 0.279080, 0.560486
0.558660, 0.319020, 0.595431
0.558660, 0.358960, 0.627542
0.558660, 0.398900, 0.660088
0.558660, 0.438840, 0.691912
0.558660, 0.478780, 0.721934
0.558660, 0.518720, 0.752405
0.558660, 0.558660, 0.783102
0.558660, 0.598600, 0.812510
0.558660, 0.638540, 0.843544
0.558660, 0.678480, 0.874086
0.558660, 0.718420, 0.905561
0.558660, 0.758360, 0.938557
0.558660, 0.798300, 0.972217
0.598600, -0.799300, 0.000284
0.598600, -0.759360, 0.007141
0.598600, -0.719420, 0.014328
0.598600, -0.679480, 0.022360
0.598600, -0.639540, 0.030831
0.598600, -0.599600, 0.039759
0.598600, -0.559660, 0.049535
0.598600, -0.519720, 0.059932
0.598600, -0.479780, 0.071675
0.598600, -0.439840, 0.084333
0.598600, -0.399900, 0.098347
0.598600, -0.359960, 0.113421
0.598600, -0.320020, 0.129501
0.598600, -0.280080, 0.147138
0.598600, -0.240140, 0.167192
0.598600, -0.200200, 0.188871
0.598600, -0.160260, 0.211675
0.598600, -0.120320, 0.237607
0.598600, -0.080380, 0.265718
0.598600, -0.040440, 0.295497
0.598600, -0.000500, 0.328372
0.598600, 0.039440, 0.362064
0.598600, 0.079380, 0.397544
0.598600, 0.119320, 0.432576
0.598600, 0.159260, 0.470408
0.598600, 0.199200, 0.508418
0.598600, 0.239140, 0.546474
0.598600, 0.279080, 0.583158
0.598600, 0.319020, 0.618632
0.598600, 0.358960, 0.653127
0.598600, 0.398900, 0.686919
0.598600, 0.438840, 0.719895
0.598600, 0.478780, 0.752108
0.598600, 0.518720, 0.782229
0.598600, 0.558660, 0.812641
0.598600, 0.598600, 0.843291
0.598600, 0.638540, 0.873158
0.598600, 0.678480, 0.903343
0.598600, 0.718420, 0.934314
0.598600, 0.758360, 0.965210
0.598600, 0.798300, 0.997762
0.638540, -0.759360, 0.001778
0.638540, -0.719420, 0.008739
0.638540, -0.679480, 0.016400
0.638540, -0.639540, 0.024614
0.638540, -0.599600, 0.033436
0.638540, -0.559660, 0.042896
0.638540, -0.519720, 0.053482
0.638540, -0.479780, 0.064975
0.638540, -0.439840, 0.077022
0.638540, -0.399900, 0.090995
0.638540, -0.359960, 0.105461
0.638540, -0.320020, 0.121577
0.638540, -0.280080, 0.139334
0.638540, -0.240140, 0.159650
0.638540, -0.200200, 0.181919
0.638540, -0.160260, 0.206196
0.638540, -0.120320, 0.233517
0.638540, -0.080380, 0.262162
0.638540, -0.040440, 0.293885
0.638540, -0.000500, 0.328882
0.638540, 0.039440, 0.365219
0.638540, 0.079380, 0.403352
0.638540, 0.119320, 0.442905
0.638540, 0.159260, 0.484005
0.638540, 0.199200, 0.523637
0.638540, 0.239140, 0.564727
0.638540, 0.279080, 0.605538
0.638540, 0.319020, 0.643369
0.638540, 0.358960, 0.681020
0.638540, 0.398900, 0.715929
0.638540, 0.438840, 0.749478
0.638540, 0.478780, 0.781594
0.638540, 0.518720, 0.813032
0.638540, 0.558660, 0.843125
0.638540, 0.598600, 0.873310
0.638540, 0.638540, 0.902252
0.638540, 0.678480, 0.931602
0.638540, 0.718420, 0.961049
0.638540, 0.758360, 0.991489
0.678480, -0.719420, 0.002715
0.678480, -0.679480, 0.009904
0.678480, -0.639540, 0.017969
0.678480, -0.599600, 0.026622
0.678480, -0.559660, 0.035433
0.678480, -0.519720, 0.045974
0.678480, -0.479780, 0.056369
0.678480, -0.439840, 0.068043
0.678480, -0.399900, 0.081692
0.678480, -0.359960, 0.095906
0.678480, -0.320020, 0.112115
0.678480, -0.280080, 0.130260
0.678480, -0.240140, 0.149658
0.678480, -0.200200, 0.172080
0.678480, -0.160260, 0.197241
0.678480, -0.120320, 0.224952
0.678480, -0.080380, 0.256140
0.678480, -0.040440, 0.289743
0.678480, -0.000500, 0.325549
0.678480, 0.039440, 0.365597
0.678480, 0.079380, 0.408350
0.678480, 0.119320, 0.451181
0.678480, 0.159260, 0.495678
0.678480, 0.199200, 0.541505
0.678480, 0.239140, 0.586499
0.678480, 0.279080, 0.628779
0.678480, 0.319020, 0.670454
0.678480, 0.358960, 0.708764
0.678480, 0.398900, 0.745711
0.678480, 0.438840, 0.780917
0.678480, 0.478780, 0.812653
0.678480, 0.518720, 0.844045
0.678480, 0.558660, 0.873551
0.678480, 0.598600, 0.903393
0.678480, 0.638540, 0.931955
0.678480, 0.678480, 0.959980
0.678480, 0.718420, 0.988415
0.718420, -0.679480, 0.002883
0.718420, -0.639540, 0.010377
0.718420, -0.599600, 0.018276
0.718420, -0.559660, 0.026850
0.718420, -0.519720, 0.036697
0.718420, -0.479780, 0.047114
0.718420, -0.439840, 0.058059
0.718420, -0.399900, 0.070680
0.718420, -0.359960, 0.084867
0.718420, -0.320020, 0.100808
0.718420, -0.280080, 0.118371
0.718420, -0.240140, 0.137657
0.718420, -0.200200, 0.160401
0.718420, -0.160260, 0.185124
0.718420, -0.120320, 0.213408
0.718420, -0.080380, 0.246325
0.718420, -0.040440, 0.281510
0.718420, -0.000500, 0.320998
0.718420, 0.039440, 0.363736
0.718420, 0.079380, 0.409731
0.718420, 0.119320, 0.458528
0.718420, 0.159260, 0.508866
0.718420, 0.199200, 0.558246
0.718420, 0.239140, 0.607213
0.718420, 0.279080, 0.654008
0.718420, 0.319020, 0.698400
0.718420, 0.358960, 0.741293
0.718420, 0.398900, 0.777921
0.718420, 0.438840, 0.813129
0.718420, 0.478780, 0.846427
0.718420, 0.518720, 0.876852
0.718420, 0.558660, 0.905959
0.718420, 0.598600, 0.933680
0.718420, 0.638540, 0.961004
0.718420, 0.678480, 0.988367
0.758360, -0.639540, 0.002277
0.758360, -0.599600, 0.009715
0.758360, -0.559660, 0.017576
0.758360, -0.519720, 0.026818
0.758360, -0.479780, 0.036459
0.758360, -0.439840, 0.047181
0.758360, -0.399900, 0.058975
0.758360, -0.359960, 0.071950
0.758360, -0.320020, 0.087142
0.758360, -0.280080, 0.103619
0.758360, -0.240140, 0.123346
0.758360, -0.200200, 0.145336
0.758360, -0.160260, 0.170424
0.758360, -0.120320, 0.198840
0.758360, -0.080380, 0.232473
0.758360, -0.040440, 0.270486
0.758360, -0.000500, 0.313511
0.758360, 0.039440, 0.359548
0.758360, 0.079380, 0.411589
0.758360, 0.119320, 0.465044
0.758360, 0.159260, 0.520810
0.758360, 0.199200, 0.577135
0.758360, 0.239140, 0.630931
0.758360, 0.279080, 0.683239
0.758360, 0.319020, 0.730548
0.758360, 0.358960, 0.773404
0.758360, 0.398900, 0.813665
0.758360, 0.438840, 0.848671
0.758360, 0.478780, 0.880606
0.758360, 0.518720, 0.910642
0.758360, 0.558660, 0.938670
0.758360, 0.598600, 0.965560
0.758360, 0.638540, 0.991386
0.798300, -0.599600, 0.000471
0.798300, -0.559660, 0.008036
0.798300, -0.519720, 0.016090
0.798300, -0.479780, 0.025168
0.798300, -0.439840, 0.034838
0.798300, -0.399900, 0.045859
0.798300, -0.359960, 0.058421
0.798300, -0.320020, 0.072217
0.798300, -0.280080, 0.087639
0.798300, -0.240140, 0.105098
0.798300, -0.200200, 0.126262
0.798300, -0.160260, 0.151392
0.798300, -0.120320, 0.180287
0.798300, -0.080380, 0.213629
0.798300, -0.040440, 0.254708
0.798300, -0.000500, 0.300655
0.798300, 0.039440, 0.352178
0.798300, 0.079380, 0.408614
0.798300, 0.119320, 0.470407
0.798300, 0.159260, 0.531809
0.798300, 0.199200, 0.596081
0.798300, 0.239140, 0.657790
0.798300, 0.279080, 0.715529
0.798300, 0.319020, 0.767060
0.798300, 0.358960, 0.813495
0.798300, 0.398900, 0.852707
0.798300, 0.438840, 0.886865
0.798300, 0.478780, 0.917782
0.798300, 0.518720, 0.946160
0.798300, 0.558660, 0.972580
0.798300, 0.598600, 0.997750
0.838240, -0.519720, 0.004766
0.838240, -0.479780, 0.012620
0.838240, -0.439840, 0.022048
0.838240, -0.399900, 0.031433
0.838240, -0.359960, 0.042728
0.838240, -0.320020, 0.054839
0.838240, -0.280080, 0.069369
0.838240, -0.240140, 0.085650
0.838240, -0.200200, 0.105335
0.838240, -0.160260, 0.127837
0.838240, -0.120320, 0.156030
0.838240, -0.080380, 0.190871
0.838240, -0.040440, 0.232163
0.838240, -0.000500, 0.282792
0.838240, 0.039440, 0.339231
0.838240, 0.079380, 0.402913
0.838240, 0.119320, 0.472619
0.838240, 0.159260, 0.543504
0.838240, 0.199200, 0.616680
0.838240, 0.239140, 0.688002
0.838240, 0.279080, 0.754492
0.838240, 0.319020, 0.810554
0.838240, 0.358960, 0.857958
0.838240, 0.398900, 0.896414
0.838240, 0.438840, 0.928968
0.838240, 0.478780, 0.957792
0.838240, 0.518720, 0.983578
0.878180, -0.439840, 0.007616
0.878180, -0.399900, 0.015986
0.878180, -0.359960, 0.025562
0.878180, -0.320020, 0.036084
0.878180, -0.280080, 0.048034
0.878180, -0.240140, 0.062120
0.878180, -0.200200, 0.079299
0.878180, -0.160260, 0.100165
0.878180, -0.120320, 0.125389
0.878180, -0.080380, 0.158175
0.878180, -0.040440, 0.201218
0.878180, -0.000500, 0.255634
0.878180, 0.039440, 0.320658
0.878180, 0.079380, 0.392450
0.878180, 0.119320, 0.471242
0.878180, 0.159260, 0.552325
0.878180, 0.199200, 0.637725
0.878180, 0.239140, 0.724894
0.878180, 0.279080, 0.802178
0.878180, 0.319020, 0.864644
0.878180, 0.358960, 0.910403
0.878180, 0.398900, 0.945814
0.878180, 0.438840, 0.975224
0.918120, -0.359960, 0.007323
0.918120, -0.320020, 0.015893
0.918120, -0.280080, 0.025443
0.918120, -0.240140, 0.036494
0.918120, -0.200200, 0.050468
0.918120, -0.160260, 0.066927
0.918120, -0.120320, 0.087951
0.918120, -0.080380, 0.116910
0.918120, -0.040440, 0.158174
0.918120, -0.000500, 0.218112
0.918120, 0.039440, 0.294483
0.918120, 0.079380, 0.378016
0.918120, 0.119320, 0.464478
0.918120, 0.159260, 0.558038
0.918120, 0.199200, 0.658553
0.918120, 0.239140, 0.768395
0.918120, 0.279080, 0.870322
0.918120, 0.319020, 0.933960
0.918120, 0.358960, 0.973232
0.958060, -0.280080, 0.001202
0.958060, -0.240140, 0.009147
0.958060, -0.200200, 0.018080
0.958060, -0.160260, 0.029283
0.958060, -0.120320, 0.043322
0.958060, -0.080380, 0.062747
0.958060, -0.040440, 0.095480
0.958060, -0.000500, 0.161391
0.958060, 0.039440, 0.260935
0.958060, 0.079380, 0.359959
0.958060, 0.119320, 0.456312
0.958060, 0.159260, 0.553739
0.958060, 0.199200, 0.663542
0.958060, 0.239140, 0.810489
0.958060, 0.279080, 0.990464
0.998000, -0.040440, 0.002985
0.998000, -0.000500, 0.037166
0.998000, 0.039440, 0.237110
0.990000, 0.000000, 0.083960
0.988046, 0.062163, 0.305260
0.982194, 0.124080, 0.461860
0.972464, 0.185508, 0.619410
0.958897, 0.246203, 0.845780
0.941546, 0.305927, 0.971800
0.920479, 0.364443, 0.981630
0.895779, 0.421521, 0.985860
0.867544, 0.476936, 0.987910
0.835885, 0.530469, 0.988000
0.800927, 0.581907, 0.989950
0.762808, 0.631050, 0.989790
0.721679, 0.677702, 0.990280
0.677702, 0.721679, 0.989820
0.631050, 0.762808, 0.990200
0.581907, 0.800927, 0.989750
0.530469, 0.835885, 0.988890
0.476936, 0.867544, 0.987930
0.421521, 0.895779, 0.985370
0.364443, 0.920479, 0.981080
0.305927, 0.941546, 0.971140
0.246203, 0.958897, 0.847830
0.185508, 0.972464, 0.618450
0.124080, 0.982194, 0.460780
0.062163, 0.988046, 0.305630
-0.062163, 0.988046, 0.020440
-0.124080, 0.982194, 0.012090
-0.185508, 0.972464, 0.009230
-0.246203, 0.958897, 0.007330
-0.305927, 0.941546, 0.006000
-0.364443, 0.920479, 0.004840
-0.421521, 0.895779, 0.004280
-0.476936, 0.867544, 0.003830
-0.530469, 0.835885, 0.003250
-0.581907, 0.800927, 0.003150
-0.631050, 0.762808, 0.002550
-0.677702, 0.721679, 0.002730
-0.721679, 0.677702, 0.002660
-0.762808, 0.631050, 0.002170
-0.800927, 0.581907, 0.001650
-0.835885, 0.530469, 0.001960
-0.867544, 0.476936, 0.001640
-0.895779, 0.421521, 0.001650
-0.920479, 0.364443, 0.001520
-0.941546, 0.305927, 0.001560
-0.958897, 0.246203, 0.001480
-0.972464, 0.185508, 0.001540
-0.982194, 0.124080, 0.001530
-0.988046, 0.062163, 0.001480
-0.990000, 0.000000, 0.001310
-0.988046, -0.062163, 0.001160
-0.982194, -0.124080, 0.001250
-0.972464, -0.185508, 0.001210
-0.958897, -0.246203, 0.001220
-0.941546, -0.305927, 0.001260
-0.920479, -0.364443, 0.001280
-0.895779, -0.421521, 0.001150
-0.867544, -0.476936, 0.001220
-0.835885, -0.530469, 0.001080
-0.800927, -0.581907, 0.001030
-0.762808, -0.631050, 0.001120
-0.721679, -0.677702, 0.000960
-0.677702, -0.721679, 0.000930
-0.631050, -0.762808, 0.000980
-0.581907, -0.800927, 0.001080
-0.530469, -0.835885, 0.000970
-0.476936, -0.867544, 0.001140
-0.421521, -0.895779, 0.001210
-0.364443, -0.920479, 0.001080
-0.305927, -0.941546, 0.001090
-0.246203, -0.958897, 0.001150
-0.185508, -0.972464, 0.001350
-0.124080, -0.982194, 0.001060
-0.062163, -0.988046, 0.001460
0.062163, -0.988046, 0.001250
0.124080, -0.982194, 0.001430
0.185508, -0.972464, 0.001340
0.246203, -0.958897, 0.001330
0.305927, -0.941546, 0.001720
0.364443, -0.920479, 0.001800
0.421521, -0.895779, 0.001730
0.476936, -0.867544, 0.001850
0.530469, -0.835885, 0.002340
0.581907, -0.800927, 0.002180
0.631050, -0.762808, 0.002360
0.677702, -0.721679, 0.002320
0.721679, -0.677702, 0.002710
0.762808, -0.631050, 0.002780
0.800927, -0.581907, 0.003130
0.835885, -0.530469, 0.003670
0.867544, -0.476936, 0.003680
0.895779, -0.421521, 0.004310
0.920479, -0.364443, 0.004950
0.941546, -0.305927, 0.005910
0.958897, -0.246203, 0.007080
0.972464, -0.185508, 0.009650
0.982194, -0.124080, 0.012560
0.988046, -0.062163, 0.020100
0.990000, 0.000000, 0.085000
0.992000, 0.000000, 0.074220
0.990043, 0.062288, 0.306380
0.984178, 0.124331, 0.462480
0.974429, 0.185882, 0.620320
0.960834, 0.246700, 0.852540
0.943448, 0.306545, 0.977590
0.922338, 0.365180, 0.984980
0.897588, 0.422373, 0.987990
0.869296, 0.477900, 0.990350
0.837573, 0.531540, 0.991040
0.802545, 0.583083, 0.991660
0.764349, 0.632325, 0.991580
0.723137, 0.679071, 0.992030
0.679071, 0.723137, 0.992860
0.632325, 0.764349, 0.992590
0.583083, 0.802545, 0.992070
0.531540, 0.837573, 0.990830
0.477900, 0.869296, 0.989990
0.422373, 0.897588, 0.988780
0.365180, 0.922338, 0.984820
0.306545, 0.943448, 0.976640
0.246700, 0.960834, 0.852060
0.185882, 0.974429, 0.618470
0.124331, 0.984178, 0.461650
0.062288, 0.990043, 0.305210
-0.062288, 0.990043, 0.015970
-0.124331, 0.984178, 0.010530
-0.185882, 0.974429, 0.007410
-0.246700, 0.960834, 0.005940
-0.306545, 0.943448, 0.004820
-0.365180, 0.922338, 0.004020
-0.422373, 0.897588, 0.003710
-0.477900, 0.869296, 0.003120
-0.531540, 0.837573, 0.002690
-0.583083, 0.802545, 0.002590
-0.632325, 0.764349, 0.002680
-0.679071, 0.723137, 0.002300
-0.723137, 0.679071, 0.002010
-0.764349, 0.632325, 0.001950
-0.802545, 0.583083, 0.001480
-0.837573, 0.531540, 0.001390
-0.869296, 0.477900, 0.001620
-0.897588, 0.422373, 0.001520
-0.922338, 0.365180, 0.001230
-0.943448, 0.306545, 0.001210
-0.960834, 0.246700, 0.001320
-0.974429, 0.185882, 0.001220
-0.984178, 0.124331, 0.001150
-0.990043, 0.062288, 0.000990
-0.992000, 0.000000, 0.001090
-0.990043, -0.062288, 0.000910
-0.984178, -0.124331, 0.001070
-0.974429, -0.185882, 0.000880
-0.960834, -0.246700, 0.000910
-0.943448, -0.306545, 0.000920
-0.922338, -0.365180, 0.000840
-0.897588, -0.422373, 0.000820
-0.869296, -0.477900, 0.000900
-0.837573, -0.531540, 0.000660
-0.802545, -0.583083, 0.000840
-0.764349, -0.632325, 0.000870
-0.723137, -0.679071, 0.000980
-0.679071, -0.723137, 0.000790
-0.632325, -0.764349, 0.000950
-0.583083, -0.802545, 0.000720
-0.531540, -0.837573, 0.000820
-0.477900, -0.869296, 0.000830
-0.422373, -0.897588, 0.000740
-0.365180, -0.922338, 0.001050
-0.306545, -0.943448, 0.001010
-0.246700, -0.960834, 0.000820
-0.185882, -0.974429, 0.000940
-0.124331, -0.984178, 0.000960
-0.062288, -0.990043, 0.000990
0.062288, -0.990043, 0.001020
0.124331, -0.984178, 0.001010
0.185882, -0.974429, 0.001090
0.246700, -0.960834, 0.001360
0.306545, -0.943448, 0.001380
0.365180, -0.922338, 0.001390
0.422373, -0.897588, 0.001250
0.477900, -0.869296, 0.001420
0.531540, -0.837573, 0.001610
0.583083, -0.802545, 0.001580
0.632325, -0.764349, 0.001980
0.679071, -0.723137, 0.001870
0.723137, -0.679071, 0.002230
0.764349, -0.632325, 0.002430
0.802545, -0.583083, 0.002510
0.837573, -0.531540, 0.002840
0.869296, -0.477900, 0.003300
0.897588, -0.422373, 0.003450
0.922338, -0.365180, 0.004570
0.943448, -0.306545, 0.004990
0.960834, -0.246700, 0.005740
0.974429, -0.185882, 0.007160
0.984178, -0.124331, 0.010600
0.990043, -0.062288, 0.016280
0.992000, 0.000000, 0.076220
0.994000, 0.000000, 0.066980
0.992039, 0.062414, 0.307140
0.986162, 0.124581, 0.460380
0.976394, 0.186257, 0.617170
0.962772, 0.247198, 0.856820
0.945350, 0.307163, 0.983090
0.924198, 0.365916, 0.988890
0.899398, 0.423225, 0.990870
0.871049, 0.478863, 0.992590
0.839262, 0.532612, 0.993200
0.804163, 0.584259, 0.994000
0.765890, 0.633599, 0.994030
0.724595, 0.680440, 0.994590
0.680440, 0.724595, 0.994420
0.633599, 0.765890, 0.993660
0.584259, 0.804163, 0.993610
0.532612, 0.839262, 0.993780
0.478863, 0.871049, 0.992340
0.423225, 0.899398, 0.990920
0.365916, 0.924198, 0.988950
0.307163, 0.945350, 0.983280
0.247198, 0.962772, 0.855780
0.186257, 0.976394, 0.619630
0.124581, 0.986162, 0.460520
0.062414, 0.992039, 0.305700
-0.062414, 0.992039, 0.012370
-0.124581, 0.986162, 0.007600
-0.186257, 0.976394, 0.005680
-0.247198, 0.962772, 0.004280
-0.307163, 0.945350, 0.003460
-0.365916, 0.924198, 0.003280
-0.423225, 0.899398, 0.002400
-0.478863, 0.871049, 0.002080
-0.532612, 0.839262, 0.001960
-0.584259, 0.804163, 0.001860
-0.633599, 0.765890, 0.001450
-0.680440, 0.724595, 0.001720
-0.724595, 0.680440, 0.001340
-0.765890, 0.633599, 0.001160
-0.804163, 0.584259, 0.001420
-0.839262, 0.532612, 0.001160
-0.871049, 0.478863, 0.001130
-0.899398, 0.423225, 0.001130
-0.924198, 0.365916, 0.001010
-0.945350, 0.307163, 0.000760
-0.962772, 0.247198, 0.000780
-0.976394, 0.186257, 0.000870
-0.986162, 0.124581, 0.000820
-0.992039, 0.062414, 0.000760
-0.994000, 0.000000, 0.000750
-0.992039, -0.062414, 0.000690
-0.986162, -0.124581, 0.000820
-0.976394, -0.186257, 0.000850
-0.962772, -0.247198, 0.000850
-0.945350, -0.307163, 0.000710
-0.924198, -0.365916, 0.000710
-0.899398, -0.423225, 0.000540
-0.871049, -0.478863, 0.000600
-0.839262, -0.532612, 0.000760
-0.804163, -0.584259, 0.000710
-0.765890, -0.633599, 0.000680
-0.724595, -0.680440, 0.000630
-0.680440, -0.724595, 0.000760
-0.633599, -0.765890, 0.000580
-0.584259, -0.804163, 0.000720
-0.532612, -0.839262, 0.000570
-0.478863, -0.871049, 0.000560
-0.423225, -0.899398, 0.000780
-0.365916, -0.924198, 0.000740
-0.307163, -0.945350, 0.000660
-0.247198, -0.962772, 0.000750
-0.186257, -0.976394, 0.000740
-0.124581, -0.986162, 0.000700
-0.062414, -0.992039, 0.000710
0.062414, -0.992039, 0.000780
0.124581, -0.986162, 0.000670
0.186257, -0.976394, 0.000910
0.247198, -0.962772, 0.000830
0.307163, -0.945350, 0.000750
0.365916, -0.924198, 0.000820
0.423225, -0.899398, 0.001090
0.478863, -0.871049, 0.001240
0.532612, -0.839262, 0.001210
0.584259, -0.804163, 0.001250
0.633599, -0.765890, 0.001330
0.680440, -0.724595, 0.001430
0.724595, -0.680440, 0.001390
0.765890, -0.633599, 0.001620
0.804163, -0.584259, 0.002110
0.839262, -0.532612, 0.001870
0.871049, -0.478863, 0.002150
0.899398, -0.423225, 0.002420
0.924198, -0.365916, 0.002880
0.945350, -0.307163, 0.003540
0.962772, -0.247198, 0.004380
0.976394, -0.186257, 0.005540
0.986162, -0.124581, 0.007720
0.992039, -0.062414, 0.012560
0.994000, 0.000000, 0.066260
0.996000, 0.000000, 0.055420
0.994035, 0.062539, 0.303920
0.988146, 0.124832, 0.461330
0.978358, 0.186632, 0.619660
0.964709, 0.247695, 0.858080
0.947252, 0.307781, 0.988790
0.926057, 0.366652, 0.992460
0.901208, 0.424076, 0.994600
0.872801, 0.479827, 0.994780
0.840951, 0.533683, 0.995330
0.805781, 0.585434, 0.995190
0.767431, 0.634874, 0.996040
0.726053, 0.681809, 0.996010
0.681809, 0.726053, 0.996390
0.634874, 0.767431, 0.996000
0.585434, 0.805781, 0.996000
0.533683, 0.840951, 0.995420
0.479827, 0.872801, 0.995230
0.424076, 0.901208, 0.994090
0.366652, 0.926057, 0.992440
0.307781, 0.947252, 0.988390
0.247695, 0.964709, 0.858730
0.186632, 0.978358, 0.619020
0.124832, 0.988146, 0.457200
0.062539, 0.994035, 0.305580
-0.062539, 0.994035, 0.007850
-0.124832, 0.988146, 0.005070
-0.186632, 0.978358, 0.003790
-0.247695, 0.964709, 0.003020
-0.307781, 0.947252, 0.002140
-0.366652, 0.926057, 0.001800
-0.424076, 0.901208, 0.001640
-0.479827, 0.872801, 0.001440
-0.533683, 0.840951, 0.001410
-0.585434, 0.805781, 0.001260
-0.634874, 0.767431, 0.000900
-0.681809, 0.726053, 0.001140
-0.726053, 0.681809, 0.001070
-0.767431, 0.634874, 0.000870
-0.805781, 0.585434, 0.000890
-0.840951, 0.533683, 0.000800
-0.872801, 0.479827, 0.000640
-0.901208, 0.424076, 0.000650
-0.926057, 0.366652, 0.000660
-0.947252, 0.307781, 0.000480
-0.964709, 0.247695, 0.000550
-0.978358, 0.186632, 0.000520
-0.988146, 0.124832, 0.000460
-0.994035, 0.062539, 0.000480
-0.996000, 0.000000, 0.000500
-0.994035, -0.062539, 0.000430
-0.988146, -0.124832, 0.000490
-0.978358, -0.186632, 0.000410
-0.964709, -0.247695, 0.000510
-0.947252, -0.307781, 0.000440
-0.926057, -0.366652, 0.000450
-0.901208, -0.424076, 0.000460
-0.872801, -0.479827, 0.000530
-0.840951, -0.533683, 0.000440
-0.805781, -0.585434, 0.000380
-0.767431, -0.634874, 0.000490
-0.726053, -0.681809, 0.000580
-0.681809, -0.726053, 0.000360
-0.634874, -0.767431, 0.000410
-0.585434, -0.805781, 0.000400
-0.533683, -0.840951, 0.000480
-0.479827, -0.872801, 0.000420
-0.424076, -0.901208, 0.000390
-0.366652, -0.926057, 0.000480
-0.307781, -0.947252, 0.000480
-0.247695, -0.964709, 0.000530
-0.186632, -0.978358, 0.000590
-0.124832, -0.988146, 0.000490
-0.062539, -0.994035, 0.000610
0.062539, -0.994035, 0.000560
0.124832, -0.988146, 0.000490
0.186632, -0.978358, 0.000660
0.247695, -0.964709, 0.000470
0.307781, -0.947252, 0.000650
0.366652, -0.926057, 0.000680
0.424076, -0.901208, 0.000690
0.479827, -0.872801, 0.000870
0.533683, -0.840951, 0.000910
0.585434, -0.805781, 0.000940
0.634874, -0.767431, 0.000940
0.681809, -0.726053, 0.000950
0.726053, -0.681809, 0.000860
0.767431, -0.634874, 0.000990
0.805781, -0.585434, 0.001380
0.840951, -0.533683, 0.001500
0.872801, -0.479827, 0.001620
0.901208, -0.424076, 0.001590
0.926057, -0.366652, 0.002200
0.947252, -0.307781, 0.002450
0.964709, -0.247695, 0.002700
0.978358, -0.186632, 0.003760
0.988146, -0.124832, 0.005230
0.994035, -0.062539, 0.007900
0.996000, 0.000000, 0.054810
0.998000, 0.000000, 0.042360
0.996031, 0.062665, 0.305580
0.990130, 0.125083, 0.460440
0.980323, 0.187007, 0.617220
0.966646, 0.248193, 0.860680
0.949154, 0.308399, 0.994440
0.927917, 0.367388, 0.996450
0.903017, 0.424928, 0.997080
0.874554, 0.480790, 0.997640
0.842639, 0.534755, 0.997640
0.807399, 0.586610, 0.997410
0.768972, 0.636149, 0.997940
0.727511, 0.683178, 0.997760
0.683178, 0.727511, 0.997870
0.636149, 0.768972, 0.997960
0.586610, 0.807399, 0.998140
0.534755, 0.842639, 0.997660
0.480790, 0.874554, 0.997770
0.424928, 0.903017, 0.996790
0.367388, 0.927917, 0.996220
0.308399, 0.949154, 0.993920
0.248193, 0.966646, 0.861240
0.187007, 0.980323, 0.619560
0.125083, 0.990130, 0.459880
0.062665, 0.996031, 0.304120
-0.062665, 0.996031, 0.004120
-0.125083, 0.990130, 0.002340
-0.187007, 0.980323, 0.002040
-0.248193, 0.966646, 0.001560
-0.308399, 0.949154, 0.001100
-0.367388, 0.927917, 0.000980
-0.424928, 0.903017, 0.000970
-0.480790, 0.874554, 0.000690
-0.534755, 0.842639, 0.000620
-0.586610, 0.807399, 0.000500
-0.636149, 0.768972, 0.000660
-0.683178, 0.727511, 0.000490
-0.727511, 0.683178, 0.000420
-0.768972, 0.636149, 0.000370
-0.807399, 0.586610, 0.000450
-0.842639, 0.534755, 0.000500
-0.874554, 0.480790, 0.000300
-0.903017, 0.424928, 0.000250
-0.927917, 0.367388, 0.000320
-0.949154, 0.308399, 0.000230
-0.966646, 0.248193, 0.000350
-0.980323, 0.187007, 0.000340
-0.990130, 0.125083, 0.000280
-0.996031, 0.062665, 0.000290
-0.998000, 0.000000, 0.000220
-0.996031, -0.062665, 0.000220
-0.990130, -0.125083, 0.000240
-0.980323, -0.187007, 0.000200
-0.966646, -0.248193, 0.000250
-0.949154, -0.308399, 0.000250
-0.927917, -0.367388, 0.000210
-0.903017, -0.424928, 0.000140
-0.874554, -0.480790, 0.000310
-0.842639, -0.534755, 0.000250
-0.807399, -0.586610, 0.000210
-0.768972, -0.636149, 0.000260
-0.727511, -0.683178, 0.000240
-0.683178, -0.727511, 0.000170
-0.636149, -0.768972, 0.000170
-0.586610, -0.807399, 0.000130
-0.534755, -0.842639, 0.000270
-0.480790, -0.874554, 0.000200
-0.424928, -0.903017, 0.000200
-0.367388, -0.927917, 0.000280
-0.308399, -0.949154, 0.000340
-0.248193, -0.966646, 0.000330
-0.187007, -0.980323, 0.000370
-0.125083, -0.990130, 0.000200
-0.062665, -0.996031, 0.000300
0.062665, -0.996031, 0.000300
0.125083, -0.990130, 0.000310
0.187007, -0.980323, 0.000230
0.248193, -0.966646, 0.000350
0.308399, -0.949154, 0.000430
0.367388, -0.927917, 0.000430
0.424928, -0.903017, 0.000340
0.480790, -0.874554, 0.000390
0.534755, -0.842639, 0.000430
0.586610, -0.807399, 0.000340
0.636149, -0.768972, 0.000440
0.683178, -0.727511, 0.000470
0.727511, -0.683178, 0.000480
0.768972, -0.636149, 0.000520
0.807399, -0.586610, 0.000600
0.842639, -0.534755, 0.000740
0.874554, -0.480790, 0.000630
0.903017, -0.424928, 0.000870
0.927917, -0.367388, 0.001010
0.949154, -0.308399, 0.001240
0.966646, -0.248193, 0.001620
0.980323, -0.187007, 0.001810
0.990130, -0.125083, 0.002360
0.996031, -0.062665, 0.003910
0.998000, 0.000000, 0.041460
1.000000, 0.000000, 0.000000
0.998027, 0.062791, 0.305800
0.992115, 0.125333, 0.460790
0.982287, 0.187381, 0.619200
0.968583, 0.248690, 0.861830
0.951057, 0.309017, 1.000000
0.929776, 0.368125, 1.000000
0.904827, 0.425779, 1.000000
0.876307, 0.481754, 1.000000
0.844328, 0.535827, 1.000000
0.809017, 0.587785, 1.000000
0.770513, 0.637424, 1.000000
0.728969, 0.684547, 1.000000
0.684547, 0.728969, 1.000000
0.637424, 0.770513, 1.000000
0.587785, 0.809017, 1.000000
0.535827, 0.844328, 1.000000
0.481754, 0.876307, 1.000000
0.425779, 0.904827, 1.000000
0.368125, 0.929776, 1.000000
0.309017, 0.951057, 1.000000
0.248690, 0.968583, 0.860850
0.187381, 0.982287, 0.618880
0.125333, 0.992115, 0.461350
0.062791, 0.998027, 0.304090
-0.062791, 0.998027, 0.000000
-0.125333, 0.992115, 0.000000
-0.187381, 0.982287, 0.000000
-0.248690, 0.968583, 0.000000
-0.309017, 0.951057, 0.000000
-0.368125, 0.929776, 0.000000
-0.425779, 0.904827, 0.000000
-0.481754, 0.876307, 0.000000
-0.535827, 0.844328, 0.000000
-0.587785, 0.809017, 0.000000
-0.637424, 0.770513, 0.000000
-0.684547, 0.728969, 0.000000
-0.728969, 0.684547, 0.000000
-0.770513, 0.637424, 0.000000
-0.809017, 0.587785, 0.000000
-0.844328, 0.535827, 0.000000
-0.876307, 0.481754, 0.000000
-0.904827, 0.425779, 0.000000
-0.929776, 0.368125, 0.000000
-0.951057, 0.309017, 0.000000
-0.968583, 0.248690, 0.000000
-0.982287, 0.187381, 0.000000
-0.992115, 0.125333, 0.000000
-0.998027, 0.062791, 0.000000
-1.000000, 0.000000, 0.000000
-0.998027, -0.062791, 0.000000
-0.992115, -0.125333, 0.000000
-0.982287, -0.187381, 0.000000
-0.968583, -0.248690, 0.000000
-0.951057, -0.309017, 0.000000
-0.929776, -0.368125, 0.000000
-0.904827, -0.425779, 0.000000
-0.876307, -0.481754, 0.000000
-0.844328, -0.535827, 0.000000
-0.809017, -0.587785, 0.000000
-0.770513, -0.637424, 0.000000
-0.728969, -0.684547, 0.000000
-0.684547, -0.728969, 0.000000
-0.637424, -0.770513, 0.000000
-0.587785, -0.809017, 0.000000
-0.535827, -0.844328, 0.000000
-0.481754, -0.876307, 0.000000
-0.425779, -0.904827, 0.000000
-0.368125, -0.929776, 0.000000
-0.309017, -0.951057, 0.000000
-0.248690, -0.968583, 0.000000
-0.187381, -0.982287, 0.000000
-0.125333, -0.992115, 0.000000
-0.062791, -0.998027, 0.000000
0.062791, -0.998027, 0.000000
0.125333, -0.992115, 0.000000
0.187381, -0.982287, 0.000000
0.248690, -0.968583, 0.000000
0.309017, -0.951057, 0.000000
0.368125, -0.929776, 0.000000
0.425779, -0.904827, 0.000000
0.481754, -0.876307, 0.000000
0.535827, -0.844328, 0.000000
0.587785, -0.809017, 0.000000
0.637424, -0.770513, 0.000000
0.684547, -0.728969, 0.000000
0.728969, -0.684547, 0.000000
0.770513, -0.637424, 0.000000
0.809017, -0.587785, 0.000000
0.844328, -0.535827, 0.000000
0.876307, -0.481754, 0.000000
0.904827, -0.425779, 0.000000
0.929776, -0.368125, 0.000000
0.951057, -0.309017, 0.000000
0.968583, -0.248690, 0.000000
0.982287, -0.187381, 0.000000
0.992115, -0.125333, 0.000000
0.998027, -0.062791, 0.000000
1.000000, 0.000000, 0.000000