-0.950400, 0.277200, 0.994641
-0.910800, 0.277200, 0.974371
-0.910800, 0.316800, 0.981798
-0.910800, 0.356400, 0.989303
-0.910800, 0.396000, 0.996808
-0.871200, 0.237600, 0.944941
-0.871200, 0.277200, 0.953626
-0.871200, 0.316800, 0.962713
-0.871200, 0.356400, 0.971135
-0.871200, 0.396000, 0.979823
-0.871200, 0.435600, 0.988252
-0.871200, 0.475200, 0.996724
-0.831600, 0.237600, 0.923430
-0.831600, 0.277200, 0.933475
-0.831600, 0.316800, 0.943660
-0.831600, 0.356400, 0.953259
-0.831600, 0.396000, 0.963028
-0.831600, 0.435600, 0.972282
-0.831600, 0.475200, 0.981921
-0.831600, 0.514800, 0.990730
-0.831600, 0.554400, 0.999775
-0.792000, 0.198000, 0.889471
-0.792000, 0.237600, 0.901973
-0.792000, 0.277200, 0.913560
-0.792000, 0.316800, 0.924947
-0.792000, 0.356400, 0.935514
-0.792000, 0.396000, 0.946303
-0.792000, 0.435600, 0.956880
-0.792000, 0.475200, 0.966717
-0.792000, 0.514800, 0.977001
-0.792000, 0.554400, 0.986435
-0.792000, 0.594000, 0.996036
-0.752400, 0.198000, 0.868133
-0.752400, 0.237600, 0.880793
-0.752400, 0.277200, 0.894575
-0.752400, 0.316800, 0.906545
-0.752400, 0.356400, 0.918627
-0.752400, 0.396000, 0.930308
-0.752400, 0.435600, 0.941747
-0.752400, 0.475200, 0.951650
-0.752400, 0.514800, 0.963281
-0.752400, 0.554400, 0.973467
-0.752400, 0.594000, 0.983794
-0.752400, 0.633600, 0.993818
-0.712800, 0.158400, 0.830960
-0.712800, 0.198000, 0.846188
-0.712800, 0.237600, 0.861763
-0.712800, 0.277200, 0.874954
-0.712800, 0.316800, 0.888888
-0.712800, 0.356400, 0.901688
-0.712800, 0.396000, 0.914078
-0.712800, 0.435600, 0.926586
-0.712800, 0.475200, 0.937802
-0.712800, 0.514800, 0.949877
-0.712800, 0.554400, 0.960852
-0.712800, 0.594000, 0.971592
-0.712800, 0.633600, 0.982073
-0.712800, 0.673200, 0.992772
-0.673200, 0.118800, 0.791559
-0.673200, 0.158400, 0.808727
-0.673200, 0.198000, 0.825846
-0.673200, 0.237600, 0.841771
-0.673200, 0.277200, 0.856463
-0.673200, 0.316800, 0.870762
-0.673200, 0.356400, 0.885097
-0.673200, 0.396000, 0.898894
-0.673200, 0.435600, 0.911069
-0.673200, 0.475200, 0.924081
-0.673200, 0.514800, 0.936193
-0.673200, 0.554400, 0.948174
-0.673200, 0.594000, 0.959399
-0.673200, 0.633600, 0.970975
-0.673200, 0.673200, 0.982149
-0.673200, 0.712800, 0.992951
-0.633600, 0.079200, 0.748951
-0.633600, 0.118800, 0.770037
-0.633600, 0.158400, 0.787944
-0.633600, 0.198000, 0.806188
-0.633600, 0.237600, 0.822861
-0.633600, 0.277200, 0.839537
-0.633600, 0.316800, 0.853950
-0.633600, 0.356400, 0.869064
-0.633600, 0.396000, 0.882775
-0.633600, 0.435600, 0.896828
-0.633600, 0.475200, 0.910139
-0.633600, 0.514800, 0.923611
-0.633600, 0.554400, 0.935468
-0.633600, 0.594000, 0.947661
-0.633600, 0.633600, 0.960066
-0.633600, 0.673200, 0.971521
-0.633600, 0.712800, 0.982907
-0.633600, 0.752400, 0.994063
-0.594000, 0.039600, 0.706485
-0.594000, 0.079200, 0.728371
-0.594000, 0.118800, 0.749866
-0.594000, 0.158400, 0.768934
-0.594000, 0.198000, 0.786830
-0.594000, 0.237600, 0.804272
-0.594000, 0.277200, 0.821765
-0.594000, 0.316800, 0.838105
-0.594000, 0.356400, 0.853420
-0.594000, 0.396000, 0.868293
-0.594000, 0.435600, 0.883497
-0.594000, 0.475200, 0.896903
-0.594000, 0.514800, 0.910643
-0.594000, 0.554400, 0.923721
-0.594000, 0.594000, 0.937109
-0.594000, 0.633600, 0.949469
-0.594000, 0.673200, 0.961460
-0.594000, 0.712800, 0.973453
-0.594000, 0.752400, 0.985043
-0.594000, 0.792000, 0.996411
-0.554400, 0, 0.661777
-0.554400, 0.039600, 0.686100
-0.554400, 0.079200, 0.708699
-0.554400, 0.118800, 0.730187
-0.554400, 0.158400, 0.750521
-0.554400, 0.198000, 0.769106
-0.554400, 0.237600, 0.786877
-0.554400, 0.277200, 0.806353
-0.554400, 0.316800, 0.822370
-0.554400, 0.356400, 0.838108
-0.554400, 0.396000, 0.853400
-0.554400, 0.435600, 0.869535
-0.554400, 0.475200, 0.884093
-0.554400, 0.514800, 0.897645
-0.554400, 0.554400, 0.912303
-0.554400, 0.594000, 0.926017
-0.554400, 0.633600, 0.938809
-0.554400, 0.673200, 0.951806
-0.554400, 0.712800, 0.964468
-0.554400, 0.752400, 0.976295
-0.554400, 0.792000, 0.988302
-0.554400, 0.831600, 0.999817
-0.514800, -0.039600, 0.616872
-0.514800, 0, 0.642396
-0.514800, 0.039600, 0.667822
-0.514800, 0.079200, 0.690268
-0.514800, 0.118800, 0.712132
-0.514800, 0.158400, 0.732882
-0.514800, 0.198000, 0.753046
-0.514800, 0.237600, 0.771470
-0.514800, 0.277200, 0.790204
-0.514800, 0.316800, 0.807386
-0.514800, 0.356400, 0.824199
-0.514800, 0.396000, 0.840650
-0.514800, 0.435600, 0.856094
-0.514800, 0.475200, 0.871733
-0.514800, 0.514800, 0.886717
-0.514800, 0.554400, 0.900993
-0.514800, 0.594000, 0.914755
-0.514800, 0.633600, 0.928680
-0.514800, 0.673200, 0.941776
-0.514800, 0.712800, 0.955140
-0.514800, 0.752400, 0.968079
-0.514800, 0.792000, 0.980312
-0.514800, 0.831600, 0.992370
-0.475200, -0.871200, 0.003652
-0.475200, -0.831600, 0.021475
-0.475200, -0.118800, 0.543388
-0.475200, -0.079200, 0.573130
-0.475200, -0.039600, 0.600521
-0.475200, 0, 0.625292
-0.475200, 0.039600, 0.649492
-0.475200, 0.079200, 0.673456
-0.475200, 0.118800, 0.695116
-0.475200, 0.158400, 0.717190
-0.475200, 0.198000, 0.736821
-0.475200, 0.237600, 0.755472
-0.475200, 0.277200, 0.774813
-0.475200, 0.316800, 0.792959
-0.475200, 0.356400, 0.810099
-0.475200, 0.396000, 0.827450
-0.475200, 0.435600, 0.843976
-0.475200, 0.475200, 0.860085
-0.475200, 0.514800, 0.874946
-0.475200, 0.554400, 0.890195
-0.475200, 0.594000, 0.904521
-0.475200, 0.633600, 0.918673
-0.475200, 0.673200, 0.932910
-0.475200, 0.712800, 0.946390
-0.475200, 0.752400, 0.959482
-0.475200, 0.792000, 0.972462
-0.475200, 0.831600, 0.985081
-0.475200, 0.871200, 0.997313
-0.435600, -0.871200, 0.012271
-0.435600, -0.831600, 0.029795
-0.435600, -0.792000, 0.048873
-0.435600, -0.752400, 0.068866
-0.435600, -0.237600, 0.440261
-0.435600, -0.198000, 0.470515
-0.435600, -0.158400, 0.501143
-0.435600, -0.118800, 0.530447
-0.435600, -0.079200, 0.558184
-0.435600, -0.039600, 0.584740
-0.435600, 0, 0.609628
-0.435600, 0.039600, 0.633055
-0.435600, 0.079200, 0.657288
-0.435600, 0.118800, 0.679905
-0.435600, 0.158400, 0.700126
-0.435600, 0.198000, 0.721049
-0.435600, 0.237600, 0.740311
-0.435600, 0.277200, 0.760513
-0.435600, 0.316800, 0.779162
-0.435600, 0.356400, 0.797271
-0.435600, 0.396000, 0.814407
-0.435600, 0.435600, 0.831337
-0.435600, 0.475200, 0.848231
-0.435600, 0.514800, 0.863401
-0.435600, 0.554400, 0.879621
-0.435600, 0.594000, 0.895111
-0.435600, 0.633600, 0.909856
-0.435600, 0.673200, 0.923862
-0.435600, 0.712800, 0.938169
-0.435600, 0.752400, 0.951393
-0.435600, 0.792000, 0.965116
-0.435600, 0.831600, 0.978240
-0.435600, 0.871200, 0.991103
-0.396000, -0.910800, 0.003007
-0.396000, -0.871200, 0.019342
-0.396000, -0.831600, 0.036520
-0.396000, -0.792000, 0.055914
-0.396000, -0.752400, 0.075655
-0.396000, -0.712800, 0.097106
-0.396000, -0.673200, 0.119893
-0.396000, -0.633600, 0.143468
-0.396000, -0.594000, 0.167904
-0.396000, -0.554400, 0.194215
-0.396000, -0.514800, 0.221797
-0.396000, -0.475200, 0.250400
-0.396000, -0.435600, 0.279005
-0.396000, -0.396000, 0.309510
-0.396000, -0.356400, 0.339482
-0.396000, -0.316800, 0.369066
-0.396000, -0.277200, 0.400740
-0.396000, -0.237600, 0.430121
-0.396000, -0.198000, 0.459681
-0.396000, -0.158400, 0.489425
-0.396000, -0.118800, 0.516122
-0.396000, -0.079200, 0.543194
-0.396000, -0.039600, 0.569519
-0.396000, 0, 0.595002
-0.396000, 0.039600, 0.618699
-0.396000, 0.079200, 0.641926
-0.396000, 0.118800, 0.665051
-0.396000, 0.158400, 0.685693
-0.396000, 0.198000, 0.706932
-0.396000, 0.237600, 0.727456
-0.396000, 0.277200, 0.746701
-0.396000, 0.316800, 0.765538
-0.396000, 0.356400, 0.784804
-0.396000, 0.396000, 0.802656
-0.396000, 0.435600, 0.819538
-0.396000, 0.475200, 0.836647
-0.396000, 0.514800, 0.853312
-0.396000, 0.554400, 0.869331
-0.396000, 0.594000, 0.885276
-0.396000, 0.633600, 0.900847
-0.396000, 0.673200, 0.915778
-0.396000, 0.712800, 0.929684
-0.396000, 0.752400, 0.944095
-0.396000, 0.792000, 0.958432
-0.396000, 0.831600, 0.971550
-0.396000, 0.871200, 0.984953
-0.396000, 0.910800, 0.997697
-0.356400, -0.910800, 0.009474
-0.356400, -0.871200, 0.025645
-0.356400, -0.831600, 0.043183
-0.356400, -0.792000, 0.061575
-0.356400, -0.752400, 0.080924
-0.356400, -0.712800, 0.102232
-0.356400, -0.673200, 0.124609
-0.356400, -0.633600, 0.146939
-0.356400, -0.594000, 0.171546
-0.356400, -0.554400, 0.196164
-0.356400, -0.514800, 0.222372
-0.356400, -0.475200, 0.249010
-0.356400, -0.435600, 0.277937
-0.356400, -0.396000, 0.305817
-0.356400, -0.356400, 0.334206
-0.356400, -0.316800, 0.362485
-0.356400, -0.277200, 0.392446
-0.356400, -0.237600, 0.420734
-0.356400, -0.198000, 0.448427
-0.356400, -0.158400, 0.477004
-0.356400, -0.118800, 0.504181
-0.356400, -0.079200, 0.529541
-0.356400, -0.039600, 0.555719
-0.356400, 0, 0.580330
-0.356400, 0.039600, 0.604586
-0.356400, 0.079200, 0.628298
-0.356400, 0.118800, 0.650346
-0.356400, 0.158400, 0.671610
-0.356400, 0.198000, 0.693429
-0.356400, 0.237600, 0.713753
-0.356400, 0.277200, 0.733367
-0.356400, 0.316800, 0.753330
-0.356400, 0.356400, 0.771961
-0.356400, 0.396000, 0.790295
-0.356400, 0.435600, 0.808177
-0.356400, 0.475200, 0.826165
-0.356400, 0.514800, 0.843215
-0.356400, 0.554400, 0.859833
-0.356400, 0.594000, 0.875771
-0.356400, 0.633600, 0.891344
-0.356400, 0.673200, 0.907661
-0.356400, 0.712800, 0.922348
-0.356400, 0.752400, 0.936783
-0.356400, 0.792000, 0.951996
-0.356400, 0.831600, 0.965629
-0.356400, 0.871200, 0.979028
-0.356400, 0.910800, 0.992328
-0.316800, -0.910800, 0.014759
-0.316800, -0.871200, 0.030737
-0.316800, -0.831600, 0.048511
-0.316800, -0.792000, 0.066588
-0.316800, -0.752400, 0.085830
-0.316800, -0.712800, 0.105725
-0.316800, -0.673200, 0.127703
-0.316800, -0.633600, 0.149447
-0.316800, -0.594000, 0.172429
-0.316800, -0.554400, 0.197306
-0.316800, -0.514800, 0.222451
-0.316800, -0.475200, 0.248718
-0.316800, -0.435600, 0.275282
-0.316800, -0.396000, 0.301632
-0.316800, -0.356400, 0.329480
-0.316800, -0.316800, 0.357429
-0.316800, -0.277200, 0.383917
-0.316800, -0.237600, 0.411867
-0.316800, -0.198000, 0.438422
-0.316800, -0.158400, 0.465565
-0.316800, -0.118800, 0.492314
-0.316800, -0.079200, 0.517872
-0.316800, -0.039600, 0.541963
-0.316800, 0, 0.567166
-0.316800, 0.039600, 0.590926
-0.316800, 0.079200, 0.613764
-0.316800, 0.118800, 0.636393
-0.316800, 0.158400, 0.659178
-0.316800, 0.198000, 0.680573
-0.316800, 0.237600, 0.701239
-0.316800, 0.277200, 0.721521
-0.316800, 0.316800, 0.740292
-0.316800, 0.356400, 0.760449
-0.316800, 0.396000, 0.779006
-0.316800, 0.435600, 0.797269
-0.316800, 0.475200, 0.815653
-0.316800, 0.514800, 0.833477
-0.316800, 0.554400, 0.850005
-0.316800, 0.594000, 0.867209
-0.316800, 0.633600, 0.883821
-0.316800, 0.673200, 0.899747
-0.316800, 0.712800, 0.915202
-0.316800, 0.752400, 0.930445
-0.316800, 0.792000, 0.945887
-0.316800, 0.831600, 0.959786
-0.316800, 0.871200, 0.973878
-0.316800, 0.910800, 0.987462
-0.277200, -0.950400, 0.003873
-0.277200, -0.910800, 0.019118
-0.277200, -0.871200, 0.035583
-0.277200, -0.831600, 0.052373
-0.277200, -0.792000, 0.070636
-0.277200, -0.752400, 0.089095
-0.277200, -0.712800, 0.109148
-0.277200, -0.673200, 0.129612
-0.277200, -0.633600, 0.150913
-0.277200, -0.594000, 0.174093
-0.277200, -0.554400, 0.197320
-0.277200, -0.514800, 0.221563
-0.277200, -0.475200, 0.246168
-0.277200, -0.435600, 0.271152
-0.277200, -0.396000, 0.298115
-0.277200, -0.356400, 0.323163
-0.277200, -0.316800, 0.349777
-0.277200, -0.277200, 0.376431
-0.277200, -0.237600, 0.402812
-0.277200, -0.198000, 0.429164
-0.277200, -0.158400, 0.456002
-0.277200, -0.118800, 0.480263
-0.277200, -0.079200, 0.505358
-0.277200, -0.039600, 0.530116
-0.277200, 0, 0.554787
-0.277200, 0.039600, 0.578494
-0.277200, 0.079200, 0.601772
-0.277200, 0.118800, 0.623601
-0.277200, 0.158400, 0.645956
-0.277200, 0.198000, 0.667545
-0.277200, 0.237600, 0.688293
-0.277200, 0.277200, 0.709070
-0.277200, 0.316800, 0.729083
-0.277200, 0.356400, 0.749644
-0.277200, 0.396000, 0.768177
-0.277200, 0.435600, 0.786812
-0.277200, 0.475200, 0.805489
-0.277200, 0.514800, 0.823585
-0.277200, 0.554400, 0.841743
-0.277200, 0.594000, 0.859094
-0.277200, 0.633600, 0.875754
-0.277200, 0.673200, 0.892546
-0.277200, 0.712800, 0.908789
-0.277200, 0.752400, 0.924047
-0.277200, 0.792000, 0.939672
-0.277200, 0.831600, 0.954525
-0.277200, 0.871200, 0.968598
-0.277200, 0.910800, 0.982976
-0.277200, 0.950400, 0.996426
-0.237600, -0.950400, 0.007683
-0.237600, -0.910800, 0.022972
-0.237600, -0.871200, 0.038649
-0.237600, -0.831600, 0.055970
-0.237600, -0.792000, 0.073378
-0.237600, -0.752400, 0.091212
-0.237600, -0.712800, 0.111447
-0.237600, -0.673200, 0.131448
-0.237600, -0.633600, 0.152912
-0.237600, -0.594000, 0.173962
-0.237600, -0.554400, 0.196388
-0.237600, -0.514800, 0.219388
-0.237600, -0.475200, 0.243799
-0.237600, -0.435600, 0.267186
-0.237600, -0.396000, 0.293050
-0.237600, -0.356400, 0.317860
-0.237600, -0.316800, 0.343081
-0.237600, -0.277200, 0.368228
-0.237600, -0.237600, 0.393545
-0.237600, -0.198000, 0.418893
-0.237600, -0.158400, 0.444821
-0.237600, -0.118800, 0.469430
-0.237600, -0.079200, 0.494672
-0.237600, -0.039600, 0.517933
-0.237600, 0, 0.541536
-0.237600, 0.039600, 0.565969
-0.237600, 0.079200, 0.589026
-0.237600, 0.118800, 0.610867
-0.237600, 0.158400, 0.634121
-0.237600, 0.198000, 0.656037
-0.237600, 0.237600, 0.676538
-0.237600, 0.277200, 0.697782
-0.237600, 0.316800, 0.718220
-0.237600, 0.356400, 0.738317
-0.237600, 0.396000, 0.758359
-0.237600, 0.435600, 0.778022
-0.237600, 0.475200, 0.796172
-0.237600, 0.514800, 0.815268
-0.237600, 0.554400, 0.832889
-0.237600, 0.594000, 0.850769
-0.237600, 0.633600, 0.867756
-0.237600, 0.673200, 0.885512
-0.237600, 0.712800, 0.902020
-0.237600, 0.752400, 0.918606
-0.237600, 0.792000, 0.934114
-0.237600, 0.831600, 0.949503
-0.237600, 0.871200, 0.964344
-0.237600, 0.910800, 0.978652
-0.237600, 0.950400, 0.992730
-0.198000, -0.950400, 0.010957
-0.198000, -0.910800, 0.025871
-0.198000, -0.871200, 0.041572
-0.198000, -0.831600, 0.058401
-0.198000, -0.792000, 0.075277
-0.198000, -0.752400, 0.093029
-0.198000, -0.712800, 0.112054
-0.198000, -0.673200, 0.131993
-0.198000, -0.633600, 0.152022
-0.198000, -0.594000, 0.173255
-0.198000, -0.554400, 0.195172
-0.198000, -0.514800, 0.216959
-0.198000, -0.475200, 0.240570
-0.198000, -0.435600, 0.263756
-0.198000, -0.396000, 0.287115
-0.198000, -0.356400, 0.312345
-0.198000, -0.316800, 0.336531
-0.198000, -0.277200, 0.360884
-0.198000, -0.237600, 0.385676
-0.198000, -0.198000, 0.410791
-0.198000, -0.158400, 0.434539
-0.198000, -0.118800, 0.459551
-0.198000, -0.079200, 0.482278
-0.198000, -0.039600, 0.507955
-0.198000, 0, 0.530459
-0.198000, 0.039600, 0.554457
-0.198000, 0.079200, 0.576756
-0.198000, 0.118800, 0.599403
-0.198000, 0.158400, 0.622352
-0.198000, 0.198000, 0.644319
-0.198000, 0.237600, 0.665696
-0.198000, 0.277200, 0.686438
-0.198000, 0.316800, 0.707314
-0.198000, 0.356400, 0.727786
-0.198000, 0.396000, 0.747829
-0.198000, 0.435600, 0.767524
-0.198000, 0.475200, 0.787578
-0.198000, 0.514800, 0.806437
-0.198000, 0.554400, 0.825289
-0.198000, 0.594000, 0.843721
-0.198000, 0.633600, 0.861460
-0.198000, 0.673200, 0.878685
-0.198000, 0.712800, 0.896485
-0.198000, 0.752400, 0.912281
-0.198000, 0.792000, 0.929268
-0.198000, 0.831600, 0.944895
-0.198000, 0.871200, 0.960218
-0.198000, 0.910800, 0.974958
-0.198000, 0.950400, 0.989385
-0.158400, -0.950400, 0.013430
-0.158400, -0.910800, 0.027738
-0.158400, -0.871200, 0.043314
-0.158400, -0.831600, 0.059484
-0.158400, -0.792000, 0.076632
-0.158400, -0.752400, 0.094145
-0.158400, -0.712800, 0.112468
-0.158400, -0.673200, 0.131861
-0.158400, -0.633600, 0.151056
-0.158400, -0.594000, 0.170976
-0.158400, -0.554400, 0.192333
-0.158400, -0.514800, 0.215081
-0.158400, -0.475200, 0.235734
-0.158400, -0.435600, 0.259479
-0.158400, -0.396000, 0.282231
-0.158400, -0.356400, 0.305653
-0.158400, -0.316800, 0.330106
-0.158400, -0.277200, 0.352605
-0.158400, -0.237600, 0.376654
-0.158400, -0.198000, 0.401051
-0.158400, -0.158400, 0.424067
-0.158400, -0.118800, 0.448086
-0.158400, -0.079200, 0.471384
-0.158400, -0.039600, 0.496088
-0.158400, 0, 0.519272
-0.158400, 0.039600, 0.542651
-0.158400, 0.079200, 0.565118
-0.158400, 0.118800, 0.588128
-0.158400, 0.158400, 0.609672
-0.158400, 0.198000, 0.632153
-0.158400, 0.237600, 0.654845
-0.158400, 0.277200, 0.674682
-0.158400, 0.316800, 0.696605
-0.158400, 0.356400, 0.717307
-0.158400, 0.396000, 0.738558
-0.158400, 0.435600, 0.757763
-0.158400, 0.475200, 0.778014
-0.158400, 0.514800, 0.798233
-0.158400, 0.554400, 0.817538
-0.158400, 0.594000, 0.836317
-0.158400, 0.633600, 0.854892
-0.158400, 0.673200, 0.872493
-0.158400, 0.712800, 0.890301
-0.158400, 0.752400, 0.907497
-0.158400, 0.792000, 0.924392
-0.158400, 0.831600, 0.940672
-0.158400, 0.871200, 0.956098
-0.158400, 0.910800, 0.971756
-0.158400, 0.950400, 0.986785
-0.118800, -0.990000, 0.001029
-0.118800, -0.950400, 0.014835
-0.118800, -0.910800, 0.029514
-0.118800, -0.871200, 0.044914
-0.118800, -0.831600, 0.060063
-0.118800, -0.792000, 0.077193
-0.118800, -0.752400, 0.094288
-0.118800, -0.712800, 0.111985
-0.118800, -0.673200, 0.130554
-0.118800, -0.633600, 0.149584
-0.118800, -0.594000, 0.169883
-0.118800, -0.554400, 0.189921
-0.118800, -0.514800, 0.211236
-0.118800, -0.475200, 0.231924
-0.118800, -0.435600, 0.255039
-0.118800, -0.396000, 0.275855
-0.118800, -0.356400, 0.298890
-0.118800, -0.316800, 0.321985
-0.118800, -0.277200, 0.345294
-0.118800, -0.237600, 0.367478
-0.118800, -0.198000, 0.392306
-0.118800, -0.158400, 0.414950
-0.118800, -0.118800, 0.438448
-0.118800, -0.079200, 0.460728
-0.118800, -0.039600, 0.485462
-0.118800, 0, 0.507709
-0.118800, 0.039600, 0.529855
-0.118800, 0.079200, 0.552920
-0.118800, 0.118800, 0.576178
-0.118800, 0.158400, 0.597216
-0.118800, 0.198000, 0.621248
-0.118800, 0.237600, 0.642873
-0.118800, 0.277200, 0.664766
-0.118800, 0.316800, 0.686758
-0.118800, 0.356400, 0.707347
-0.118800, 0.396000, 0.728462
-0.118800, 0.435600, 0.749701
-0.118800, 0.475200, 0.770164
-0.118800, 0.514800, 0.789899
-0.118800, 0.554400, 0.809852
-0.118800, 0.594000, 0.829334
-0.118800, 0.633600, 0.848554
-0.118800, 0.673200, 0.866953
-0.118800, 0.712800, 0.885418
-0.118800, 0.752400, 0.902736
-0.118800, 0.792000, 0.920164
-0.118800, 0.831600, 0.936941
-0.118800, 0.871200, 0.953065
-0.118800, 0.910800, 0.968733
-0.118800, 0.950400, 0.984154
-0.118800, 0.990000, 0.998948
-0.079200, -0.990000, 0.002320
-0.079200, -0.950400, 0.016028
-0.079200, -0.910800, 0.030359
-0.079200, -0.871200, 0.045030
-0.079200, -0.831600, 0.060790
-0.079200, -0.792000, 0.076948
-0.079200, -0.752400, 0.094211
-0.079200, -0.712800, 0.110755
-0.079200, -0.673200, 0.128786
-0.079200, -0.633600, 0.147609
-0.079200, -0.594000, 0.167203
-0.079200, -0.554400, 0.187021
-0.079200, -0.514800, 0.206970
-0.079200, -0.475200, 0.228050
-0.079200, -0.435600, 0.250481
-0.079200, -0.396000, 0.269534
-0.079200, -0.356400, 0.292450
-0.079200, -0.316800, 0.314698
-0.079200, -0.277200, 0.337540
-0.079200, -0.237600, 0.360248
-0.079200, -0.198000, 0.382952
-0.079200, -0.158400, 0.405043
-0.079200, -0.118800, 0.427467
-0.079200, -0.079200, 0.450908
-0.079200, -0.039600, 0.473071
-0.079200, 0, 0.497028
-0.079200, 0.039600, 0.519289
-0.079200, 0.079200, 0.542980
-0.079200, 0.118800, 0.564644
-0.079200, 0.158400, 0.588388
-0.079200, 0.198000, 0.611636
-0.079200, 0.237600, 0.631873
-0.079200, 0.277200, 0.654705
-0.079200, 0.316800, 0.676431
-0.079200, 0.356400, 0.698279
-0.079200, 0.396000, 0.719708
-0.079200, 0.435600, 0.740788
-0.079200, 0.475200, 0.762363
-0.079200, 0.514800, 0.782982
-0.079200, 0.554400, 0.803420
-0.079200, 0.594000, 0.823440
-0.079200, 0.633600, 0.843023
-0.079200, 0.673200, 0.860912
-0.079200, 0.712800, 0.880965
-0.079200, 0.752400, 0.898607
-0.079200, 0.792000, 0.916547
-0.079200, 0.831600, 0.934147
-0.079200, 0.871200, 0.950079
-0.079200, 0.910800, 0.966732
-0.079200, 0.950400, 0.982325
-0.079200, 0.990000, 0.997371
-0.039600, -0.990000, 0.003057
-0.039600, -0.950400, 0.016406
-0.039600, -0.910800, 0.030425
-0.039600, -0.871200, 0.045341
-0.039600, -0.831600, 0.060303
-0.039600, -0.792000, 0.076283
-0.039600, -0.752400, 0.092182
-0.039600, -0.712800, 0.109393
-0.039600, -0.673200, 0.126820
-0.039600, -0.633600, 0.145415
-0.039600, -0.594000, 0.163039
-0.039600, -0.554400, 0.182540
-0.039600, -0.514800, 0.202314
-0.039600, -0.475200, 0.222198
-0.039600, -0.435600, 0.242525
-0.039600, -0.396000, 0.264424
-0.039600, -0.356400, 0.285806
-0.039600, -0.316800, 0.307062
-0.039600, -0.277200, 0.329014
-0.039600, -0.237600, 0.351133
-0.039600, -0.198000, 0.373376
-0.039600, -0.158400, 0.395424
-0.039600, -0.118800, 0.418438
-0.039600, -0.079200, 0.441003
-0.039600, -0.039600, 0.461797
-0.039600, 0, 0.486437
-0.039600, 0.039600, 0.507328
-0.039600, 0.079200, 0.531100
-0.039600, 0.118800, 0.553447
-0.039600, 0.158400, 0.576674
-0.039600, 0.198000, 0.598897
-0.039600, 0.237600, 0.622746
-0.039600, 0.277200, 0.644310
-0.039600, 0.316800, 0.666201
-0.039600, 0.356400, 0.689712
-0.039600, 0.396000, 0.710946
-0.039600, 0.435600, 0.732305
-0.039600, 0.475200, 0.753532
-0.039600, 0.514800, 0.775690
-0.039600, 0.554400, 0.795835
-0.039600, 0.594000, 0.816804
-0.039600, 0.633600, 0.837120
-0.039600, 0.673200, 0.857550
-0.039600, 0.712800, 0.877105
-0.039600, 0.752400, 0.894910
-0.039600, 0.792000, 0.914067
-0.039600, 0.831600, 0.931230
-0.039600, 0.871200, 0.948262
-0.039600, 0.910800, 0.964617
-0.039600, 0.950400, 0.981227
-0.039600, 0.990000, 0.996512
0, -0.990000, 0.003243
0, -0.950400, 0.016373
0, -0.910800, 0.029994
0, -0.871200, 0.044710
0, -0.831600, 0.059316
0, -0.792000, 0.074744
0, -0.752400, 0.090830
0, -0.712800, 0.107417
0, -0.673200, 0.124542
0, -0.633600, 0.141570
0, -0.594000, 0.158952
0, -0.554400, 0.178094
0, -0.514800, 0.196867
0, -0.475200, 0.216604
0, -0.435600, 0.236473
0, -0.396000, 0.257294
0, -0.356400, 0.278716
0, -0.316800, 0.298864
0, -0.277200, 0.319943
0, -0.237600, 0.341446
0, -0.198000, 0.362933
0, -0.158400, 0.385531
0, -0.118800, 0.407724
0, -0.079200, 0.429355
0, -0.039600, 0.452099
0, 0, 0.474417
0, 0.039600, 0.497110
0, 0.079200, 0.519495
0, 0.118800, 0.542216
0, 0.158400, 0.565818
0, 0.198000, 0.588522
0, 0.237600, 0.611988
0, 0.277200, 0.633781
0, 0.316800, 0.656735
0, 0.356400, 0.680139
0, 0.396000, 0.703161
0, 0.435600, 0.724001
0, 0.475200, 0.746556
0, 0.514800, 0.769542
0, 0.554400, 0.789866
0, 0.594000, 0.812293
0, 0.633600, 0.832546
0, 0.673200, 0.852366
0, 0.712800, 0.872906
0, 0.752400, 0.892430
0, 0.792000, 0.911286
0, 0.831600, 0.929114
0, 0.871200, 0.946890
0, 0.910800, 0.963938
0, 0.950400, 0.980251
0, 0.990000, 0.996145
0.039600, -0.990000, 0.002900
0.039600, -0.950400, 0.016017
0.039600, -0.910800, 0.029602
0.039600, -0.871200, 0.043476
0.039600, -0.831600, 0.057735
0.039600, -0.792000, 0.072526
0.039600, -0.752400, 0.088374
0.039600, -0.712800, 0.104243
0.039600, -0.673200, 0.120955
0.039600, -0.633600, 0.138537
0.039600, -0.594000, 0.155840
0.039600, -0.554400, 0.173553
0.039600, -0.514800, 0.191570
0.039600, -0.475200, 0.210946
0.039600, -0.435600, 0.229677
0.039600, -0.396000, 0.250465
0.039600, -0.356400, 0.270623
0.039600, -0.316800, 0.289920
0.039600, -0.277200, 0.311651
0.039600, -0.237600, 0.332367
0.039600, -0.198000, 0.353526
0.039600, -0.158400, 0.375501
0.039600, -0.118800, 0.397554
0.039600, -0.079200, 0.418491
0.039600, -0.039600, 0.441794
0.039600, 0, 0.463111
0.039600, 0.039600, 0.486447
0.039600, 0.079200, 0.509048
0.039600, 0.118800, 0.532051
0.039600, 0.158400, 0.554752
0.039600, 0.198000, 0.576975
0.039600, 0.237600, 0.600869
0.039600, 0.277200, 0.623624
0.039600, 0.316800, 0.647652
0.039600, 0.356400, 0.670273
0.039600, 0.396000, 0.693936
0.039600, 0.435600, 0.717024
0.039600, 0.475200, 0.739250
0.039600, 0.514800, 0.762007
0.039600, 0.554400, 0.785134
0.039600, 0.594000, 0.806925
0.039600, 0.633600, 0.827874
0.039600, 0.673200, 0.849718
0.039600, 0.712800, 0.869724
0.039600, 0.752400, 0.889278
0.039600, 0.792000, 0.909575
0.039600, 0.831600, 0.928037
0.039600, 0.871200, 0.945917
0.039600, 0.910800, 0.963494
0.039600, 0.950400, 0.980267
0.039600, 0.990000, 0.996374
0.079200, -0.990000, 0.002198
0.079200, -0.950400, 0.014995
0.079200, -0.910800, 0.028130
0.079200, -0.871200, 0.041564
0.079200, -0.831600, 0.055907
0.079200, -0.792000, 0.070615
0.079200, -0.752400, 0.085643
0.079200, -0.712800, 0.101406
0.079200, -0.673200, 0.117641
0.079200, -0.633600, 0.133457
0.079200, -0.594000, 0.150256
0.079200, -0.554400, 0.168500
0.079200, -0.514800, 0.185825
0.079200, -0.475200, 0.204803
0.079200, -0.435600, 0.223561
0.079200, -0.396000, 0.242678
0.079200, -0.356400, 0.261923
0.079200, -0.316800, 0.281635
0.079200, -0.277200, 0.302481
0.079200, -0.237600, 0.323166
0.079200, -0.198000, 0.344550
0.079200, -0.158400, 0.364883
0.079200, -0.118800, 0.386409
0.079200, -0.079200, 0.407841
0.079200, -0.039600, 0.430756
0.079200, 0, 0.453476
0.079200, 0.039600, 0.475613
0.079200, 0.079200, 0.498183
0.079200, 0.118800, 0.520578
0.079200, 0.158400, 0.544207
0.079200, 0.198000, 0.567441
0.079200, 0.237600, 0.590581
0.079200, 0.277200, 0.613987
0.079200, 0.316800, 0.637701
0.079200, 0.356400, 0.661396
0.079200, 0.396000, 0.684962
0.079200, 0.435600, 0.708996
0.079200, 0.475200, 0.732605
0.079200, 0.514800, 0.756290
0.079200, 0.554400, 0.779240
0.079200, 0.594000, 0.801422
0.079200, 0.633600, 0.824600
0.079200, 0.673200, 0.845950
0.079200, 0.712800, 0.867727
0.079200, 0.752400, 0.888210
0.079200, 0.792000, 0.908031
0.079200, 0.831600, 0.926806
0.079200, 0.871200, 0.945827
0.079200, 0.910800, 0.963220
0.079200, 0.950400, 0.980786
0.079200, 0.990000, 0.997163
0.118800, -0.990000, 0.000914
0.118800, -0.950400, 0.013180
0.118800, -0.910800, 0.026524
0.118800, -0.871200, 0.039459
0.118800, -0.831600, 0.053700
0.118800, -0.792000, 0.067612
0.118800, -0.752400, 0.082415
0.118800, -0.712800, 0.097855
0.118800, -0.673200, 0.113681
0.118800, -0.633600, 0.128646
0.118800, -0.594000, 0.146335
0.118800, -0.554400, 0.163376
0.118800, -0.514800, 0.181106
0.118800, -0.475200, 0.198314
0.118800, -0.435600, 0.216799
0.118800, -0.396000, 0.235051
0.118800, -0.356400, 0.253774
0.118800, -0.316800, 0.273666
0.118800, -0.277200, 0.293471
0.118800, -0.237600, 0.313533
0.118800, -0.198000, 0.332847
0.118800, -0.158400, 0.354968
0.118800, -0.118800, 0.375548
0.118800, -0.079200, 0.396894
0.118800, -0.039600, 0.418496
0.118800, 0, 0.441017
0.118800, 0.039600, 0.463935
0.118800, 0.079200, 0.484654
0.118800, 0.118800, 0.508576
0.118800, 0.158400, 0.533031
0.118800, 0.198000, 0.555018
0.118800, 0.237600, 0.580674
0.118800, 0.277200, 0.603929
0.118800, 0.316800, 0.629282
0.118800, 0.356400, 0.652548
0.118800, 0.396000, 0.677228
0.118800, 0.435600, 0.702071
0.118800, 0.475200, 0.726811
0.118800, 0.514800, 0.750204
0.118800, 0.554400, 0.773853
0.118800, 0.594000, 0.797352
0.118800, 0.633600, 0.820778
0.118800, 0.673200, 0.843070
0.118800, 0.712800, 0.864659
0.118800, 0.752400, 0.886629
0.118800, 0.792000, 0.906891
0.118800, 0.831600, 0.926810
0.118800, 0.871200, 0.946050
0.118800, 0.910800, 0.964431
0.118800, 0.950400, 0.981934
0.118800, 0.990000, 0.998786
0.158400, -0.950400, 0.011456
0.158400, -0.910800, 0.023839
0.158400, -0.871200, 0.037060
0.158400, -0.831600, 0.050439
0.158400, -0.792000, 0.064393
0.158400, -0.752400, 0.078589
0.158400, -0.712800, 0.093152
0.158400, -0.673200, 0.108706
0.158400, -0.633600, 0.124073
0.158400, -0.594000, 0.140282
0.158400, -0.554400, 0.156284
0.158400, -0.514800, 0.173899
0.158400, -0.475200, 0.191039
0.158400, -0.435600, 0.208640
0.158400, -0.396000, 0.227172
0.158400, -0.356400, 0.245851
0.158400, -0.316800, 0.264624
0.158400, -0.277200, 0.283949
0.158400, -0.237600, 0.303113
0.158400, -0.198000, 0.322990
0.158400, -0.158400, 0.343656
0.158400, -0.118800, 0.363688
0.158400, -0.079200, 0.386441
0.158400, -0.039600, 0.407143
0.158400, 0, 0.428623
0.158400, 0.039600, 0.451722
0.158400, 0.079200, 0.474182
0.158400, 0.118800, 0.497649
0.158400, 0.158400, 0.520596
0.158400, 0.198000, 0.544707
0.158400, 0.237600, 0.568547
0.158400, 0.277200, 0.593333
0.158400, 0.316800, 0.618839
0.158400, 0.356400, 0.644107
0.158400, 0.396000, 0.669077
0.158400, 0.435600, 0.693389
0.158400, 0.475200, 0.719625
0.158400, 0.514800, 0.744479
0.158400, 0.554400, 0.769508
0.158400, 0.594000, 0.793730
0.158400, 0.633600, 0.817504
0.158400, 0.673200, 0.840805
0.158400, 0.712800, 0.863932
0.158400, 0.752400, 0.886134
0.158400, 0.792000, 0.906745
0.158400, 0.831600, 0.927056
0.158400, 0.871200, 0.947017
0.158400, 0.910800, 0.965839
0.158400, 0.950400, 0.984102
0.198000, -0.950400, 0.008846
0.198000, -0.910800, 0.021096
0.198000, -0.871200, 0.033553
0.198000, -0.831600, 0.047078
0.198000, -0.792000, 0.060230
0.198000, -0.752400, 0.074549
0.198000, -0.712800, 0.088962
0.198000, -0.673200, 0.103366
0.198000, -0.633600, 0.118874
0.198000, -0.594000, 0.134154
0.198000, -0.554400, 0.150245
0.198000, -0.514800, 0.166681
0.198000, -0.475200, 0.183859
0.198000, -0.435600, 0.200151
0.198000, -0.396000, 0.218398
0.198000, -0.356400, 0.237088
0.198000, -0.316800, 0.254536
0.198000, -0.277200, 0.273332
0.198000, -0.237600, 0.293166
0.198000, -0.198000, 0.312099
0.198000, -0.158400, 0.331910
0.198000, -0.118800, 0.352900
0.198000, -0.079200, 0.373748
0.198000, -0.039600, 0.395111
0.198000, 0, 0.417199
0.198000, 0.039600, 0.439852
0.198000, 0.079200, 0.461918
0.198000, 0.118800, 0.485819
0.198000, 0.158400, 0.509710
0.198000, 0.198000, 0.533542
0.198000, 0.237600, 0.557386
0.198000, 0.277200, 0.583265
0.198000, 0.316800, 0.608277
0.198000, 0.356400, 0.634103
0.198000, 0.396000, 0.660106
0.198000, 0.435600, 0.686769
0.198000, 0.475200, 0.712924
0.198000, 0.514800, 0.739086
0.198000, 0.554400, 0.765252
0.198000, 0.594000, 0.790686
0.198000, 0.633600, 0.814423
0.198000, 0.673200, 0.839307
0.198000, 0.712800, 0.863361
0.198000, 0.752400, 0.886428
0.198000, 0.792000, 0.907903
0.198000, 0.831600, 0.929064
0.198000, 0.871200, 0.949174
0.198000, 0.910800, 0.968264
0.198000, 0.950400, 0.986705
0.237600, -0.950400, 0.006102
0.237600, -0.910800, 0.018093
0.237600, -0.871200, 0.030319
0.237600, -0.831600, 0.043247
0.237600, -0.792000, 0.056090
0.237600, -0.752400, 0.070080
0.237600, -0.712800, 0.084064
0.237600, -0.673200, 0.097872
0.237600, -0.633600, 0.112755
0.237600, -0.594000, 0.127603
0.237600, -0.554400, 0.143633
0.237600, -0.514800, 0.158875
0.237600, -0.475200, 0.175072
0.237600, -0.435600, 0.192134
0.237600, -0.396000, 0.208923
0.237600, -0.356400, 0.227504
0.237600, -0.316800, 0.244952
0.237600, -0.277200, 0.263475
0.237600, -0.237600, 0.281704
0.237600, -0.198000, 0.300415
0.237600, -0.158400, 0.321013
0.237600, -0.118800, 0.340728
0.237600, -0.079200, 0.360805
0.237600, -0.039600, 0.382191
0.237600, 0, 0.403602
0.237600, 0.039600, 0.426779
0.237600, 0.079200, 0.449039
0.237600, 0.118800, 0.472662
0.237600, 0.158400, 0.495619
0.237600, 0.198000, 0.521943
0.237600, 0.237600, 0.545933
0.237600, 0.277200, 0.571920
0.237600, 0.316800, 0.598288
0.237600, 0.356400, 0.624969
0.237600, 0.396000, 0.651916
0.237600, 0.435600, 0.678843
0.237600, 0.475200, 0.706767
0.237600, 0.514800, 0.733344
0.237600, 0.554400, 0.760692
0.237600, 0.594000, 0.787509
0.237600, 0.633600, 0.813575
0.237600, 0.673200, 0.838073
0.237600, 0.712800, 0.863821
0.237600, 0.752400, 0.887009
0.237600, 0.792000, 0.909647
0.237600, 0.831600, 0.931500
0.237600, 0.871200, 0.952474
0.237600, 0.910800, 0.971840
0.237600, 0.950400, 0.990465
0.277200, -0.950400, 0.002938
0.277200, -0.910800, 0.014429
0.277200, -0.871200, 0.026753
0.277200, -0.831600, 0.038907
0.277200, -0.792000, 0.051701
0.277200, -0.752400, 0.064545
0.277200, -0.712800, 0.078067
0.277200, -0.673200, 0.092114
0.277200, -0.633600, 0.106571
0.277200, -0.594000, 0.121516
0.277200, -0.554400, 0.136587
0.277200, -0.514800, 0.150736
0.277200, -0.475200, 0.167242
0.277200, -0.435600, 0.183310
0.277200, -0.396000, 0.199835
0.277200, -0.356400, 0.217360
0.277200, -0.316800, 0.234121
0.277200, -0.277200, 0.251927
0.277200, -0.237600, 0.270349
0.277200, -0.198000, 0.290099
0.277200, -0.158400, 0.308631
0.277200, -0.118800, 0.327346
0.277200, -0.079200, 0.349466
0.277200, -0.039600, 0.368817
0.277200, 0, 0.390716
0.277200, 0.039600, 0.412468
0.277200, 0.079200, 0.436856
0.277200, 0.118800, 0.459190
0.277200, 0.158400, 0.484015
0.277200, 0.198000, 0.508745
0.277200, 0.237600, 0.535183
0.277200, 0.277200, 0.561018
0.277200, 0.316800, 0.587630
0.277200, 0.356400, 0.615656
0.277200, 0.396000, 0.643323
0.277200, 0.435600, 0.673040
0.277200, 0.475200, 0.700246
0.277200, 0.514800, 0.729710
0.277200, 0.554400, 0.757225
0.277200, 0.594000, 0.785230
0.277200, 0.633600, 0.812611
0.277200, 0.673200, 0.838958
0.277200, 0.712800, 0.864514
0.277200, 0.752400, 0.889446
0.277200, 0.792000, 0.911993
0.277200, 0.831600, 0.934366
0.277200, 0.871200, 0.956146
0.277200, 0.910800, 0.976306
0.277200, 0.950400, 0.995197
0.316800, -0.910800, 0.010488
0.316800, -0.871200, 0.022337
0.316800, -0.831600, 0.034060
0.316800, -0.792000, 0.047049
0.316800, -0.752400, 0.059701
0.316800, -0.712800, 0.072413
0.316800, -0.673200, 0.085487
0.316800, -0.633600, 0.099475
0.316800, -0.594000, 0.113922
0.316800, -0.554400, 0.127808
0.316800, -0.514800, 0.143333
0.316800, -0.475200, 0.158555
0.316800, -0.435600, 0.174193
0.316800, -0.396000, 0.190134
0.316800, -0.356400, 0.206669
0.316800, -0.316800, 0.222451
0.316800, -0.277200, 0.241336
0.316800, -0.237600, 0.258321
0.316800, -0.198000, 0.276280
0.316800, -0.158400, 0.295729
0.316800, -0.118800, 0.315329
0.316800, -0.079200, 0.334889
0.316800, -0.039600, 0.355053
0.316800, 0, 0.376549
0.316800, 0.039600, 0.399076
0.316800, 0.079200, 0.421562
0.316800, 0.118800, 0.445123
0.316800, 0.158400, 0.469466
0.316800, 0.198000, 0.496429
0.316800, 0.237600, 0.521730
0.316800, 0.277200, 0.548480
0.316800, 0.316800, 0.576401
0.316800, 0.356400, 0.604704
0.316800, 0.396000, 0.634941
0.316800, 0.435600, 0.664822
0.316800, 0.475200, 0.693328
0.316800, 0.514800, 0.723897
0.316800, 0.554400, 0.753996
0.316800, 0.594000, 0.782459
0.316800, 0.633600, 0.812151
0.316800, 0.673200, 0.839840
0.316800, 0.712800, 0.866431
0.316800, 0.752400, 0.891971
0.316800, 0.792000, 0.916274
0.316800, 0.831600, 0.939251
0.316800, 0.871200, 0.961038
0.316800, 0.910800, 0.981365
0.356400, -0.910800, 0.006582
0.356400, -0.871200, 0.017830
0.356400, -0.831600, 0.029336
0.356400, -0.792000, 0.041399
0.356400, -0.752400, 0.053691
0.356400, -0.712800, 0.066586
0.356400, -0.673200, 0.079224
0.356400, -0.633600, 0.092449
0.356400, -0.594000, 0.106160
0.356400, -0.554400, 0.120456
0.356400, -0.514800, 0.134460
0.356400, -0.475200, 0.149399
0.356400, -0.435600, 0.164322
0.356400, -0.396000, 0.180121
0.356400, -0.356400, 0.196505
0.356400, -0.316800, 0.211697
0.356400, -0.277200, 0.228878
0.356400, -0.237600, 0.247411
0.356400, -0.198000, 0.264260
0.356400, -0.158400, 0.281882
0.356400, -0.118800, 0.300901
0.356400, -0.079200, 0.320199
0.356400, -0.039600, 0.340400
0.356400, 0, 0.361923
0.356400, 0.039600, 0.383492
0.356400, 0.079200, 0.406773
0.356400, 0.118800, 0.429883
0.356400, 0.158400, 0.455394
0.356400, 0.198000, 0.481697
0.356400, 0.237600, 0.507562
0.356400, 0.277200, 0.536151
0.356400, 0.316800, 0.564799
0.356400, 0.356400, 0.594585
0.356400, 0.396000, 0.625330
0.356400, 0.435600, 0.657214
0.356400, 0.475200, 0.688253
0.356400, 0.514800, 0.719775
0.356400, 0.554400, 0.752170
0.356400, 0.594000, 0.782967
0.356400, 0.633600, 0.812386
0.356400, 0.673200, 0.841737
0.356400, 0.712800, 0.870037
0.356400, 0.752400, 0.896392
0.356400, 0.792000, 0.921901
0.356400, 0.831600, 0.945192
0.356400, 0.871200, 0.967155
0.356400, 0.910800, 0.988144
0.396000, -0.910800, 0.001950
0.396000, -0.871200, 0.012909
0.396000, -0.831600, 0.023942
0.396000, -0.792000, 0.035640
0.396000, -0.752400, 0.047429
0.396000, -0.712800, 0.060013
0.396000, -0.673200, 0.072537
0.396000, -0.633600, 0.085321
0.396000, -0.594000, 0.098050
0.396000, -0.554400, 0.110981
0.396000, -0.514800, 0.125386
0.396000, -0.475200, 0.139581
0.396000, -0.435600, 0.153959
0.396000, -0.396000, 0.168883
0.396000, -0.356400, 0.184844
0.396000, -0.316800, 0.200200
0.396000, -0.277200, 0.216836
0.396000, -0.237600, 0.232479
0.396000, -0.198000, 0.251484
0.396000, -0.158400, 0.268831
0.396000, -0.118800, 0.286420
0.396000, -0.079200, 0.306866
0.396000, -0.039600, 0.325501
0.396000, 0, 0.346954
0.396000, 0.039600, 0.369429
0.396000, 0.079200, 0.391126
0.396000, 0.118800, 0.414913
0.396000, 0.158400, 0.438991
0.396000, 0.198000, 0.465817
0.396000, 0.237600, 0.493350
0.396000, 0.277200, 0.521471
0.396000, 0.316800, 0.552103
0.396000, 0.356400, 0.583145
0.396000, 0.396000, 0.615131
0.396000, 0.435600, 0.648835
0.396000, 0.475200, 0.681494
0.396000, 0.514800, 0.715163
0.396000, 0.554400, 0.749256
0.396000, 0.594000, 0.781938
0.396000, 0.633600, 0.814808
0.396000, 0.673200, 0.845139
0.396000, 0.712800, 0.874008
0.396000, 0.752400, 0.901785
0.396000, 0.792000, 0.927866
0.396000, 0.831600, 0.952471
0.396000, 0.871200, 0.974524
0.396000, 0.910800, 0.996159
0.435600, -0.871200, 0.007670
0.435600, -0.831600, 0.018175
0.435600, -0.792000, 0.029794
0.435600, -0.752400, 0.041276
0.435600, -0.712800, 0.052875
0.435600, -0.673200, 0.065216
0.435600, -0.633600, 0.077081
0.435600, -0.594000, 0.089814
0.435600, -0.554400, 0.102532
0.435600, -0.514800, 0.115567
0.435600, -0.475200, 0.129792
0.435600, -0.435600, 0.143830
0.435600, -0.396000, 0.158303
0.435600, -0.356400, 0.172177
0.435600, -0.316800, 0.188632
0.435600, -0.277200, 0.203595
0.435600, -0.237600, 0.219939
0.435600, -0.198000, 0.236300
0.435600, -0.158400, 0.253783
0.435600, -0.118800, 0.270975
0.435600, -0.079200, 0.290452
0.435600, -0.039600, 0.310240
0.435600, 0, 0.330642
0.435600, 0.039600, 0.351877
0.435600, 0.079200, 0.373422
0.435600, 0.118800, 0.396586
0.435600, 0.158400, 0.421972
0.435600, 0.198000, 0.449596
0.435600, 0.237600, 0.476945
0.435600, 0.277200, 0.505896
0.435600, 0.316800, 0.537820
0.435600, 0.356400, 0.570862
0.435600, 0.396000, 0.604888
0.435600, 0.435600, 0.640759
0.435600, 0.712800, 0.880846
0.435600, 0.752400, 0.908803
0.435600, 0.792000, 0.936136
0.435600, 0.831600, 0.961017
0.435600, 0.871200, 0.984137
0.475200, -0.871200, 0.002200
0.475200, -0.831600, 0.012630
0.475200, -0.792000, 0.023627
0.475200, -0.752400, 0.034299
0.475200, -0.712800, 0.045843
0.475200, -0.673200, 0.057351
0.475200, -0.633600, 0.069195
0.475200, -0.594000, 0.081546
0.475200, -0.554400, 0.094004
0.475200, -0.514800, 0.106518
0.475200, -0.475200, 0.119744
0.475200, -0.435600, 0.133140
0.475200, -0.396000, 0.146217
0.475200, -0.356400, 0.161446
0.475200, -0.316800, 0.175680
0.475200, -0.277200, 0.190723
0.475200, -0.237600, 0.206936
0.475200, -0.198000, 0.222490
0.475200, -0.158400, 0.238782
0.475200, -0.118800, 0.256027
0.475200, -0.079200, 0.275060
0.475200, -0.039600, 0.293751
0.475200, 0, 0.313573
0.475200, 0.039600, 0.334237
0.475200, 0.079200, 0.355599
0.475200, 0.118800, 0.378708
0.475200, 0.158400, 0.404213
0.475200, 0.198000, 0.430421
0.475200, 0.237600, 0.459398
0.475200, 0.277200, 0.489295
0.475200, 0.316800, 0.522280
0.475200, 0.831600, 0.971873
0.475200, 0.871200, 0.995124
0.514800, -0.831600, 0.006616
0.514800, -0.792000, 0.016927
0.514800, -0.752400, 0.027174
0.514800, -0.712800, 0.038313
0.514800, -0.673200, 0.049641
0.514800, -0.633600, 0.061225
0.514800, -0.594000, 0.072467
0.514800, -0.554400, 0.084702
0.514800, -0.514800, 0.097154
0.514800, -0.475200, 0.109184
0.514800, -0.435600, 0.122064
0.514800, -0.396000, 0.134950
0.514800, -0.356400, 0.148824
0.514800, -0.316800, 0.162195
0.514800, -0.277200, 0.176273
0.514800, -0.237600, 0.192106
0.514800, -0.198000, 0.207123
0.514800, -0.158400, 0.223384
0.514800, -0.118800, 0.239347
0.514800, -0.079200, 0.257216
0.514800, -0.039600, 0.275118
0.514800, 0, 0.293937
0.514800, 0.039600, 0.314841
0.514800, 0.079200, 0.336089
0.514800, 0.118800, 0.359166
0.514800, 0.158400, 0.383563
0.514800, 0.198000, 0.411186
0.514800, 0.237600, 0.439500
0.554400, -0.831600, 0.000146
0.554400, -0.792000, 0.009984
0.554400, -0.752400, 0.020020
0.554400, -0.712800, 0.030409
0.554400, -0.673200, 0.041279
0.554400, -0.633600, 0.051738
0.554400, -0.594000, 0.063439
0.554400, -0.554400, 0.074376
0.554400, -0.514800, 0.085977
0.554400, -0.475200, 0.097968
0.554400, -0.435600, 0.110288
0.554400, -0.396000, 0.123261
0.554400, -0.356400, 0.135557
0.554400, -0.316800, 0.148953
0.554400, -0.277200, 0.163379
0.554400, -0.237600, 0.176701
0.554400, -0.198000, 0.190784
0.554400, -0.158400, 0.206619
0.554400, -0.118800, 0.222498
0.554400, -0.079200, 0.239053
0.554400, -0.039600, 0.256663
0.554400, 0, 0.274997
0.554400, 0.039600, 0.293565
0.554400, 0.079200, 0.315652
0.554400, 0.118800, 0.337673
0.554400, 0.158400, 0.362539
0.554400, 0.198000, 0.387994
0.594000, -0.792000, 0.002900
0.594000, -0.752400, 0.012779
0.594000, -0.712800, 0.022549
0.594000, -0.673200, 0.032948
0.594000, -0.633600, 0.043036
0.594000, -0.594000, 0.053828
0.594000, -0.554400, 0.064444
0.594000, -0.514800, 0.074751
0.594000, -0.475200, 0.087029
0.594000, -0.435600, 0.098672
0.594000, -0.396000, 0.109771
0.594000, -0.356400, 0.122577
0.594000, -0.316800, 0.134942
0.594000, -0.277200, 0.148206
0.594000, -0.237600, 0.160882
0.594000, -0.198000, 0.175285
0.594000, -0.158400, 0.189478
0.594000, -0.118800, 0.204030
0.594000, -0.079200, 0.220364
0.594000, -0.039600, 0.236101
0.594000, 0, 0.254795
0.594000, 0.039600, 0.272441
0.594000, 0.079200, 0.292719
0.594000, 0.118800, 0.314474
0.594000, 0.158400, 0.338561
0.633600, -0.752400, 0.005040
0.633600, -0.712800, 0.014431
0.633600, -0.673200, 0.023933
0.633600, -0.633600, 0.034010
0.633600, -0.594000, 0.043610
0.633600, -0.554400, 0.054056
0.633600, -0.514800, 0.065229
0.633600, -0.475200, 0.075246
0.633600, -0.435600, 0.086894
0.633600, -0.396000, 0.098087
0.633600, -0.356400, 0.109281
0.633600, -0.316800, 0.120681
0.633600, -0.277200, 0.132576
0.633600, -0.237600, 0.145304
0.633600, -0.198000, 0.158713
0.633600, -0.158400, 0.171816
0.633600, -0.118800, 0.185244
0.633600, -0.079200, 0.200257
0.633600, -0.039600, 0.216321
0.633600, 0, 0.232869
0.633600, 0.039600, 0.248715
0.633600, 0.079200, 0.267806
0.633600, 0.118800, 0.288652
0.673200, -0.712800, 0.006067
0.673200, -0.673200, 0.015339
0.673200, -0.633600, 0.024665
0.673200, -0.594000, 0.034401
0.673200, -0.554400, 0.044098
0.673200, -0.514800, 0.053724
0.673200, -0.475200, 0.063544
0.673200, -0.435600, 0.074092
0.673200, -0.396000, 0.084231
0.673200, -0.356400, 0.094874
0.673200, -0.316800, 0.106296
0.673200, -0.277200, 0.118256
0.673200, -0.237600, 0.129785
0.673200, -0.198000, 0.141142
0.673200, -0.158400, 0.153770
0.673200, -0.118800, 0.166577
0.673200, -0.079200, 0.180286
0.673200, -0.039600, 0.194278
0.673200, 0, 0.208969
0.673200, 0.039600, 0.225450
0.673200, 0.079200, 0.242324
0.712800, -0.673200, 0.006256
0.712800, -0.633600, 0.014852
0.712800, -0.594000, 0.023808
0.712800, -0.554400, 0.033099
0.712800, -0.514800, 0.042281
0.712800, -0.475200, 0.051639
0.712800, -0.435600, 0.061069
0.712800, -0.396000, 0.071052
0.712800, -0.356400, 0.081320
0.712800, -0.316800, 0.090954
0.712800, -0.277200, 0.101716
0.712800, -0.237600, 0.111947
0.712800, -0.198000, 0.123129
0.712800, -0.158400, 0.134982
0.712800, -0.118800, 0.146385
0.712800, -0.079200, 0.159313
0.712800, -0.039600, 0.171722
0.712800, 0, 0.185494
0.712800, 0.039600, 0.199695
0.752400, -0.633600, 0.005251
0.752400, -0.594000, 0.013685
0.752400, -0.554400, 0.021970
0.752400, -0.514800, 0.030989
0.752400, -0.475200, 0.039536
0.752400, -0.435600, 0.048299
0.752400, -0.396000, 0.057627
0.752400, -0.356400, 0.066875
0.752400, -0.316800, 0.076108
0.752400, -0.277200, 0.085825
0.752400, -0.237600, 0.095905
0.752400, -0.198000, 0.105365
0.752400, -0.158400, 0.115080
0.752400, -0.118800, 0.126562
0.752400, -0.079200, 0.137214
0.752400, -0.039600, 0.148587
0.752400, 0, 0.160442
0.752400, 0.039600, 0.172434
0.792000, -0.594000, 0.003345
0.792000, -0.554400, 0.011219
0.792000, -0.514800, 0.019400
0.792000, -0.475200, 0.027500
0.792000, -0.435600, 0.035444
0.792000, -0.396000, 0.043736
0.792000, -0.356400, 0.052183
0.792000, -0.316800, 0.061046
0.792000, -0.277200, 0.069589
0.792000, -0.237600, 0.078175
0.792000, -0.198000, 0.087212
0.792000, -0.158400, 0.096214
0.792000, -0.118800, 0.105519
0.792000, -0.079200, 0.115633
0.792000, -0.039600, 0.124082
0.792000, 0, 0.134973
0.831600, -0.554400, 0.000173
0.831600, -0.514800, 0.007681
0.831600, -0.475200, 0.015161
0.831600, -0.435600, 0.022488
0.831600, -0.396000, 0.030212
0.831600, -0.356400, 0.037671
0.831600, -0.316800, 0.045654
0.831600, -0.277200, 0.053213
0.831600, -0.237600, 0.060957
0.831600, -0.198000, 0.068871
0.831600, -0.158400, 0.076799
0.831600, -0.118800, 0.084097
0.831600, -0.079200, 0.092517
0.831600, -0.039600, 0.100126
0.831600, 0, 0.108923
0.871200, -0.475200, 0.002692
0.871200, -0.435600, 0.009704
0.871200, -0.396000, 0.016368
0.871200, -0.356400, 0.023460
0.871200, -0.316800, 0.029952
0.871200, -0.277200, 0.036936
0.871200, -0.237600, 0.043625
0.871200, -0.198000, 0.050299
0.871200, -0.158400, 0.057244
0.871200, -0.118800, 0.063349
0.871200, -0.079200, 0.069714
0.871200, -0.039600, 0.076494
0.871200, 0, 0.082586
0.910800, -0.396000, 0.002562
0.910800, -0.356400, 0.008509
0.910800, -0.316800, 0.014693
0.910800, -0.277200, 0.020514
0.910800, -0.237600, 0.026282
0.910800, -0.198000, 0.031710
0.910800, -0.158400, 0.037031
0.910800, -0.118800, 0.042305
0.910800, -0.079200, 0.047326
0.910800, -0.039600, 0.052192
0.910800, 0, 0.056600
0.950400, -0.277200, 0.004301
0.950400, -0.237600, 0.009149
0.950400, -0.198000, 0.013540
0.950400, -0.158400, 0.017918
0.950400, -0.118800, 0.021991
0.950400, -0.079200, 0.025541
0.950400, -0.039600, 0.028411
0.950400, 0, 0.030925
0.990000, -0.118800, 0.001491
0.990000, -0.079200, 0.003676
0.990000, -0.039600, 0.005340
0.990000, 0, 0.006093
0.500000, 0.866025, 1.000000
0.496822, 0.867852, 1.000000
0.493638, 0.869667, 1.000000
0.490448, 0.871471, 1.000000
0.487250, 0.873262, 1.000000
0.484046, 0.875042, 1.000000
0.480836, 0.876811, 1.000000
0.477619, 0.878567, 1.000000
0.474396, 0.880312, 1.000000
0.471166, 0.882045, 1.000000
0.467930, 0.883766, 1.000000
0.464688, 0.885475, 1.000000
0.461439, 0.887172, 1.000000
0.458184, 0.888857, 1.000000
0.454923, 0.890531, 1.000000
0.451656, 0.892192, 1.000000
0.448383, 0.893841, 1.000000
0.445104, 0.895479, 1.000000
0.441819, 0.897104, 1.000000
0.438528, 0.898718, 1.000000
0.435231, 0.900319, 1.000000
0.431928, 0.901908, 1.000000
0.428620, 0.903485, 1.000000
0.425305, 0.905050, 1.000000
0.421985, 0.906603, 1.000000
0.418660, 0.908143, 1.000000
0.415328, 0.909672, 1.000000
0.411992, 0.911188, 1.000000
0.408649, 0.912692, 1.000000
0.405301, 0.914183, 1.000000
0.401948, 0.915663, 1.000000
0.398589, 0.917130, 1.000000
0.395225, 0.918584, 1.000000
0.391855, 0.920027, 1.000000
0.388481, 0.921457, 1.000000
0.385101, 0.922875, 1.000000
0.381716, 0.924280, 1.000000
0.378326, 0.925673, 1.000000
0.374930, 0.927053, 1.000000
0.371530, 0.928421, 1.000000
0.368125, 0.929776, 1.000000
0.364714, 0.931119, 1.000000
0.361299, 0.932450, 1.000000
0.357879, 0.933768, 1.000000
0.354454, 0.935073, 1.000000
0.351025, 0.936366, 1.000000
0.347590, 0.937646, 1.000000
0.344151, 0.938914, 1.000000
0.340708, 0.940169, 1.000000
0.337260, 0.941412, 1.000000
0.333807, 0.942641, 1.000000
0.330350, 0.943859, 1.000000
0.326888, 0.945063, 1.000000
0.323422, 0.946255, 1.000000
0.319952, 0.947434, 1.000000
0.316477, 0.948600, 1.000000
0.312998, 0.949754, 1.000000
0.309515, 0.950895, 1.000000
0.306028, 0.952023, 1.000000
0.302536, 0.953138, 1.000000
0.299041, 0.954240, 1.000000
0.295541, 0.955330, 1.000000
0.292038, 0.956407, 1.000000
0.288531, 0.957471, 1.000000
0.285019, 0.958522, 1.000000
0.281504, 0.959560, 1.000000
0.277985, 0.960585, 1.000000
0.274463, 0.961598, 1.000000
0.270936, 0.962597, 1.000000
0.267407, 0.963584, 1.000000
0.263873, 0.964557, 1.000000
0.260336, 0.965518, 1.000000
0.256795, 0.966466, 1.000000
0.253251, 0.967400, 1.000000
0.249704, 0.968322, 1.000000
0.246153, 0.969231, 1.000000
0.242599, 0.970127, 1.000000
0.239042, 0.971009, 1.000000
0.235481, 0.971879, 1.000000
0.231918, 0.972735, 1.000000
0.228351, 0.973579, 1.000000
0.224781, 0.974409, 1.000000
0.221208, 0.975227, 1.000000
0.217632, 0.976031, 1.000000
0.214053, 0.976822, 1.000000
0.210472, 0.977600, 1.000000
0.206887, 0.978365, 1.000000
0.203300, 0.979116, 1.000000
0.199710, 0.979855, 1.000000
0.196117, 0.980580, 1.000000
0.192522, 0.981293, 1.000000
0.188924, 0.981992, 1.000000
0.185324, 0.982678, 1.000000
0.181721, 0.983350, 1.000000
0.178115, 0.984010, 1.000000
0.174508, 0.984656, 1.000000
0.170897, 0.985289, 1.000000
0.167285, 0.985909, 1.000000
0.163670, 0.986515, 1.000000
0.160053, 0.987108, 1.000000
0.156434, 0.987688, 1.000000
0.152813, 0.988255, 1.000000
0.149190, 0.988809, 1.000000
0.145565, 0.989349, 1.000000
0.141938, 0.989876, 1.000000
0.138309, 0.990389, 1.000000
0.134678, 0.990889, 1.000000
0.131045, 0.991376, 1.000000
0.127411, 0.991850, 1.000000
0.123775, 0.992310, 1.000000
0.120137, 0.992757, 1.000000
0.116497, 0.993191, 1.000000
0.112856, 0.993611, 1.000000
0.109214, 0.994018, 1.000000
0.105570, 0.994412, 1.000000
0.101924, 0.994792, 1.000000
0.098278, 0.995159, 1.000000
0.094630, 0.995513, 1.000000
0.090980, 0.995853, 1.000000
0.087330, 0.996179, 1.000000
0.083678, 0.996493, 1.000000
0.080025, 0.996793, 1.000000
0.076371, 0.997079, 1.000000
0.072716, 0.997353, 1.000000
0.069060, 0.997613, 1.000000
0.065403, 0.997859, 1.000000
0.061745, 0.998092, 1.000000
0.058087, 0.998312, 1.000000
0.054427, 0.998518, 1.000000
0.050767, 0.998711, 1.000000
0.047106, 0.998890, 1.000000
0.043445, 0.999056, 1.000000
0.039783, 0.999208, 1.000000
0.036120, 0.999347, 1.000000
0.032457, 0.999473, 1.000000
0.028794, 0.999585, 1.000000
0.025130, 0.999684, 1.000000
0.021466, 0.999770, 1.000000
0.017801, 0.999842, 1.000000
0.014137, 0.999900, 1.000000
0.010472, 0.999945, 1.000000
0.006807, 0.999977, 1.000000
0.003142, 0.999995, 1.000000
-0.000524, 1.000000, 1.000000
-0.004189, 0.999991, 1.000000
-0.007854, 0.999969, 1.000000
-0.011519, 0.999934, 1.000000
-0.015184, 0.999885, 1.000000
-0.018848, 0.999822, 1.000000
-0.022513, 0.999747, 1.000000
-0.026177, 0.999657, 1.000000
-0.029841, 0.999555, 1.000000
-0.033504, 0.999439, 1.000000
-0.037167, 0.999309, 1.000000
-0.040829, 0.999166, 1.000000
-0.044491, 0.999010, 1.000000
-0.048152, 0.998840, 1.000000
-0.051813, 0.998657, 1.000000
-0.055473, 0.998460, 1.000000
-0.059132, 0.998250, 1.000000
-0.062791, 0.998027, 1.000000
-0.066448, 0.997790, 1.000000
-0.070105, 0.997540, 1.000000
-0.073760, 0.997276, 1.000000
-0.077415, 0.996999, 1.000000
-0.081069, 0.996709, 1.000000
-0.084721, 0.996405, 1.000000
-0.088373, 0.996087, 1.000000
-0.092023, 0.995757, 1.000000
-0.095672, 0.995413, 1.000000
-0.099320, 0.995056, 1.000000
-0.102966, 0.994685, 1.000000
-0.106611, 0.994301, 1.000000
-0.110255, 0.993903, 1.000000
-0.113897, 0.993493, 1.000000
-0.117537, 0.993068, 1.000000
-0.121176, 0.992631, 1.000000
-0.124814, 0.992180, 1.000000
-0.128449, 0.991716, 1.000000
-0.132083, 0.991239, 1.000000
-0.135716, 0.990748, 1.000000
-0.139346, 0.990244, 1.000000
-0.142974, 0.989726, 1.000000
-0.146601, 0.989196, 1.000000
-0.150226, 0.988652, 1.000000
-0.153848, 0.988094, 1.000000
-0.157469, 0.987524, 1.000000
-0.161087, 0.986940, 1.000000
-0.164703, 0.986343, 1.000000
-0.168317, 0.985733, 1.000000
-0.171929, 0.985109, 1.000000
-0.175539, 0.984473, 1.000000
-0.179146, 0.983823, 1.000000
-0.182750, 0.983159, 1.000000
-0.186353, 0.982483, 1.000000
-0.189952, 0.981793, 1.000000
-0.193549, 0.981091, 1.000000
-0.197144, 0.980375, 1.000000
-0.200736, 0.979645, 1.000000
-0.204325, 0.978903, 1.000000
-0.207912, 0.978148, 1.000000
-0.211495, 0.977379, 1.000000
-0.215076, 0.976597, 1.000000
-0.218654, 0.975802, 1.000000
-0.222229, 0.974994, 1.000000
-0.225801, 0.974173, 1.000000
-0.229370, 0.973339, 1.000000
-0.232936, 0.972492, 1.000000
-0.236499, 0.971632, 1.000000
-0.240059, 0.970758, 1.000000
-0.243615, 0.969872, 1.000000
-0.247168, 0.968973, 1.000000
-0.250718, 0.968060, 1.000000
-0.254264, 0.967135, 1.000000
-0.257807, 0.966196, 1.000000
-0.261347, 0.965245, 1.000000
-0.264883, 0.964281, 1.000000
-0.268415, 0.963303, 1.000000
-0.271944, 0.962313, 1.000000
-0.275470, 0.961310, 1.000000
-0.278991, 0.960294, 1.000000
-0.282509, 0.959265, 1.000000
-0.286023, 0.958223, 1.000000
-0.289533, 0.957168, 1.000000
-0.293039, 0.956100, 1.000000
-0.296542, 0.955020, 1.000000
-0.300040, 0.953927, 1.000000
-0.303534, 0.952821, 1.000000
-0.307024, 0.951702, 1.000000
-0.310511, 0.950570, 1.000000
-0.313992, 0.949425, 1.000000
-0.317470, 0.948268, 1.000000
-0.320944, 0.947098, 1.000000
-0.324413, 0.945916, 1.000000
-0.327878, 0.944720, 1.000000
-0.331338, 0.943512, 1.000000
-0.334794, 0.942291, 1.000000
-0.338245, 0.941058, 1.000000
-0.341692, 0.939812, 1.000000
-0.345134, 0.938553, 1.000000
-0.348572, 0.937282, 1.000000
-0.352005, 0.935998, 1.000000
-0.355433, 0.934702, 1.000000
-0.358857, 0.933393, 1.000000
-0.362275, 0.932071, 1.000000
-0.365689, 0.930737, 1.000000
-0.369098, 0.929390, 1.000000
-0.372502, 0.928031, 1.000000
-0.375901, 0.926660, 1.000000
-0.379295, 0.925276, 1.000000
-0.382683, 0.923880, 1.000000
-0.386067, 0.922471, 1.000000
-0.389445, 0.921050, 1.000000
-0.392819, 0.919616, 1.000000
-0.396187, 0.918170, 1.000000
-0.399549, 0.916712, 1.000000
-0.402906, 0.915241, 1.000000
-0.406258, 0.913758, 1.000000
-0.409605, 0.912263, 1.000000
-0.412945, 0.910756, 1.000000
-0.416281, 0.909236, 1.000000
-0.419611, 0.907704, 1.000000
-0.422935, 0.906160, 1.000000
-0.426253, 0.904604, 1.000000
-0.429566, 0.903036, 1.000000
-0.432873, 0.901455, 1.000000
-0.436174, 0.899863, 1.000000
-0.439469, 0.898258, 1.000000
-0.442758, 0.896641, 1.000000
-0.446042, 0.895012, 1.000000
-0.449319, 0.893371, 1.000000
-0.452590, 0.891719, 1.000000
-0.455856, 0.890054, 1.000000
-0.459115, 0.888377, 1.000000
-0.462368, 0.886688, 1.000000
-0.465615, 0.884988, 1.000000
-0.468855, 0.883275, 1.000000
-0.472089, 0.881551, 1.000000
-0.475317, 0.879815, 1.000000
-0.478539, 0.878067, 1.000000
-0.481754, 0.876307, 1.000000
-0.484962, 0.874535, 1.000000
-0.488164, 0.872752, 1.000000
-0.491360, 0.870957, 1.000000
-0.494549, 0.869150, 1.000000
-0.497731, 0.867331, 1.000000
-0.500907, 0.865501, 1.000000
-0.504075, 0.863660, 1.000000
-0.507238, 0.861806, 1.000000
-0.510393, 0.859941, 1.000000
-0.513541, 0.858065, 1.000000
-0.516683, 0.856177, 1.000000
-0.519817, 0.854277, 1.000000
-0.522945, 0.852366, 1.000000
-0.526066, 0.850444, 1.000000
-0.529179, 0.848510, 1.000000
-0.532285, 0.846565, 1.000000
-0.535385, 0.844608, 1.000000
-0.538477, 0.842640, 1.000000
-0.541561, 0.840661, 1.000000
-0.544639, 0.838671, 1.000000
-0.547709, 0.836669, 1.000000
-0.550772, 0.834656, 1.000000
-0.553828, 0.832631, 1.000000
-0.556876, 0.830596, 1.000000
-0.559916, 0.828549, 1.000000
-0.562949, 0.826492, 1.000000
-0.565975, 0.824423, 1.000000
-0.568993, 0.822343, 1.000000
-0.572003, 0.820252, 1.000000
-0.575005, 0.818150, 1.000000
-0.578000, 0.816037, 1.000000
-0.580987, 0.813913, 1.000000
-0.583966, 0.811778, 1.000000
-0.586938, 0.809632, 1.000000
-0.589901, 0.807475, 1.000000
-0.592857, 0.805308, 1.000000
-0.595804, 0.803130, 1.000000
-0.598744, 0.800940, 1.000000
-0.601676, 0.798741, 1.000000
-0.604599, 0.796530, 1.000000
-0.607514, 0.794309, 1.000000
-0.610422, 0.792077, 1.000000
-0.613321, 0.789834, 1.000000
-0.616211, 0.787581, 1.000000
-0.619094, 0.785317, 1.000000
-0.621968, 0.783043, 1.000000
-0.624834, 0.780758, 1.000000
-0.627691, 0.778462, 1.000000
-0.630540, 0.776156, 1.000000
-0.633381, 0.773840, 1.000000
-0.636213, 0.771514, 1.000000
-0.639036, 0.769177, 1.000000
-0.641851, 0.766829, 1.000000
-0.644657, 0.764472, 1.000000
-0.647455, 0.762104, 1.000000
-0.650244, 0.759725, 1.000000
-0.653024, 0.757337, 1.000000
-0.655796, 0.754939, 1.000000
-0.658558, 0.752530, 1.000000
-0.661312, 0.750111, 1.000000
-0.664057, 0.747682, 1.000000
-0.666793, 0.745243, 1.000000
-0.669520, 0.742794, 1.000000
-0.672238, 0.740335, 1.000000
-0.674947, 0.737867, 1.000000
-0.677646, 0.735388, 1.000000
-0.680337, 0.732899, 1.000000
-0.683019, 0.730401, 1.000000
-0.685691, 0.727892, 1.000000
-0.688355, 0.725374, 1.000000
-0.691009, 0.722847, 1.000000
-0.693653, 0.720309, 1.000000
-0.696289, 0.717762, 1.000000
-0.698915, 0.715205, 1.000000
-0.701531, 0.712639, 1.000000
-0.704139, 0.710062, 1.000000
-0.706736, 0.707477, 1.000000
-0.709325, 0.704882, 1.000000
-0.711903, 0.702277, 1.000000
-0.714473, 0.699663, 1.000000
-0.717032, 0.697040, 1.000000
-0.719582, 0.694407, 1.000000
-0.722123, 0.691765, 1.000000
-0.724653, 0.689114, 1.000000
-0.727174, 0.686453, 1.000000
-0.729685, 0.683783, 1.000000
-0.732186, 0.681104, 1.000000
-0.734678, 0.678416, 1.000000
-0.737159, 0.675719, 1.000000
-0.739631, 0.673013, 1.000000
-0.742093, 0.670297, 1.000000
-0.744545, 0.667573, 1.000000
-0.746986, 0.664839, 1.000000
-0.749418, 0.662097, 1.000000
-0.751840, 0.659346, 1.000000
-0.754251, 0.656586, 1.000000
-0.756653, 0.653817, 1.000000
-0.759044, 0.651039, 1.000000
-0.761425, 0.648253, 1.000000
-0.763796, 0.645458, 1.000000
-0.766157, 0.642654, 1.000000
-0.768507, 0.639841, 1.000000
-0.770847, 0.637020, 1.000000
-0.773177, 0.634191, 1.000000
-0.775496, 0.631353, 1.000000
-0.777805, 0.628506, 1.000000
-0.780103, 0.625651, 1.000000
-0.782391, 0.622788, 1.000000
-0.784668, 0.619916, 1.000000
-0.786935, 0.617036, 1.000000
-0.789191, 0.614147, 1.000000
-0.791437, 0.611251, 1.000000
-0.793672, 0.608346, 1.000000
-0.795896, 0.605433, 1.000000
-0.798110, 0.602512, 1.000000
-0.800313, 0.599582, 1.000000
-0.802505, 0.596645, 1.000000
-0.804687, 0.593700, 1.000000
-0.806857, 0.590746, 1.000000
-0.809017, 0.587785, 1.000000
-0.811166, 0.584816, 1.000000
-0.813304, 0.581839, 1.000000
-0.815431, 0.578854, 1.000000
-0.817547, 0.575862, 1.000000
-0.819652, 0.572861, 1.000000
-0.821746, 0.569853, 1.000000
-0.823830, 0.566838, 1.000000
-0.825902, 0.563814, 1.000000
-0.827962, 0.560784, 1.000000
-0.830012, 0.557745, 1.000000
-0.832051, 0.554699, 1.000000
-0.834078, 0.551646, 1.000000
-0.836095, 0.548585, 1.000000
-0.838100, 0.545517, 1.000000
-0.840094, 0.542442, 1.000000
-0.842076, 0.539359, 1.000000
-0.844047, 0.536269, 1.000000
-0.846007, 0.533172, 1.000000
-0.847956, 0.530067, 1.000000
-0.849893, 0.526956, 1.000000
-0.851818, 0.523837, 1.000000
-0.853733, 0.520712, 1.000000
-0.855635, 0.517579, 1.000000
-0.857527, 0.514440, 1.000000
-0.859406, 0.511293, 1.000000
-0.861275, 0.508140, 1.000000
-0.863131, 0.504980, 1.000000
-0.864976, 0.501813, 1.000000
-0.866810, 0.498639, 1.000000
-0.868632, 0.495459, 1.000000
-0.870442, 0.492272, 1.000000
-0.872240, 0.489078, 1.000000
-0.874027, 0.485878, 1.000000
-0.875802, 0.482671, 1.000000
-0.877565, 0.479458, 1.000000
-0.879316, 0.476238, 1.000000
-0.881056, 0.473012, 1.000000
-0.882784, 0.469780, 1.000000
-0.884500, 0.466541, 1.000000
-0.886204, 0.463296, 1.000000
-0.887896, 0.460045, 1.000000
-0.889576, 0.456787, 1.000000
-0.891244, 0.453524, 1.000000
-0.892900, 0.450254, 1.000000
-0.894545, 0.446979, 1.000000
-0.896177, 0.443697, 1.000000
-0.897797, 0.440409, 1.000000
-0.899405, 0.437116, 1.000000
-0.901001, 0.433816, 1.000000
-0.902585, 0.430511, 1.000000
-0.904157, 0.427200, 1.000000
-0.905717, 0.423883, 1.000000
-0.907264, 0.420561, 1.000000
-0.908800, 0.417233, 1.000000
-0.910323, 0.413899, 1.000000
-0.911834, 0.410560, 1.000000
-0.913332, 0.407215, 1.000000
-0.914819, 0.403865, 1.000000
-0.916293, 0.400509, 1.000000
-0.917755, 0.397148, 1.000000
-0.919204, 0.393781, 1.000000
-0.920641, 0.390410, 1.000000
-0.922066, 0.387033, 1.000000
-0.923478, 0.383651, 1.000000
-0.924878, 0.380263, 1.000000
-0.926266, 0.376871, 1.000000
-0.927641, 0.373474, 1.000000
-0.929003, 0.370071, 1.000000
-0.930354, 0.366664, 1.000000
-0.931691, 0.363251, 1.000000
-0.933016, 0.359834, 1.000000
-0.934329, 0.356412, 1.000000
-0.935629, 0.352985, 1.000000
-0.936916, 0.349553, 1.000000
-0.938191, 0.346117, 1.000000
-0.939454, 0.342676, 1.000000
-0.940703, 0.339231, 1.000000
-0.941940, 0.335780, 1.000000
-0.943165, 0.332326, 1.000000
-0.944376, 0.328867, 1.000000
-0.945575, 0.325403, 1.000000
-0.946762, 0.321935, 1.000000
-0.947935, 0.318463, 1.000000
-0.949096, 0.314987, 1.000000
-0.950244, 0.311506, 1.000000
-0.951380, 0.308021, 1.000000
-0.952502, 0.304532, 1.000000
-0.953612, 0.301039, 1.000000
-0.954709, 0.297542, 1.000000
-0.955793, 0.294040, 1.000000
-0.956864, 0.290535, 1.000000
-0.957923, 0.287026, 1.000000
-0.958968, 0.283513, 1.000000
-0.960001, 0.279997, 1.000000
-0.961021, 0.276476, 1.000000
-0.962028, 0.272952, 1.000000
-0.963022, 0.269424, 1.000000
-0.964003, 0.265893, 1.000000
-0.964971, 0.262358, 1.000000
-0.965926, 0.258819, 1.000000
-0.500000, -0.866025, 0
-0.496368, -0.868112, 0
-0.492727, -0.870184, 0
-0.489078, -0.872240, 0
-0.485420, -0.874281, 0
-0.481754, -0.876307, 0
-0.478079, -0.878317, 0
-0.474396, -0.880312, 0
-0.470704, -0.882291, 0
-0.467004, -0.884255, 0
-0.463296, -0.886204, 0
-0.459580, -0.888136, 0
-0.455856, -0.890054, 0
-0.452123, -0.891955, 0
-0.448383, -0.893841, 0
-0.444635, -0.895712, 0
-0.440879, -0.897566, 0
-0.437116, -0.899405, 0
-0.433345, -0.901228, 0
-0.429566, -0.903036, 0
-0.425779, -0.904827, 0
-0.421985, -0.906603, 0
-0.418184, -0.908362, 0
-0.414376, -0.910106, 0
-0.410560, -0.911834, 0
-0.406737, -0.913545, 0
-0.402906, -0.915241, 0
-0.399069, -0.916921, 0
-0.395225, -0.918584, 0
-0.391374, -0.920232, 0
-0.387516, -0.921863, 0
-0.383651, -0.923478, 0
-0.379779, -0.925077, 0
-0.375901, -0.926660, 0
-0.372016, -0.928226, 0
-0.368125, -0.929776, 0
-0.364227, -0.931310, 0
-0.360322, -0.932828, 0
-0.356412, -0.934329, 0
-0.352495, -0.935814, 0
-0.348572, -0.937282, 0
-0.344643, -0.938734, 0
-0.340708, -0.940169, 0
-0.336767, -0.941588, 0
-0.332820, -0.942991, 0
-0.328867, -0.944376, 0
-0.324908, -0.945746, 0
-0.320944, -0.947098, 0
-0.316974, -0.948434, 0
-0.312998, -0.949754, 0
-0.309017, -0.951057, 0
-0.305031, -0.952343, 0
-0.301039, -0.953612, 0
-0.297042, -0.954865, 0
-0.293039, -0.956100, 0
-0.289032, -0.957319, 0
-0.285019, -0.958522, 0
-0.281002, -0.959707, 0
-0.276979, -0.960876, 0
-0.272952, -0.962028, 0
-0.268920, -0.963163, 0
-0.264883, -0.964281, 0
-0.260842, -0.965382, 0
-0.256795, -0.966466, 0
-0.252745, -0.967533, 0
-0.248690, -0.968583, 0
-0.244631, -0.969616, 0
-0.240567, -0.970633, 0
-0.236499, -0.971632, 0
-0.232427, -0.972614, 0
-0.228351, -0.973579, 0
-0.224271, -0.974527, 0
-0.220187, -0.975458, 0
-0.216099, -0.976371, 0
-0.212007, -0.977268, 0
-0.207912, -0.978148, 0
-0.203813, -0.979010, 0
-0.199710, -0.979855, 0
-0.195604, -0.980683, 0
-0.191494, -0.981494, 0
-0.187381, -0.982287, 0
-0.183265, -0.983064, 0
-0.179146, -0.983823, 0
-0.175023, -0.984564, 0
-0.170897, -0.985289, 0
-0.166769, -0.985996, 0
-0.162637, -0.986686, 0
-0.158503, -0.987359, 0
-0.154366, -0.988014, 0
-0.150226, -0.988652, 0
-0.146083, -0.989272, 0
-0.141938, -0.989876, 0
-0.137790, -0.990461, 0
-0.133640, -0.991030, 0
-0.129488, -0.991581, 0
-0.125333, -0.992115, 0
-0.121176, -0.992631, 0
-0.117017, -0.993130, 0
-0.112856, -0.993611, 0
-0.108693, -0.994075, 0
-0.104528, -0.994522, 0
-0.100362, -0.994951, 0
-0.096193, -0.995363, 0
-0.092023, -0.995757, 0
-0.087851, -0.996134, 0
-0.083678, -0.996493, 0
-0.079503, -0.996835, 0
-0.075327, -0.997159, 0
-0.071149, -0.997466, 0
-0.066970, -0.997755, 0
-0.062791, -0.998027, 0
-0.058609, -0.998281, 0
-0.054427, -0.998518, 0
-0.050244, -0.998737, 0
-0.046060, -0.998939, 0
-0.041876, -0.999123, 0
-0.037690, -0.999289, 0
-0.033504, -0.999439, 0
-0.029317, -0.999570, 0
-0.025130, -0.999684, 0
-0.020942, -0.999781, 0
-0.016754, -0.999860, 0
-0.012566, -0.999921, 0
-0.008377, -0.999965, 0
-0.004189, -0.999991, 0
0, -1.000000, 0
0.004189, -0.999991, 0
0.008377, -0.999965, 0
0.012566, -0.999921, 0
0.016754, -0.999860, 0
0.020942, -0.999781, 0
0.025130, -0.999684, 0
0.029317, -0.999570, 0
0.033504, -0.999439, 0
0.037690, -0.999289, 0
0.041876, -0.999123, 0
0.046060, -0.998939, 0
0.050244, -0.998737, 0
0.054427, -0.998518, 0
0.058609, -0.998281, 0
0.062791, -0.998027, 0
0.066970, -0.997755, 0
0.071149, -0.997466, 0
0.075327, -0.997159, 0
0.079503, -0.996835, 0
0.083678, -0.996493, 0
0.087851, -0.996134, 0
0.092023, -0.995757, 0
0.096193, -0.995363, 0
0.100362, -0.994951, 0
0.104528, -0.994522, 0
0.108693, -0.994075, 0
0.112856, -0.993611, 0
0.117017, -0.993130, 0
0.121176, -0.992631, 0
0.125333, -0.992115, 0
0.129488, -0.991581, 0
0.133640, -0.991030, 0
0.137790, -0.990461, 0
0.141938, -0.989876, 0
0.146083, -0.989272, 0
0.150226, -0.988652, 0
0.154366, -0.988014, 0
0.158503, -0.987359, 0
0.162637, -0.986686, 0
0.166769, -0.985996, 0
0.170897, -0.985289, 0
0.175023, -0.984564, 0
0.179146, -0.983823, 0
0.183265, -0.983064, 0
0.187381, -0.982287, 0
0.191494, -0.981494, 0
0.195604, -0.980683, 0
0.199710, -0.979855, 0
0.203813, -0.979010, 0
0.207912, -0.978148, 0
0.212007, -0.977268, 0
0.216099, -0.976371, 0
0.220187, -0.975458, 0
0.224271, -0.974527, 0
0.228351, -0.973579, 0
0.232427, -0.972614, 0
0.236499, -0.971632, 0
0.240567, -0.970633, 0
0.244631, -0.969616, 0
0.248690, -0.968583, 0
0.252745, -0.967533, 0
0.256795, -0.966466, 0
0.260842, -0.965382, 0
0.264883, -0.964281, 0
0.268920, -0.963163, 0
0.272952, -0.962028, 0
0.276979, -0.960876, 0
0.281002, -0.959707, 0
0.285019, -0.958522, 0
0.289032, -0.957319, 0
0.293039, -0.956100, 0
0.297042, -0.954865, 0
0.301039, -0.953612, 0
0.305031, -0.952343, 0
0.309017, -0.951057, 0
0.312998, -0.949754, 0
0.316974, -0.948434, 0
0.320944, -0.947098, 0
0.324908, -0.945746, 0
0.328867, -0.944376, 0
0.332820, -0.942991, 0
0.336767, -0.941588, 0
0.340708, -0.940169, 0
0.344643, -0.938734, 0
0.348572, -0.937282, 0
0.352495, -0.935814, 0
0.356412, -0.934329, 0
0.360322, -0.932828, 0
0.364227, -0.931310, 0
0.368125, -0.929776, 0
0.372016, -0.928226, 0
0.375901, -0.926660, 0
0.379779, -0.925077, 0
0.383651, -0.923478, 0
0.387516, -0.921863, 0
0.391374, -0.920232, 0
0.395225, -0.918584, 0
0.399069, -0.916921, 0
0.402906, -0.915241, 0
0.406737, -0.913545, 0
0.410560, -0.911834, 0
0.414376, -0.910106, 0
0.418184, -0.908362, 0
0.421985, -0.906603, 0
0.425779, -0.904827, 0
0.429566, -0.903036, 0
0.433345, -0.901228, 0
0.437116, -0.899405, 0
0.440879, -0.897566, 0
0.444635, -0.895712, 0
0.448383, -0.893841, 0
0.452123, -0.891955, 0
0.455856, -0.890054, 0
0.459580, -0.888136, 0
0.463296, -0.886204, 0
0.467004, -0.884255, 0
0.470704, -0.882291, 0
0.474396, -0.880312, 0
0.478079, -0.878317, 0
0.481754, -0.876307, 0
0.485420, -0.874281, 0
0.489078, -0.872240, 0
0.492727, -0.870184, 0
0.496368, -0.868112, 0
0.500000, -0.866025, 0
0.503623, -0.863923, 0
0.507238, -0.861806, 0
0.510843, -0.859674, 0
0.514440, -0.857527, 0
0.518027, -0.855364, 0
0.521605, -0.853187, 0
0.525175, -0.850994, 0
0.528735, -0.848787, 0
0.532285, -0.846565, 0
0.535827, -0.844328, 0
0.539359, -0.842076, 0
0.542881, -0.839809, 0
0.546394, -0.837528, 0
0.549898, -0.835232, 0
0.553392, -0.832921, 0
0.556876, -0.830596, 0
0.560350, -0.828256, 0
0.563814, -0.825902, 0
0.567269, -0.823533, 0
0.570714, -0.821149, 0
0.574148, -0.818751, 0
0.577573, -0.816339, 0
0.580987, -0.813913, 0
0.584391, -0.811472, 0
0.587785, -0.809017, 0
0.591169, -0.806548, 0
0.594542, -0.804064, 0
0.597905, -0.801567, 0
0.601257, -0.799055, 0
0.604599, -0.796530, 0
0.607930, -0.793990, 0
0.611251, -0.791437, 0
0.614561, -0.788870, 0
0.617860, -0.786288, 0
0.621148, -0.783693, 0
0.624425, -0.781085, 0
0.627691, -0.778462, 0
0.630947, -0.775826, 0
0.634191, -0.773177, 0
0.637424, -0.770513, 0
0.640646, -0.767836, 0
0.643857, -0.765146, 0
0.647056, -0.762443, 0
0.650244, -0.759725, 0
0.653421, -0.756995, 0
0.656586, -0.754251, 0
0.659739, -0.751494, 0
0.662881, -0.748724, 0
0.666012, -0.745941, 0
0.669131, -0.743145, 0
0.672238, -0.740335, 0
0.675333, -0.737513, 0
0.678416, -0.734678, 0
0.681488, -0.731830, 0
0.684547, -0.728969, 0
0.687595, -0.726095, 0
0.690630, -0.723208, 0
0.693653, -0.720309, 0
0.696664, -0.717397, 0
0.699663, -0.714473, 0
0.702650, -0.711536, 0
0.705624, -0.708586, 0
0.708586, -0.705624, 0
0.711536, -0.702650, 0
0.714473, -0.699663, 0
0.717397, -0.696664, 0
0.720309, -0.693653, 0
0.723208, -0.690630, 0
0.726095, -0.687595, 0
0.728969, -0.684547, 0
0.731830, -0.681488, 0
0.734678, -0.678416, 0
0.737513, -0.675333, 0
0.740335, -0.672238, 0
0.743145, -0.669131, 0
0.745941, -0.666012, 0
0.748724, -0.662881, 0
0.751494, -0.659739, 0
0.754251, -0.656586, 0
0.756995, -0.653421, 0
0.759725, -0.650244, 0
0.762443, -0.647056, 0
0.765146, -0.643857, 0
0.767836, -0.640646, 0
0.770513, -0.637424, 0
0.773177, -0.634191, 0
0.775826, -0.630947, 0
0.778462, -0.627691, 0
0.781085, -0.624425, 0
0.783693, -0.621148, 0
0.786288, -0.617860, 0
0.788870, -0.614561, 0
0.791437, -0.611251, 0
0.793990, -0.607930, 0
0.796530, -0.604599, 0
0.799055, -0.601257, 0
0.801567, -0.597905, 0
0.804064, -0.594542, 0
0.806548, -0.591169, 0
0.809017, -0.587785, 0
0.811472, -0.584391, 0
0.813913, -0.580987, 0
0.816339, -0.577573, 0
0.818751, -0.574148, 0
0.821149, -0.570714, 0
0.823533, -0.567269, 0
0.825902, -0.563814, 0
0.828256, -0.560350, 0
0.830596, -0.556876, 0
0.832921, -0.553392, 0
0.835232, -0.549898, 0
0.837528, -0.546394, 0
0.839809, -0.542881, 0
0.842076, -0.539359, 0
0.844328, -0.535827, 0
0.846565, -0.532285, 0
0.848787, -0.528735, 0
0.850994, -0.525175, 0
0.853187, -0.521605, 0
0.855364, -0.518027, 0
0.857527, -0.514440, 0
0.859674, -0.510843, 0
0.861806, -0.507238, 0
0.863923, -0.503623, 0
0.866025, -0.500000, 0
0.868112, -0.496368, 0
0.870184, -0.492727, 0
0.872240, -0.489078, 0
0.874281, -0.485420, 0
0.876307, -0.481754, 0
0.878317, -0.478079, 0
0.880312, -0.474396, 0
0.882291, -0.470704, 0
0.884255, -0.467004, 0
0.886204, -0.463296, 0
0.888136, -0.459580, 0
0.890054, -0.455856, 0
0.891955, -0.452123, 0
0.893841, -0.448383, 0
0.895712, -0.444635, 0
0.897566, -0.440879, 0
0.899405, -0.437116, 0
0.901228, -0.433345, 0
0.903036, -0.429566, 0
0.904827, -0.425779, 0
0.906603, -0.421985, 0
0.908362, -0.418184, 0
0.910106, -0.414376, 0
0.911834, -0.410560, 0
0.913545, -0.406737, 0
0.915241, -0.402906, 0
0.916921, -0.399069, 0
0.918584, -0.395225, 0
0.920232, -0.391374, 0
0.921863, -0.387516, 0
0.923478, -0.383651, 0
0.925077, -0.379779, 0
0.926660, -0.375901, 0
0.928226, -0.372016, 0
0.929776, -0.368125, 0
0.931310, -0.364227, 0
0.932828, -0.360322, 0
0.934329, -0.356412, 0
0.935814, -0.352495, 0
0.937282, -0.348572, 0
0.938734, -0.344643, 0
0.940169, -0.340708, 0
0.941588, -0.336767, 0
0.942991, -0.332820, 0
0.944376, -0.328867, 0
0.945746, -0.324908, 0
0.947098, -0.320944, 0
0.948434, -0.316974, 0
0.949754, -0.312998, 0
0.951057, -0.309017, 0
0.952343, -0.305031, 0
0.953612, -0.301039, 0
0.954865, -0.297042, 0
0.956100, -0.293039, 0
0.957319, -0.289032, 0
0.958522, -0.285019, 0
0.959707, -0.281002, 0
0.960876, -0.276979, 0
0.962028, -0.272952, 0
0.963163, -0.268920, 0
0.964281, -0.264883, 0
0.965382, -0.260842, 0
0.966466, -0.256795, 0
0.967533, -0.252745, 0
0.968583, -0.248690, 0
0.969616, -0.244631, 0
0.970633, -0.240567, 0
0.971632, -0.236499, 0
0.972614, -0.232427, 0
0.973579, -0.228351, 0
0.974527, -0.224271, 0
0.975458, -0.220187, 0
0.976371, -0.216099, 0
0.977268, -0.212007, 0
0.978148, -0.207912, 0
0.979010, -0.203813, 0
0.979855, -0.199710, 0
0.980683, -0.195604, 0
0.981494, -0.191494, 0
0.982287, -0.187381, 0
0.983064, -0.183265, 0
0.983823, -0.179146, 0
0.984564, -0.175023, 0
0.985289, -0.170897, 0
0.985996, -0.166769, 0
0.986686, -0.162637, 0
0.987359, -0.158503, 0
0.988014, -0.154366, 0
0.988652, -0.150226, 0
0.989272, -0.146083, 0
0.989876, -0.141938, 0
0.990461, -0.137790, 0
0.991030, -0.133640, 0
0.991581, -0.129488, 0
0.992115, -0.125333, 0
0.992631, -0.121176, 0
0.993130, -0.117017, 0
0.993611, -0.112856, 0
0.994075, -0.108693, 0
0.994522, -0.104528, 0
0.994951, -0.100362, 0
0.995363, -0.096193, 0
0.995757, -0.092023, 0
0.996134, -0.087851, 0
0.996493, -0.083678, 0
0.996835, -0.079503, 0
0.997159, -0.075327, 0
0.997466, -0.071149, 0
0.997755, -0.066970, 0
0.998027, -0.062791, 0
0.998281, -0.058609, 0
0.998518, -0.054427, 0
0.998737, -0.050244, 0
0.998939, -0.046060, 0
0.999123, -0.041876, 0
0.999289, -0.037690, 0
0.999439, -0.033504, 0
0.999570, -0.029317, 0
0.999684, -0.025130, 0
0.999781, -0.020942, 0
0.999860, -0.016754, 0
0.999921, -0.012566, 0
0.999965, -0.008377, 0
0.999991, -0.004189, 0
1.000000, 0, 0