-0.998000, -0.039440, 0.545410
-0.998000, 0.000500, 0.548235
-0.998000, 0.040440, 0.550675
-0.958060, -0.279080, 0.529525
-0.958060, -0.239140, 0.532049
-0.958060, -0.199200, 0.534693
-0.958060, -0.159260, 0.536938
-0.958060, -0.119320, 0.540591
-0.958060, -0.079380, 0.542701
-0.958060, -0.039440, 0.544766
-0.958060, 0.000500, 0.548265
-0.958060, 0.040440, 0.550771
-0.958060, 0.080380, 0.553809
-0.958060, 0.120320, 0.557746
-0.958060, 0.160260, 0.559752
-0.958060, 0.200200, 0.563273
-0.958060, 0.240140, 0.566860
-0.958060, 0.280080, 0.569418
-0.918120, -0.358960, 0.523587
-0.918120, -0.319020, 0.527209
-0.918120, -0.279080, 0.528464
-0.918120, -0.239140, 0.532046
-0.918120, -0.199200, 0.534189
-0.918120, -0.159260, 0.536370
-0.918120, -0.119320, 0.539622
-0.918120, -0.079380, 0.542279
-0.918120, -0.039440, 0.545455
-0.918120, 0.000500, 0.548555
-0.918120, 0.040440, 0.551658
-0.918120, 0.080380, 0.554567
-0.918120, 0.120320, 0.556785
-0.918120, 0.160260, 0.561051
-0.918120, 0.200200, 0.563257
-0.918120, 0.240140, 0.567356
-0.918120, 0.280080, 0.570381
-0.918120, 0.320020, 0.574201
-0.918120, 0.359960, 0.577176
-0.878180, -0.438840, 0.517429
-0.878180, -0.398900, 0.521133
-0.878180, -0.358960, 0.523040
-0.878180, -0.319020, 0.526072
-0.878180, -0.279080, 0.528218
-0.878180, -0.239140, 0.530755
-0.878180, -0.199200, 0.533319
-0.878180, -0.159260, 0.536395
-0.878180, -0.119320, 0.539364
-0.878180, -0.079380, 0.542269
-0.878180, -0.039440, 0.544758
-0.878180, 0.000500, 0.548110
-0.878180, 0.040440, 0.550532
-0.878180, 0.080380, 0.554634
-0.878180, 0.120320, 0.558153
-0.878180, 0.160260, 0.562093
-0.878180, 0.200200, 0.564433
-0.878180, 0.240140, 0.567499
-0.878180, 0.280080, 0.571615
-0.878180, 0.320020, 0.574732
-0.878180, 0.359960, 0.578701
-0.878180, 0.399900, 0.581701
-0.878180, 0.439840, 0.585101
-0.838240, -0.518720, 0.513506
-0.838240, -0.478780, 0.515540
-0.838240, -0.438840, 0.517339
-0.838240, -0.398900, 0.520470
-0.838240, -0.358960, 0.522480
-0.838240, -0.319020, 0.524861
-0.838240, -0.279080, 0.527006
-0.838240, -0.239140, 0.530261
-0.838240, -0.199200, 0.532566
-0.838240, -0.159260, 0.535575
-0.838240, -0.119320, 0.538609
-0.838240, -0.079380, 0.541598
-0.838240, -0.039440, 0.544304
-0.838240, 0.000500, 0.547533
-0.838240, 0.040440, 0.551184
-0.838240, 0.080380, 0.554435
-0.838240, 0.120320, 0.557963
-0.838240, 0.160260, 0.561708
-0.838240, 0.200200, 0.564898
-0.838240, 0.240140, 0.568248
-0.838240, 0.280080, 0.572498
-0.838240, 0.320020, 0.575538
-0.838240, 0.359960, 0.579719
-0.838240, 0.399900, 0.583206
-0.838240, 0.439840, 0.587124
-0.838240, 0.479780, 0.590467
-0.838240, 0.519720, 0.593984
-0.798300, -0.598600, 0.508039
-0.798300, -0.558660, 0.510397
-0.798300, -0.518720, 0.512256
-0.798300, -0.478780, 0.514681
-0.798300, -0.438840, 0.516527
-0.798300, -0.398900, 0.519253
-0.798300, -0.358960, 0.521329
-0.798300, -0.319020, 0.523707
-0.798300, -0.279080, 0.526674
-0.798300, -0.239140, 0.528395
-0.798300, -0.199200, 0.531790
-0.798300, -0.159260, 0.534639
-0.798300, -0.119320, 0.536732
-0.798300, -0.079380, 0.540742
-0.798300, -0.039440, 0.543829
-0.798300, 0.000500, 0.547545
-0.798300, 0.040440, 0.550553
-0.798300, 0.080380, 0.554465
-0.798300, 0.120320, 0.558497
-0.798300, 0.160260, 0.561277
-0.798300, 0.200200, 0.564598
-0.798300, 0.240140, 0.569286
-0.798300, 0.280080, 0.572456
-0.798300, 0.320020, 0.576456
-0.798300, 0.359960, 0.580735
-0.798300, 0.399900, 0.584949
-0.798300, 0.439840, 0.588500
-0.798300, 0.479780, 0.592848
-0.798300, 0.519720, 0.596240
-0.798300, 0.559660, 0.600013
-0.798300, 0.599600, 0.603463
-0.758360, -0.638540, 0.505290
-0.758360, -0.598600, 0.506317
-0.758360, -0.558660, 0.508000
-0.758360, -0.518720, 0.511368
-0.758360, -0.478780, 0.513095
-0.758360, -0.438840, 0.515582
-0.758360, -0.398900, 0.518104
-0.758360, -0.358960, 0.520107
-0.758360, -0.319020, 0.522137
-0.758360, -0.279080, 0.525544
-0.758360, -0.239140, 0.527554
-0.758360, -0.199200, 0.530840
-0.758360, -0.159260, 0.533687
-0.758360, -0.119320, 0.536941
-0.758360, -0.079380, 0.540000
-0.758360, -0.039440, 0.543554
-0.758360, 0.000500, 0.547017
-0.758360, 0.040440, 0.550515
-0.758360, 0.080380, 0.553971
-0.758360, 0.120320, 0.558220
-0.758360, 0.160260, 0.561887
-0.758360, 0.200200, 0.566121
-0.758360, 0.240140, 0.569938
-0.758360, 0.280080, 0.574076
-0.758360, 0.320020, 0.578078
-0.758360, 0.359960, 0.582203
-0.758360, 0.399900, 0.586672
-0.758360, 0.439840, 0.590392
-0.758360, 0.479780, 0.594521
-0.758360, 0.519720, 0.598668
-0.758360, 0.559660, 0.602061
-0.758360, 0.599600, 0.606936
-0.758360, 0.639540, 0.610962
-0.718420, -0.678480, 0.501251
-0.718420, -0.638540, 0.503684
-0.718420, -0.598600, 0.505317
-0.718420, -0.558660, 0.507478
-0.718420, -0.518720, 0.509522
-0.718420, -0.478780, 0.511260
-0.718420, -0.438840, 0.513948
-0.718420, -0.398900, 0.515521
-0.718420, -0.358960, 0.518700
-0.718420, -0.319020, 0.521350
-0.718420, -0.279080, 0.524635
-0.718420, -0.239140, 0.527970
-0.718420, -0.199200, 0.529730
-0.718420, -0.159260, 0.532785
-0.718420, -0.119320, 0.536497
-0.718420, -0.079380, 0.538893
-0.718420, -0.039440, 0.543859
-0.718420, 0.000500, 0.546679
-0.718420, 0.040440, 0.550128
-0.718420, 0.080380, 0.554553
-0.718420, 0.120320, 0.557230
-0.718420, 0.160260, 0.562461
-0.718420, 0.200200, 0.566278
-0.718420, 0.240140, 0.569992
-0.718420, 0.280080, 0.574943
-0.718420, 0.320020, 0.578966
-0.718420, 0.359960, 0.583575
-0.718420, 0.399900, 0.586989
-0.718420, 0.439840, 0.592409
-0.718420, 0.479780, 0.596627
-0.718420, 0.519720, 0.600949
-0.718420, 0.559660, 0.605961
-0.718420, 0.599600, 0.609053
-0.718420, 0.639540, 0.612629
-0.718420, 0.679480, 0.616961
-0.678480, -0.718420, 0.497883
-0.678480, -0.678480, 0.500153
-0.678480, -0.638540, 0.501980
-0.678480, -0.598600, 0.503085
-0.678480, -0.558660, 0.505951
-0.678480, -0.518720, 0.507577
-0.678480, -0.478780, 0.509219
-0.678480, -0.438840, 0.512512
-0.678480, -0.398900, 0.514130
-0.678480, -0.358960, 0.517453
-0.678480, -0.319020, 0.520053
-0.678480, -0.279080, 0.522693
-0.678480, -0.239140, 0.524779
-0.678480, -0.199200, 0.528726
-0.678480, -0.159260, 0.531547
-0.678480, -0.119320, 0.535237
-0.678480, -0.079380, 0.538800
-0.678480, -0.039440, 0.542062
-0.678480, 0.000500, 0.545685
-0.678480, 0.040440, 0.549990
-0.678480, 0.080380, 0.554113
-0.678480, 0.120320, 0.557665
-0.678480, 0.160260, 0.561982
-0.678480, 0.200200, 0.566641
-0.678480, 0.240140, 0.570924
-0.678480, 0.280080, 0.575414
-0.678480, 0.320020, 0.580041
-0.678480, 0.359960, 0.584591
-0.678480, 0.399900, 0.589014
-0.678480, 0.439840, 0.593367
-0.678480, 0.479780, 0.598340
-0.678480, 0.519720, 0.603375
-0.678480, 0.559660, 0.607334
-0.678480, 0.599600, 0.612543
-0.678480, 0.639540, 0.616848
-0.678480, 0.679480, 0.620445
-0.678480, 0.719420, 0.624245
-0.638540, -0.758360, 0.495994
-0.638540, -0.718420, 0.496666
-0.638540, -0.678480, 0.498176
-0.638540, -0.638540, 0.499728
-0.638540, -0.598600, 0.502114
-0.638540, -0.558660, 0.503831
-0.638540, -0.518720, 0.505946
-0.638540, -0.478780, 0.507915
-0.638540, -0.438840, 0.510514
-0.638540, -0.398900, 0.512825
-0.638540, -0.358960, 0.515241
-0.638540, -0.319020, 0.518911
-0.638540, -0.279080, 0.521447
-0.638540, -0.239140, 0.524847
-0.638540, -0.199200, 0.528122
-0.638540, -0.159260, 0.530882
-0.638540, -0.119320, 0.534164
-0.638540, -0.079380, 0.537676
-0.638540, -0.039440, 0.541377
-0.638540, 0.000500, 0.544888
-0.638540, 0.040440, 0.549197
-0.638540, 0.080380, 0.553164
-0.638540, 0.120320, 0.557708
-0.638540, 0.160260, 0.562577
-0.638540, 0.200200, 0.566565
-0.638540, 0.240140, 0.571479
-0.638540, 0.280080, 0.575467
-0.638540, 0.320020, 0.580599
-0.638540, 0.359960, 0.586096
-0.638540, 0.399900, 0.590860
-0.638540, 0.439840, 0.595956
-0.638540, 0.479780, 0.600869
-0.638540, 0.519720, 0.605688
-0.638540, 0.559660, 0.610374
-0.638540, 0.599600, 0.615504
-0.638540, 0.639540, 0.619854
-0.638540, 0.679480, 0.624825
-0.638540, 0.719420, 0.628566
-0.638540, 0.759360, 0.632635
-0.598600, -0.798300, 0.491660
-0.598600, -0.758360, 0.493099
-0.598600, -0.718420, 0.494715
-0.598600, -0.678480, 0.496625
-0.598600, -0.638540, 0.498323
-0.598600, -0.598600, 0.499849
-0.598600, -0.558660, 0.502242
-0.598600, -0.518720, 0.504418
-0.598600, -0.478780, 0.505984
-0.598600, -0.438840, 0.508132
-0.598600, -0.398900, 0.511272
-0.598600, -0.358960, 0.513301
-0.598600, -0.319020, 0.516522
-0.598600, -0.279080, 0.519249
-0.598600, -0.239140, 0.522574
-0.598600, -0.199200, 0.525820
-0.598600, -0.159260, 0.528970
-0.598600, -0.119320, 0.532485
-0.598600, -0.079380, 0.536552
-0.598600, -0.039440, 0.540698
-0.598600, 0.000500, 0.543812
-0.598600, 0.040440, 0.548727
-0.598600, 0.080380, 0.552626
-0.598600, 0.120320, 0.557572
-0.598600, 0.160260, 0.562317
-0.598600, 0.200200, 0.567171
-0.598600, 0.240140, 0.571593
-0.598600, 0.280080, 0.576751
-0.598600, 0.320020, 0.581893
-0.598600, 0.359960, 0.587113
-0.598600, 0.399900, 0.592958
-0.598600, 0.439840, 0.596757
-0.598600, 0.479780, 0.602386
-0.598600, 0.519720, 0.608307
-0.598600, 0.559660, 0.612566
-0.598600, 0.599600, 0.618773
-0.598600, 0.639540, 0.624388
-0.598600, 0.679480, 0.628710
-0.598600, 0.719420, 0.633022
-0.598600, 0.759360, 0.637244
-0.598600, 0.799300, 0.641350
-0.558660, -0.798300, 0.490365
-0.558660, -0.758360, 0.490985
-0.558660, -0.718420, 0.493073
-0.558660, -0.678480, 0.493892
-0.558660, -0.638540, 0.496041
-0.558660, -0.598600, 0.498130
-0.558660, -0.558660, 0.499782
-0.558660, -0.518720, 0.501294
-0.558660, -0.478780, 0.504431
-0.558660, -0.438840, 0.506684
-0.558660, -0.398900, 0.509050
-0.558660, -0.358960, 0.511916
-0.558660, -0.319020, 0.514763
-0.558660, -0.279080, 0.517302
-0.558660, -0.239140, 0.521531
-0.558660, -0.199200, 0.523548
-0.558660, -0.159260, 0.527233
-0.558660, -0.119320, 0.531136
-0.558660, -0.079380, 0.535115
-0.558660, -0.039440, 0.538696
-0.558660, 0.000500, 0.543349
-0.558660, 0.040440, 0.547086
-0.558660, 0.080380, 0.552308
-0.558660, 0.120320, 0.556559
-0.558660, 0.160260, 0.561989
-0.558660, 0.200200, 0.566632
-0.558660, 0.240140, 0.571795
-0.558660, 0.280080, 0.576911
-0.558660, 0.320020, 0.582538
-0.558660, 0.359960, 0.587419
-0.558660, 0.399900, 0.594324
-0.558660, 0.439840, 0.599480
-0.558660, 0.479780, 0.604468
-0.558660, 0.519720, 0.610371
-0.558660, 0.559660, 0.616470
-0.558660, 0.599600, 0.621595
-0.558660, 0.639540, 0.627085
-0.558660, 0.679480, 0.632362
-0.558660, 0.719420, 0.637324
-0.558660, 0.759360, 0.643167
-0.558660, 0.799300, 0.646719
-0.518720, -0.838240, 0.486047
-0.518720, -0.798300, 0.487812
-0.518720, -0.758360, 0.489303
-0.518720, -0.718420, 0.490948
-0.518720, -0.678480, 0.492492
-0.518720, -0.638540, 0.493730
-0.518720, -0.598600, 0.495478
-0.518720, -0.558660, 0.498054
-0.518720, -0.518720, 0.500384
-0.518720, -0.478780, 0.501683
-0.518720, -0.438840, 0.505043
-0.518720, -0.398900, 0.507267
-0.518720, -0.358960, 0.509688
-0.518720, -0.319020, 0.512210
-0.518720, -0.279080, 0.515457
-0.518720, -0.239140, 0.517879
-0.518720, -0.199200, 0.522395
-0.518720, -0.159260, 0.525973
-0.518720, -0.119320, 0.529357
-0.518720, -0.079380, 0.533389
-0.518720, -0.039440, 0.538040
-0.518720, 0.000500, 0.542417
-0.518720, 0.040440, 0.546244
-0.518720, 0.080380, 0.551350
-0.518720, 0.120320, 0.556296
-0.518720, 0.160260, 0.560797
-0.518720, 0.200200, 0.566339
-0.518720, 0.240140, 0.572614
-0.518720, 0.280080, 0.577692
-0.518720, 0.320020, 0.583255
-0.518720, 0.359960, 0.589341
-0.518720, 0.399900, 0.594472
-0.518720, 0.439840, 0.600855
-0.518720, 0.479780, 0.607417
-0.518720, 0.519720, 0.613560
-0.518720, 0.559660, 0.619629
-0.518720, 0.599600, 0.625418
-0.518720, 0.639540, 0.630442
-0.518720, 0.679480, 0.637069
-0.518720, 0.719420, 0.642575
-0.518720, 0.759360, 0.648084
-0.518720, 0.799300, 0.652150
-0.518720, 0.839240, 0.656740
-0.478780, -0.838240, 0.484749
-0.478780, -0.798300, 0.485657
-0.478780, -0.758360, 0.486780
-0.478780, -0.718420, 0.489028
-0.478780, -0.678480, 0.490197
-0.478780, -0.638540, 0.492219
-0.478780, -0.598600, 0.494206
-0.478780, -0.558660, 0.495354
-0.478780, -0.518720, 0.498574
-0.478780, -0.478780, 0.500089
-0.478780, -0.438840, 0.503064
-0.478780, -0.398900, 0.505478
-0.478780, -0.358960, 0.507155
-0.478780, -0.319020, 0.510415
-0.478780, -0.279080, 0.513620
-0.478780, -0.239140, 0.517327
-0.478780, -0.199200, 0.519555
-0.478780, -0.159260, 0.523844
-0.478780, -0.119320, 0.527497
-0.478780, -0.079380, 0.532378
-0.478780, -0.039440, 0.535811
-0.478780, 0.000500, 0.540668
-0.478780, 0.040440, 0.545087
-0.478780, 0.080380, 0.550243
-0.478780, 0.120320, 0.555001
-0.478780, 0.160260, 0.561040
-0.478780, 0.200200, 0.565786
-0.478780, 0.240140, 0.571654
-0.478780, 0.280080, 0.577431
-0.478780, 0.320020, 0.583788
-0.478780, 0.359960, 0.590108
-0.478780, 0.399900, 0.596201
-0.478780, 0.439840, 0.602820
-0.478780, 0.479780, 0.609234
-0.478780, 0.519720, 0.615883
-0.478780, 0.559660, 0.622883
-0.478780, 0.599600, 0.629254
-0.478780, 0.639540, 0.636014
-0.478780, 0.679480, 0.642198
-0.478780, 0.719420, 0.647709
-0.478780, 0.759360, 0.653629
-0.478780, 0.799300, 0.658335
-0.478780, 0.839240, 0.663596
-0.438840, -0.878180, 0.481425
-0.438840, -0.838240, 0.482483
-0.438840, -0.798300, 0.483280
-0.438840, -0.758360, 0.485701
-0.438840, -0.718420, 0.486054
-0.438840, -0.678480, 0.487827
-0.438840, -0.638540, 0.489282
-0.438840, -0.598600, 0.491198
-0.438840, -0.558660, 0.493005
-0.438840, -0.518720, 0.495049
-0.438840, -0.478780, 0.498095
-0.438840, -0.438840, 0.499672
-0.438840, -0.398900, 0.502714
-0.438840, -0.358960, 0.505570
-0.438840, -0.319020, 0.507560
-0.438840, -0.279080, 0.510636
-0.438840, -0.239140, 0.514497
-0.438840, -0.199200, 0.517968
-0.438840, -0.159260, 0.522245
-0.438840, -0.119320, 0.526090
-0.438840, -0.079380, 0.530029
-0.438840, -0.039440, 0.534384
-0.438840, 0.000500, 0.538650
-0.438840, 0.040440, 0.543860
-0.438840, 0.080380, 0.548593
-0.438840, 0.120320, 0.553911
-0.438840, 0.160260, 0.559969
-0.438840, 0.200200, 0.565194
-0.438840, 0.240140, 0.571265
-0.438840, 0.280080, 0.577809
-0.438840, 0.320020, 0.584035
-0.438840, 0.359960, 0.591074
-0.438840, 0.399900, 0.597661
-0.438840, 0.439840, 0.604450
-0.438840, 0.479780, 0.611482
-0.438840, 0.519720, 0.619110
-0.438840, 0.559660, 0.626381
-0.438840, 0.599600, 0.632994
-0.438840, 0.639540, 0.639845
-0.438840, 0.679480, 0.647486
-0.438840, 0.719420, 0.652946
-0.438840, 0.759360, 0.659569
-0.438840, 0.799300, 0.664982
-0.438840, 0.839240, 0.670194
-0.438840, 0.879180, 0.675264
-0.398900, -0.878180, 0.478982
-0.398900, -0.838240, 0.480317
-0.398900, -0.798300, 0.481631
-0.398900, -0.758360, 0.482111
-0.398900, -0.718420, 0.483974
-0.398900, -0.678480, 0.485339
-0.398900, -0.638540, 0.487687
-0.398900, -0.598600, 0.489661
-0.398900, -0.558660, 0.491063
-0.398900, -0.518720, 0.493117
-0.398900, -0.478780, 0.494951
-0.398900, -0.438840, 0.497608
-0.398900, -0.398900, 0.500770
-0.398900, -0.358960, 0.502644
-0.398900, -0.319020, 0.506018
-0.398900, -0.279080, 0.508972
-0.398900, -0.239140, 0.512307
-0.398900, -0.199200, 0.515368
-0.398900, -0.159260, 0.519451
-0.398900, -0.119320, 0.523423
-0.398900, -0.079380, 0.527824
-0.398900, -0.039440, 0.531594
-0.398900, 0.000500, 0.537496
-0.398900, 0.040440, 0.541293
-0.398900, 0.080380, 0.547560
-0.398900, 0.120320, 0.552653
-0.398900, 0.160260, 0.559024
-0.398900, 0.200200, 0.564719
-0.398900, 0.240140, 0.570897
-0.398900, 0.280080, 0.577065
-0.398900, 0.320020, 0.584343
-0.398900, 0.359960, 0.591700
-0.398900, 0.399900, 0.598895
-0.398900, 0.439840, 0.606085
-0.398900, 0.479780, 0.613517
-0.398900, 0.519720, 0.620912
-0.398900, 0.559660, 0.629290
-0.398900, 0.599600, 0.636757
-0.398900, 0.639540, 0.644353
-0.398900, 0.679480, 0.651832
-0.398900, 0.719420, 0.659114
-0.398900, 0.759360, 0.666839
-0.398900, 0.799300, 0.672669
-0.398900, 0.839240, 0.677980
-0.398900, 0.879180, 0.683638
-0.358960, -0.918120, 0.476117
-0.358960, -0.878180, 0.477225
-0.358960, -0.838240, 0.477392
-0.358960, -0.798300, 0.479174
-0.358960, -0.758360, 0.479956
-0.358960, -0.718420, 0.481325
-0.358960, -0.678480, 0.482741
-0.358960, -0.638540, 0.484833
-0.358960, -0.598600, 0.485698
-0.358960, -0.558660, 0.488355
-0.358960, -0.518720, 0.490062
-0.358960, -0.478780, 0.492913
-0.358960, -0.438840, 0.494942
-0.358960, -0.398900, 0.497294
-0.358960, -0.358960, 0.499811
-0.358960, -0.319020, 0.502451
-0.358960, -0.279080, 0.506533
-0.358960, -0.239140, 0.508522
-0.358960, -0.199200, 0.513489
-0.358960, -0.159260, 0.516687
-0.358960, -0.119320, 0.520991
-0.358960, -0.079380, 0.525883
-0.358960, -0.039440, 0.529687
-0.358960, 0.000500, 0.535141
-0.358960, 0.040440, 0.540553
-0.358960, 0.080380, 0.545477
-0.358960, 0.120320, 0.551383
-0.358960, 0.160260, 0.557078
-0.358960, 0.200200, 0.564028
-0.358960, 0.240140, 0.570023
-0.358960, 0.280080, 0.577633
-0.358960, 0.320020, 0.584676
-0.358960, 0.359960, 0.591147
-0.358960, 0.399900, 0.598720
-0.358960, 0.439840, 0.607011
-0.358960, 0.479780, 0.614446
-0.358960, 0.519720, 0.623643
-0.358960, 0.559660, 0.632452
-0.358960, 0.599600, 0.640252
-0.358960, 0.639540, 0.648434
-0.358960, 0.679480, 0.656817
-0.358960, 0.719420, 0.665312
-0.358960, 0.759360, 0.672843
-0.358960, 0.799300, 0.680930
-0.358960, 0.839240, 0.687270
-0.358960, 0.879180, 0.692798
-0.358960, 0.919120, 0.697538
-0.319020, -0.918120, 0.473512
-0.319020, -0.878180, 0.474177
-0.319020, -0.838240, 0.475756
-0.319020, -0.798300, 0.476803
-0.319020, -0.758360, 0.477265
-0.319020, -0.718420, 0.478880
-0.319020, -0.678480, 0.480447
-0.319020, -0.638540, 0.481571
-0.319020, -0.598600, 0.483441
-0.319020, -0.558660, 0.485396
-0.319020, -0.518720, 0.487430
-0.319020, -0.478780, 0.489952
-0.319020, -0.438840, 0.492133
-0.319020, -0.398900, 0.493938
-0.319020, -0.358960, 0.496874
-0.319020, -0.319020, 0.499452
-0.319020, -0.279080, 0.502731
-0.319020, -0.239140, 0.506695
-0.319020, -0.199200, 0.510781
-0.319020, -0.159260, 0.514105
-0.319020, -0.119320, 0.518466
-0.319020, -0.079380, 0.522502
-0.319020, -0.039440, 0.527639
-0.319020, 0.000500, 0.532526
-0.319020, 0.040440, 0.537456
-0.319020, 0.080380, 0.543557
-0.319020, 0.120320, 0.549283
-0.319020, 0.160260, 0.555799
-0.319020, 0.200200, 0.562240
-0.319020, 0.240140, 0.569315
-0.319020, 0.280080, 0.576636
-0.319020, 0.320020, 0.583680
-0.319020, 0.359960, 0.591884
-0.319020, 0.399900, 0.600134
-0.319020, 0.439840, 0.608303
-0.319020, 0.479780, 0.617237
-0.319020, 0.519720, 0.626450
-0.319020, 0.559660, 0.635357
-0.319020, 0.599600, 0.644336
-0.319020, 0.639540, 0.653638
-0.319020, 0.679480, 0.663118
-0.319020, 0.719420, 0.671432
-0.319020, 0.759360, 0.680877
-0.319020, 0.799300, 0.688980
-0.319020, 0.839240, 0.696321
-0.319020, 0.879180, 0.703329
-0.319020, 0.919120, 0.708578
-0.279080, -0.958060, 0.470081
-0.279080, -0.918120, 0.471717
-0.279080, -0.878180, 0.471682
-0.279080, -0.838240, 0.472653
-0.279080, -0.798300, 0.473461
-0.279080, -0.758360, 0.475599
-0.279080, -0.718420, 0.475781
-0.279080, -0.678480, 0.477361
-0.279080, -0.638540, 0.479342
-0.279080, -0.598600, 0.480765
-0.279080, -0.558660, 0.482489
-0.279080, -0.518720, 0.484502
-0.279080, -0.478780, 0.485630
-0.279080, -0.438840, 0.488513
-0.279080, -0.398900, 0.490870
-0.279080, -0.358960, 0.493490
-0.279080, -0.319020, 0.497221
-0.279080, -0.279080, 0.500233
-0.279080, -0.239140, 0.503598
-0.279080, -0.199200, 0.507303
-0.279080, -0.159260, 0.511045
-0.279080, -0.119320, 0.515539
-0.279080, -0.079380, 0.519712
-0.279080, -0.039440, 0.524697
-0.279080, 0.000500, 0.529783
-0.279080, 0.040440, 0.534720
-0.279080, 0.080380, 0.540996
-0.279080, 0.120320, 0.546819
-0.279080, 0.160260, 0.553910
-0.279080, 0.200200, 0.560352
-0.279080, 0.240140, 0.568017
-0.279080, 0.280080, 0.575348
-0.279080, 0.320020, 0.582799
-0.279080, 0.359960, 0.591688
-0.279080, 0.399900, 0.600529
-0.279080, 0.439840, 0.609697
-0.279080, 0.479780, 0.618839
-0.279080, 0.519720, 0.628288
-0.279080, 0.559660, 0.637684
-0.279080, 0.599600, 0.647831
-0.279080, 0.639540, 0.658363
-0.279080, 0.679480, 0.668838
-0.279080, 0.719420, 0.678662
-0.279080, 0.759360, 0.688885
-0.279080, 0.799300, 0.698512
-0.279080, 0.839240, 0.706395
-0.279080, 0.879180, 0.714652
-0.279080, 0.919120, 0.721052
-0.279080, 0.959060, 0.725220
-0.239140, -0.958060, 0.467211
-0.239140, -0.918120, 0.468333
-0.239140, -0.878180, 0.469619
-0.239140, -0.838240, 0.469795
-0.239140, -0.798300, 0.471020
-0.239140, -0.758360, 0.472578
-0.239140, -0.718420, 0.473772
-0.239140, -0.678480, 0.474924
-0.239140, -0.638540, 0.475963
-0.239140, -0.598600, 0.478014
-0.239140, -0.558660, 0.479267
-0.239140, -0.518720, 0.480749
-0.239140, -0.478780, 0.482817
-0.239140, -0.438840, 0.485273
-0.239140, -0.398900, 0.487391
-0.239140, -0.358960, 0.491080
-0.239140, -0.319020, 0.492889
-0.239140, -0.279080, 0.496088
-0.239140, -0.239140, 0.499911
-0.239140, -0.199200, 0.503706
-0.239140, -0.159260, 0.507077
-0.239140, -0.119320, 0.511515
-0.239140, -0.079380, 0.516981
-0.239140, -0.039440, 0.521411
-0.239140, 0.000500, 0.526712
-0.239140, 0.040440, 0.532577
-0.239140, 0.080380, 0.538146
-0.239140, 0.120320, 0.545393
-0.239140, 0.160260, 0.551131
-0.239140, 0.200200, 0.558862
-0.239140, 0.240140, 0.565843
-0.239140, 0.280080, 0.573542
-0.239140, 0.320020, 0.582039
-0.239140, 0.359960, 0.590703
-0.239140, 0.399900, 0.600724
-0.239140, 0.439840, 0.610312
-0.239140, 0.479780, 0.619474
-0.239140, 0.519720, 0.631190
-0.239140, 0.559660, 0.641810
-0.239140, 0.599600, 0.651682
-0.239140, 0.639540, 0.663823
-0.239140, 0.679480, 0.674401
-0.239140, 0.719420, 0.686301
-0.239140, 0.759360, 0.696606
-0.239140, 0.799300, 0.708168
-0.239140, 0.839240, 0.718211
-0.239140, 0.879180, 0.726866
-0.239140, 0.919120, 0.734080
-0.239140, 0.959060, 0.740393
-0.199200, -0.958060, 0.465793
-0.199200, -0.918120, 0.466670
-0.199200, -0.878180, 0.466860
-0.199200, -0.838240, 0.467386
-0.199200, -0.798300, 0.468603
-0.199200, -0.758360, 0.469293
-0.199200, -0.718420, 0.470021
-0.199200, -0.678480, 0.471770
-0.199200, -0.638540, 0.472852
-0.199200, -0.598600, 0.474346
-0.199200, -0.558660, 0.475806
-0.199200, -0.518720, 0.477680
-0.199200, -0.478780, 0.479152
-0.199200, -0.438840, 0.482472
-0.199200, -0.398900, 0.483858
-0.199200, -0.358960, 0.486911
-0.199200, -0.319020, 0.490014
-0.199200, -0.279080, 0.492807
-0.199200, -0.239140, 0.496451
-0.199200, -0.199200, 0.500653
-0.199200, -0.159260, 0.504016
-0.199200, -0.119320, 0.508621
-0.199200, -0.079380, 0.513052
-0.199200, -0.039440, 0.518177
-0.199200, 0.000500, 0.523056
-0.199200, 0.040440, 0.528862
-0.199200, 0.080380, 0.534848
-0.199200, 0.120320, 0.541186
-0.199200, 0.160260, 0.548909
-0.199200, 0.200200, 0.556681
-0.199200, 0.240140, 0.564052
-0.199200, 0.280080, 0.572069
-0.199200, 0.320020, 0.581043
-0.199200, 0.359960, 0.590351
-0.199200, 0.399900, 0.599883
-0.199200, 0.439840, 0.610220
-0.199200, 0.479780, 0.620941
-0.199200, 0.519720, 0.632159
-0.199200, 0.559660, 0.642488
-0.199200, 0.599600, 0.655121
-0.199200, 0.639540, 0.667902
-0.199200, 0.679480, 0.680920
-0.199200, 0.719420, 0.693127
-0.199200, 0.759360, 0.706108
-0.199200, 0.799300, 0.718505
-0.199200, 0.839240, 0.730074
-0.199200, 0.879180, 0.740404
-0.199200, 0.919120, 0.749188
-0.199200, 0.959060, 0.756434
-0.159260, -0.958060, 0.462801
-0.159260, -0.918120, 0.462869
-0.159260, -0.878180, 0.464037
-0.159260, -0.838240, 0.464338
-0.159260, -0.798300, 0.465875
-0.159260, -0.758360, 0.466133
-0.159260, -0.718420, 0.467186
-0.159260, -0.678480, 0.468539
-0.159260, -0.638540, 0.469481
-0.159260, -0.598600, 0.471341
-0.159260, -0.558660, 0.472850
-0.159260, -0.518720, 0.474140
-0.159260, -0.478780, 0.476076
-0.159260, -0.438840, 0.477725
-0.159260, -0.398900, 0.481194
-0.159260, -0.358960, 0.483469
-0.159260, -0.319020, 0.485915
-0.159260, -0.279080, 0.488700
-0.159260, -0.239140, 0.492560
-0.159260, -0.199200, 0.496078
-0.159260, -0.159260, 0.499121
-0.159260, -0.119320, 0.504357
-0.159260, -0.079380, 0.509039
-0.159260, -0.039440, 0.513865
-0.159260, 0.000500, 0.519218
-0.159260, 0.040440, 0.525202
-0.159260, 0.080380, 0.531740
-0.159260, 0.120320, 0.538200
-0.159260, 0.160260, 0.545465
-0.159260, 0.200200, 0.553180
-0.159260, 0.240140, 0.560947
-0.159260, 0.280080, 0.570056
-0.159260, 0.320020, 0.578798
-0.159260, 0.359960, 0.588818
-0.159260, 0.399900, 0.599676
-0.159260, 0.439840, 0.610337
-0.159260, 0.479780, 0.620986
-0.159260, 0.519720, 0.632776
-0.159260, 0.559660, 0.645732
-0.159260, 0.599600, 0.659557
-0.159260, 0.639540, 0.672187
-0.159260, 0.679480, 0.686362
-0.159260, 0.719420, 0.700203
-0.159260, 0.759360, 0.715542
-0.159260, 0.799300, 0.729582
-0.159260, 0.839240, 0.743075
-0.159260, 0.879180, 0.756851
-0.159260, 0.919120, 0.767889
-0.159260, 0.959060, 0.775612
-0.119320, -0.958060, 0.460034
-0.119320, -0.918120, 0.460538
-0.119320, -0.878180, 0.461157
-0.119320, -0.838240, 0.461755
-0.119320, -0.798300, 0.462525
-0.119320, -0.758360, 0.463004
-0.119320, -0.718420, 0.464537
-0.119320, -0.678480, 0.465625
-0.119320, -0.638540, 0.466790
-0.119320, -0.598600, 0.466762
-0.119320, -0.558660, 0.468978
-0.119320, -0.518720, 0.470193
-0.119320, -0.478780, 0.472295
-0.119320, -0.438840, 0.474373
-0.119320, -0.398900, 0.476648
-0.119320, -0.358960, 0.478619
-0.119320, -0.319020, 0.481703
-0.119320, -0.279080, 0.484273
-0.119320, -0.239140, 0.488109
-0.119320, -0.199200, 0.491967
-0.119320, -0.159260, 0.495253
-0.119320, -0.119320, 0.499733
-0.119320, -0.079380, 0.504721
-0.119320, -0.039440, 0.509785
-0.119320, 0.000500, 0.515079
-0.119320, 0.040440, 0.521669
-0.119320, 0.080380, 0.527759
-0.119320, 0.120320, 0.534526
-0.119320, 0.160260, 0.541914
-0.119320, 0.200200, 0.550138
-0.119320, 0.240140, 0.558300
-0.119320, 0.280080, 0.567541
-0.119320, 0.320020, 0.576812
-0.119320, 0.359960, 0.586880
-0.119320, 0.399900, 0.597614
-0.119320, 0.439840, 0.608272
-0.119320, 0.479780, 0.620956
-0.119320, 0.519720, 0.633852
-0.119320, 0.559660, 0.646952
-0.119320, 0.599600, 0.661017
-0.119320, 0.639540, 0.675797
-0.119320, 0.679480, 0.691703
-0.119320, 0.719420, 0.707621
-0.119320, 0.759360, 0.724289
-0.119320, 0.799300, 0.741567
-0.119320, 0.839240, 0.757936
-0.119320, 0.879180, 0.774041
-0.119320, 0.919120, 0.788386
-0.119320, 0.959060, 0.800468
-0.079380, -0.958060, 0.457820
-0.079380, -0.918120, 0.457982
-0.079380, -0.878180, 0.457982
-0.079380, -0.838240, 0.458288
-0.079380, -0.798300, 0.458614
-0.079380, -0.758360, 0.460127
-0.079380, -0.718420, 0.460308
-0.079380, -0.678480, 0.461283
-0.079380, -0.638540, 0.462497
-0.079380, -0.598600, 0.463283
-0.079380, -0.558660, 0.465036
-0.079380, -0.518720, 0.466114
-0.079380, -0.478780, 0.468668
-0.079380, -0.438840, 0.470411
-0.079380, -0.398900, 0.472753
-0.079380, -0.358960, 0.475114
-0.079380, -0.319020, 0.477549
-0.079380, -0.279080, 0.480334
-0.079380, -0.239140, 0.483301
-0.079380, -0.199200, 0.486457
-0.079380, -0.159260, 0.491062
-0.079380, -0.119320, 0.495383
-0.079380, -0.079380, 0.500056
-0.079380, -0.039440, 0.505330
-0.079380, 0.000500, 0.510993
-0.079380, 0.040440, 0.516606
-0.079380, 0.080380, 0.523812
-0.079380, 0.120320, 0.530050
-0.079380, 0.160260, 0.538025
-0.079380, 0.200200, 0.545082
-0.079380, 0.240140, 0.554528
-0.079380, 0.280080, 0.563749
-0.079380, 0.320020, 0.573648
-0.079380, 0.359960, 0.585027
-0.079380, 0.399900, 0.595786
-0.079380, 0.439840, 0.607541
-0.079380, 0.479780, 0.619988
-0.079380, 0.519720, 0.633732
-0.079380, 0.559660, 0.647711
-0.079380, 0.599600, 0.662991
-0.079380, 0.639540, 0.679036
-0.079380, 0.679480, 0.696396
-0.079380, 0.719420, 0.714551
-0.079380, 0.759360, 0.733369
-0.079380, 0.799300, 0.752261
-0.079380, 0.839240, 0.773181
-0.079380, 0.879180, 0.792917
-0.079380, 0.919120, 0.812759
-0.079380, 0.959060, 0.828982
-0.039440, -0.998000, 0.454780
-0.039440, -0.958060, 0.454062
-0.039440, -0.918120, 0.454749
-0.039440, -0.878180, 0.455266
-0.039440, -0.838240, 0.455842
-0.039440, -0.798300, 0.456044
-0.039440, -0.758360, 0.456184
-0.039440, -0.718420, 0.457131
-0.039440, -0.678480, 0.457205
-0.039440, -0.638540, 0.459323
-0.039440, -0.598600, 0.459922
-0.039440, -0.558660, 0.461218
-0.039440, -0.518720, 0.461784
-0.039440, -0.478780, 0.463830
-0.039440, -0.438840, 0.465241
-0.039440, -0.398900, 0.467836
-0.039440, -0.358960, 0.469347
-0.039440, -0.319020, 0.472481
-0.039440, -0.279080, 0.475096
-0.039440, -0.239140, 0.478559
-0.039440, -0.199200, 0.482109
-0.039440, -0.159260, 0.486284
-0.039440, -0.119320, 0.489771
-0.039440, -0.079380, 0.494164
-0.039440, -0.039440, 0.499972
-0.039440, 0.000500, 0.505585
-0.039440, 0.040440, 0.511483
-0.039440, 0.080380, 0.518587
-0.039440, 0.120320, 0.525337
-0.039440, 0.160260, 0.533126
-0.039440, 0.200200, 0.541264
-0.039440, 0.240140, 0.549847
-0.039440, 0.280080, 0.559589
-0.039440, 0.320020, 0.570500
-0.039440, 0.359960, 0.581024
-0.039440, 0.399900, 0.592351
-0.039440, 0.439840, 0.605847
-0.039440, 0.479780, 0.619320
-0.039440, 0.519720, 0.632652
-0.039440, 0.559660, 0.648411
-0.039440, 0.599600, 0.664538
-0.039440, 0.639540, 0.681328
-0.039440, 0.679480, 0.699835
-0.039440, 0.719420, 0.720462
-0.039440, 0.759360, 0.740992
-0.039440, 0.799300, 0.763451
-0.039440, 0.839240, 0.787836
-0.039440, 0.879180, 0.812859
-0.039440, 0.919120, 0.839666
-0.039440, 0.959060, 0.865696
-0.039440, 0.999000, 0.881811
0.000500, -0.998000, 0.451519
0.000500, -0.958060, 0.452234
0.000500, -0.918120, 0.451784
0.000500, -0.878180, 0.452579
0.000500, -0.838240, 0.452446
0.000500, -0.798300, 0.452960
0.000500, -0.758360, 0.452751
0.000500, -0.718420, 0.453140
0.000500, -0.678480, 0.453757
0.000500, -0.638540, 0.454880
0.000500, -0.598600, 0.455632
0.000500, -0.558660, 0.456886
0.000500, -0.518720, 0.458189
0.000500, -0.478780, 0.459067
0.000500, -0.438840, 0.461231
0.000500, -0.398900, 0.463531
0.000500, -0.358960, 0.465288
0.000500, -0.319020, 0.467704
0.000500, -0.279080, 0.470665
0.000500, -0.239140, 0.472890
0.000500, -0.199200, 0.476787
0.000500, -0.159260, 0.480043
0.000500, -0.119320, 0.485198
0.000500, -0.079380, 0.489417
0.000500, -0.039440, 0.494325
0.000500, 0.000500, 0.499984
0.000500, 0.040440, 0.506217
0.000500, 0.080380, 0.512611
0.000500, 0.120320, 0.519505
0.000500, 0.160260, 0.527897
0.000500, 0.200200, 0.536586
0.000500, 0.240140, 0.544577
0.000500, 0.280080, 0.554939
0.000500, 0.320020, 0.566028
0.000500, 0.359960, 0.576468
0.000500, 0.399900, 0.589249
0.000500, 0.439840, 0.602312
0.000500, 0.479780, 0.616235
0.000500, 0.519720, 0.630858
0.000500, 0.559660, 0.646982
0.000500, 0.599600, 0.664192
0.000500, 0.639540, 0.683025
0.000500, 0.679480, 0.702514
0.000500, 0.719420, 0.724157
0.000500, 0.759360, 0.747281
0.000500, 0.799300, 0.773146
0.000500, 0.839240, 0.800502
0.000500, 0.879180, 0.831975
0.000500, 0.919120, 0.866856
0.000500, 0.959060, 0.908678
0.000500, 0.999000, 0.989101
0.040440, -0.998000, 0.449234
0.040440, -0.958060, 0.448510
0.040440, -0.918120, 0.448870
0.040440, -0.878180, 0.448941
0.040440, -0.838240, 0.449112
0.040440, -0.798300, 0.449525
0.040440, -0.758360, 0.449461
0.040440, -0.718420, 0.450571
0.040440, -0.678480, 0.450236
0.040440, -0.638540, 0.450817
0.040440, -0.598600, 0.451297
0.040440, -0.558660, 0.451753
0.040440, -0.518720, 0.453808
0.040440, -0.478780, 0.454716
0.040440, -0.438840, 0.456584
0.040440, -0.398900, 0.458299
0.040440, -0.358960, 0.460197
0.040440, -0.319020, 0.462197
0.040440, -0.279080, 0.464567
0.040440, -0.239140, 0.467618
0.040440, -0.199200, 0.470488
0.040440, -0.159260, 0.474971
0.040440, -0.119320, 0.479234
0.040440, -0.079380, 0.483428
0.040440, -0.039440, 0.488605
0.040440, 0.000500, 0.493796
0.040440, 0.040440, 0.500588
0.040440, 0.080380, 0.506842
0.040440, 0.120320, 0.514141
0.040440, 0.160260, 0.521525
0.040440, 0.200200, 0.530191
0.040440, 0.240140, 0.540019
0.040440, 0.280080, 0.549738
0.040440, 0.320020, 0.560490
0.040440, 0.359960, 0.572628
0.040440, 0.399900, 0.584633
0.040440, 0.439840, 0.597816
0.040440, 0.479780, 0.612192
0.040440, 0.519720, 0.627972
0.040440, 0.559660, 0.644998
0.040440, 0.599600, 0.663315
0.040440, 0.639540, 0.681706
0.040440, 0.679480, 0.703931
0.040440, 0.719420, 0.726437
0.040440, 0.759360, 0.751988
0.040440, 0.799300, 0.779619
0.040440, 0.839240, 0.811150
0.040440, 0.879180, 0.846628
0.040440, 0.919120, 0.887200
0.040440, 0.959060, 0.936701
0.040440, 0.999000, 0.999693
0.080380, -0.958060, 0.445612
0.080380, -0.918120, 0.445931
0.080380, -0.878180, 0.446185
0.080380, -0.838240, 0.445846
0.080380, -0.798300, 0.445692
0.080380, -0.758360, 0.445727
0.080380, -0.718420, 0.446158
0.080380, -0.678480, 0.445877
0.080380, -0.638540, 0.447045
0.080380, -0.598600, 0.446900
0.080380, -0.558660, 0.447751
0.080380, -0.518720, 0.448900
0.080380, -0.478780, 0.450163
0.080380, -0.438840, 0.451470
0.080380, -0.398900, 0.452753
0.080380, -0.358960, 0.454330
0.080380, -0.319020, 0.456481
0.080380, -0.279080, 0.459291
0.080380, -0.239140, 0.461671
0.080380, -0.199200, 0.465048
0.080380, -0.159260, 0.467680
0.080380, -0.119320, 0.472219
0.080380, -0.079380, 0.477118
0.080380, -0.039440, 0.482086
0.080380, 0.000500, 0.486887
0.080380, 0.040440, 0.493686
0.080380, 0.080380, 0.499589
0.080380, 0.120320, 0.507260
0.080380, 0.160260, 0.514831
0.080380, 0.200200, 0.523865
0.080380, 0.240140, 0.533100
0.080380, 0.280080, 0.543140
0.080380, 0.320020, 0.554725
0.080380, 0.359960, 0.566173
0.080380, 0.399900, 0.579792
0.080380, 0.439840, 0.592709
0.080380, 0.479780, 0.608204
0.080380, 0.519720, 0.624325
0.080380, 0.559660, 0.640716
0.080380, 0.599600, 0.660130
0.080380, 0.639540, 0.679935
0.080380, 0.679480, 0.702684
0.080380, 0.719420, 0.726754
0.080380, 0.759360, 0.753618
0.080380, 0.799300, 0.783797
0.080380, 0.839240, 0.817215
0.080380, 0.879180, 0.856095
0.080380, 0.919120, 0.899623
0.080380, 0.959060, 0.949110
0.120320, -0.958060, 0.442679
0.120320, -0.918120, 0.442175
0.120320, -0.878180, 0.442302
0.120320, -0.838240, 0.441708
0.120320, -0.798300, 0.442372
0.120320, -0.758360, 0.441814
0.120320, -0.718420, 0.441650
0.120320, -0.678480, 0.441785
0.120320, -0.638540, 0.442304
0.120320, -0.598600, 0.442299
0.120320, -0.558660, 0.443056
0.120320, -0.518720, 0.443792
0.120320, -0.478780, 0.444880
0.120320, -0.438840, 0.445407
0.120320, -0.398900, 0.447082
0.120320, -0.358960, 0.448901
0.120320, -0.319020, 0.451018
0.120320, -0.279080, 0.452777
0.120320, -0.239140, 0.455250
0.120320, -0.199200, 0.458277
0.120320, -0.159260, 0.461349
0.120320, -0.119320, 0.465551
0.120320, -0.079380, 0.469342
0.120320, -0.039440, 0.474084
0.120320, 0.000500, 0.480951
0.120320, 0.040440, 0.485889
0.120320, 0.080380, 0.492707
0.120320, 0.120320, 0.499656
0.120320, 0.160260, 0.508091
0.120320, 0.200200, 0.516605
0.120320, 0.240140, 0.526767
0.120320, 0.280080, 0.536865
0.120320, 0.320020, 0.548174
0.120320, 0.359960, 0.559975
0.120320, 0.399900, 0.573390
0.120320, 0.439840, 0.586807
0.120320, 0.479780, 0.601409
0.120320, 0.519720, 0.618371
0.120320, 0.559660, 0.636026
0.120320, 0.599600, 0.655087
0.120320, 0.639540, 0.676182
0.120320, 0.679480, 0.699136
0.120320, 0.719420, 0.723966
0.120320, 0.759360, 0.752179
0.120320, 0.799300, 0.784111
0.120320, 0.839240, 0.819280
0.120320, 0.879180, 0.860185
0.120320, 0.919120, 0.906164
0.120320, 0.959060, 0.956345
0.160260, -0.958060, 0.439625
0.160260, -0.918120, 0.439144
0.160260, -0.878180, 0.439119
0.160260, -0.838240, 0.438266
0.160260, -0.798300, 0.438512
0.160260, -0.758360, 0.438280
0.160260, -0.718420, 0.438095
0.160260, -0.678480, 0.437918
0.160260, -0.638540, 0.437494
0.160260, -0.598600, 0.437820
0.160260, -0.558660, 0.438581
0.160260, -0.518720, 0.439511
0.160260, -0.478780, 0.439617
0.160260, -0.438840, 0.440143
0.160260, -0.398900, 0.441387
0.160260, -0.358960, 0.442987
0.160260, -0.319020, 0.444414
0.160260, -0.279080, 0.446490
0.160260, -0.239140, 0.448853
0.160260, -0.199200, 0.451867
0.160260, -0.159260, 0.454496
0.160260, -0.119320, 0.458785
0.160260, -0.079380, 0.462367
0.160260, -0.039440, 0.467192
0.160260, 0.000500, 0.472354
0.160260, 0.040440, 0.478492
0.160260, 0.080380, 0.484881
0.160260, 0.120320, 0.492808
0.160260, 0.160260, 0.500913
0.160260, 0.200200, 0.509233
0.160260, 0.240140, 0.518377
0.160260, 0.280080, 0.528932
0.160260, 0.320020, 0.540185
0.160260, 0.359960, 0.552080
0.160260, 0.399900, 0.565982
0.160260, 0.439840, 0.579971
0.160260, 0.479780, 0.594711
0.160260, 0.519720, 0.612219
0.160260, 0.559660, 0.629819
0.160260, 0.599600, 0.649175
0.160260, 0.639540, 0.670610
0.160260, 0.679480, 0.693654
0.160260, 0.719420, 0.718998
0.160260, 0.759360, 0.747545
0.160260, 0.799300, 0.779916
0.160260, 0.839240, 0.816813
0.160260, 0.879180, 0.858947
0.160260, 0.919120, 0.908086
0.160260, 0.959060, 0.961789
0.200200, -0.958060, 0.436389
0.200200, -0.918120, 0.435990
0.200200, -0.878180, 0.436217
0.200200, -0.838240, 0.435113
0.200200, -0.798300, 0.434682
0.200200, -0.758360, 0.433531
0.200200, -0.718420, 0.434079
0.200200, -0.678480, 0.433505
0.200200, -0.638540, 0.434029
0.200200, -0.598600, 0.432952
0.200200, -0.558660, 0.433337
0.200200, -0.518720, 0.434100
0.200200, -0.478780, 0.434113
0.200200, -0.438840, 0.434173
0.200200, -0.398900, 0.435151
0.200200, -0.358960, 0.436385
0.200200, -0.319020, 0.438117
0.200200, -0.279080, 0.439810
0.200200, -0.239140, 0.441476
0.200200, -0.199200, 0.443787
0.200200, -0.159260, 0.447119
0.200200, -0.119320, 0.450189
0.200200, -0.079380, 0.454127
0.200200, -0.039440, 0.459043
0.200200, 0.000500, 0.464178
0.200200, 0.040440, 0.469361
0.200200, 0.080380, 0.476282
0.200200, 0.120320, 0.483287
0.200200, 0.160260, 0.490792
0.200200, 0.200200, 0.500183
0.200200, 0.240140, 0.509285
0.200200, 0.280080, 0.520836
0.200200, 0.320020, 0.531199
0.200200, 0.359960, 0.543507
0.200200, 0.399900, 0.557582
0.200200, 0.439840, 0.571513
0.200200, 0.479780, 0.587680
0.200200, 0.519720, 0.603197
0.200200, 0.559660, 0.621326
0.200200, 0.599600, 0.641175
0.200200, 0.639540, 0.661843
0.200200, 0.679480, 0.685850
0.200200, 0.719420, 0.711227
0.200200, 0.759360, 0.739639
0.200200, 0.799300, 0.771663
0.200200, 0.839240, 0.808449
0.200200, 0.879180, 0.851287
0.200200, 0.919120, 0.904043
0.200200, 0.959060, 0.966433
0.240140, -0.958060, 0.433898
0.240140, -0.918120, 0.432776
0.240140, -0.878180, 0.432265
0.240140, -0.838240, 0.431768
0.240140, -0.798300, 0.430749
0.240140, -0.758360, 0.429890
0.240140, -0.718420, 0.429728
0.240140, -0.678480, 0.429243
0.240140, -0.638540, 0.428383
0.240140, -0.598600, 0.428145
0.240140, -0.558660, 0.428342
0.240140, -0.518720, 0.428092
0.240140, -0.478780, 0.428420
0.240140, -0.438840, 0.429291
0.240140, -0.398900, 0.429410
0.240140, -0.358960, 0.429463
0.240140, -0.319020, 0.430579
0.240140, -0.279080, 0.431707
0.240140, -0.239140, 0.433516
0.240140, -0.199200, 0.436089
0.240140, -0.159260, 0.439017
0.240140, -0.119320, 0.441641
0.240140, -0.079380, 0.445082
0.240140, -0.039440, 0.449154
0.240140, 0.000500, 0.454860
0.240140, 0.040440, 0.459550
0.240140, 0.080380, 0.466892
0.240140, 0.120320, 0.473938
0.240140, 0.160260, 0.482009
0.240140, 0.200200, 0.490279
0.240140, 0.240140, 0.499800
0.240140, 0.280080, 0.510430
0.240140, 0.320020, 0.521714
0.240140, 0.359960, 0.534916
0.240140, 0.399900, 0.548044
0.240140, 0.439840, 0.562414
0.240140, 0.479780, 0.577827
0.240140, 0.519720, 0.594856
0.240140, 0.559660, 0.612400
0.240140, 0.599600, 0.631539
0.240140, 0.639540, 0.652739
0.240140, 0.679480, 0.675499
0.240140, 0.719420, 0.700111
0.240140, 0.759360, 0.728035
0.240140, 0.799300, 0.758195
0.240140, 0.839240, 0.792987
0.240140, 0.879180, 0.834670
0.240140, 0.919120, 0.886668
0.240140, 0.959060, 0.968571
0.280080, -0.958060, 0.429852
0.280080, -0.918120, 0.429039
0.280080, -0.878180, 0.428950
0.280080, -0.838240, 0.428381
0.280080, -0.798300, 0.426808
0.280080, -0.758360, 0.426455
0.280080, -0.718420, 0.425242
0.280080, -0.678480, 0.424133
0.280080, -0.638540, 0.423535
0.280080, -0.598600, 0.424131
0.280080, -0.558660, 0.422848
0.280080, -0.518720, 0.422686
0.280080, -0.478780, 0.422983
0.280080, -0.438840, 0.422072
0.280080, -0.398900, 0.422842
0.280080, -0.358960, 0.423201
0.280080, -0.319020, 0.423528
0.280080, -0.279080, 0.424591
0.280080, -0.239140, 0.425499
0.280080, -0.199200, 0.427122
0.280080, -0.159260, 0.430099
0.280080, -0.119320, 0.432863
0.280080, -0.079380, 0.436204
0.280080, -0.039440, 0.439943
0.280080, 0.000500, 0.445139
0.280080, 0.040440, 0.450081
0.280080, 0.080380, 0.457147
0.280080, 0.120320, 0.463601
0.280080, 0.160260, 0.471022
0.280080, 0.200200, 0.480253
0.280080, 0.240140, 0.490192
0.280080, 0.280080, 0.499546
0.280080, 0.320020, 0.511195
0.280080, 0.359960, 0.523484
0.280080, 0.399900, 0.536929
0.280080, 0.439840, 0.551482
0.280080, 0.479780, 0.567897
0.280080, 0.519720, 0.583939
0.280080, 0.559660, 0.601823
0.280080, 0.599600, 0.620974
0.280080, 0.639540, 0.640686
0.280080, 0.679480, 0.662967
0.280080, 0.719420, 0.686583
0.280080, 0.759360, 0.713097
0.280080, 0.799300, 0.741205
0.280080, 0.839240, 0.772233
0.280080, 0.879180, 0.807833
0.280080, 0.919120, 0.848727
0.280080, 0.959060, 0.891381
0.320020, -0.918120, 0.425950
0.320020, -0.878180, 0.425054
0.320020, -0.838240, 0.424742
0.320020, -0.798300, 0.423329
0.320020, -0.758360, 0.421820
0.320020, -0.718420, 0.421323
0.320020, -0.678480, 0.420610
0.320020, -0.638540, 0.419113
0.320020, -0.598600, 0.418091
0.320020, -0.558660, 0.417402
0.320020, -0.518720, 0.417139
0.320020, -0.478780, 0.416594
0.320020, -0.438840, 0.416267
0.320020, -0.398900, 0.415742
0.320020, -0.358960, 0.415862
0.320020, -0.319020, 0.415831
0.320020, -0.279080, 0.416918
0.320020, -0.239140, 0.417281
0.320020, -0.199200, 0.419259
0.320020, -0.159260, 0.420868
0.320020, -0.119320, 0.423292
0.320020, -0.079380, 0.425766
0.320020, -0.039440, 0.429909
0.320020, 0.000500, 0.434178
0.320020, 0.040440, 0.439744
0.320020, 0.080380, 0.445269
0.320020, 0.120320, 0.451982
0.320020, 0.160260, 0.459808
0.320020, 0.200200, 0.468253
0.320020, 0.240140, 0.477474
0.320020, 0.280080, 0.488412
0.320020, 0.320020, 0.499200
0.320020, 0.359960, 0.512236
0.320020, 0.399900, 0.525796
0.320020, 0.439840, 0.541093
0.320020, 0.479780, 0.555751
0.320020, 0.519720, 0.571992
0.320020, 0.559660, 0.589177
0.320020, 0.599600, 0.608203
0.320020, 0.639540, 0.627400
0.320020, 0.679480, 0.648492
0.320020, 0.719420, 0.671472
0.320020, 0.759360, 0.695421
0.320020, 0.799300, 0.720313
0.320020, 0.839240, 0.747632
0.320020, 0.879180, 0.775756
0.320020, 0.919120, 0.802840
0.359960, -0.918120, 0.423328
0.359960, -0.878180, 0.422044
0.359960, -0.838240, 0.420362
0.359960, -0.798300, 0.418970
0.359960, -0.758360, 0.418202
0.359960, -0.718420, 0.416610
0.359960, -0.678480, 0.414872
0.359960, -0.638540, 0.414479
0.359960, -0.598600, 0.413202
0.359960, -0.558660, 0.411506
0.359960, -0.518720, 0.410905
0.359960, -0.478780, 0.411009
0.359960, -0.438840, 0.408874
0.359960, -0.398900, 0.408715
0.359960, -0.358960, 0.408766
0.359960, -0.319020, 0.407700
0.359960, -0.279080, 0.408074
0.359960, -0.239140, 0.408818
0.359960, -0.199200, 0.410194
0.359960, -0.159260, 0.411377
0.359960, -0.119320, 0.412754
0.359960, -0.079380, 0.415478
0.359960, -0.039440, 0.418761
0.359960, 0.000500, 0.423411
0.359960, 0.040440, 0.427594
0.359960, 0.080380, 0.433413
0.359960, 0.120320, 0.439560
0.359960, 0.160260, 0.447379
0.359960, 0.200200, 0.456351
0.359960, 0.240140, 0.465870
0.359960, 0.280080, 0.476358
0.359960, 0.320020, 0.487389
0.359960, 0.359960, 0.500250
0.359960, 0.399900, 0.513571
0.359960, 0.439840, 0.527781
0.359960, 0.479780, 0.542791
0.359960, 0.519720, 0.559062
0.359960, 0.559660, 0.576910
0.359960, 0.599600, 0.594010
0.359960, 0.639540, 0.613214
0.359960, 0.679480, 0.633142
0.359960, 0.719420, 0.654805
0.359960, 0.759360, 0.676198
0.359960, 0.799300, 0.698317
0.359960, 0.839240, 0.721497
0.359960, 0.879180, 0.743205
0.359960, 0.919120, 0.762946
0.399900, -0.878180, 0.417981
0.399900, -0.838240, 0.416830
0.399900, -0.798300, 0.415141
0.399900, -0.758360, 0.413697
0.399900, -0.718420, 0.412192
0.399900, -0.678480, 0.411236
0.399900, -0.638540, 0.409544
0.399900, -0.598600, 0.408120
0.399900, -0.558660, 0.406711
0.399900, -0.518720, 0.405474
0.399900, -0.478780, 0.403467
0.399900, -0.438840, 0.402758
0.399900, -0.398900, 0.401351
0.399900, -0.358960, 0.400417
0.399900, -0.319020, 0.400144
0.399900, -0.279080, 0.399297
0.399900, -0.239140, 0.400218
0.399900, -0.199200, 0.400203
0.399900, -0.159260, 0.400683
0.399900, -0.119320, 0.402263
0.399900, -0.079380, 0.404428
0.399900, -0.039440, 0.406792
0.399900, 0.000500, 0.410214
0.399900, 0.040440, 0.415472
0.399900, 0.080380, 0.420126
0.399900, 0.120320, 0.426859
0.399900, 0.160260, 0.434356
0.399900, 0.200200, 0.443002
0.399900, 0.240140, 0.452371
0.399900, 0.280080, 0.462805
0.399900, 0.320020, 0.473733
0.399900, 0.359960, 0.486181
0.399900, 0.399900, 0.499898
0.399900, 0.439840, 0.513987
0.399900, 0.479780, 0.529685
0.399900, 0.519720, 0.545936
0.399900, 0.559660, 0.562148
0.399900, 0.599600, 0.579839
0.399900, 0.639540, 0.598455
0.399900, 0.679480, 0.616984
0.399900, 0.719420, 0.636671
0.399900, 0.759360, 0.655698
0.399900, 0.799300, 0.675966
0.399900, 0.839240, 0.695873
0.399900, 0.879180, 0.713930
0.439840, -0.878180, 0.414812
0.439840, -0.838240, 0.413190
0.439840, -0.798300, 0.411637
0.439840, -0.758360, 0.409621
0.439840, -0.718420, 0.407755
0.439840, -0.678480, 0.405509
0.439840, -0.638540, 0.405043
0.439840, -0.598600, 0.402197
0.439840, -0.558660, 0.400806
0.439840, -0.518720, 0.399030
0.439840, -0.478780, 0.397592
0.439840, -0.438840, 0.396088
0.439840, -0.398900, 0.394155
0.439840, -0.358960, 0.393000
0.439840, -0.319020, 0.391345
0.439840, -0.279080, 0.390694
0.439840, -0.239140, 0.390432
0.439840, -0.199200, 0.390002
0.439840, -0.159260, 0.389757
0.439840, -0.119320, 0.390687
0.439840, -0.079380, 0.392472
0.439840, -0.039440, 0.394487
0.439840, 0.000500, 0.398055
0.439840, 0.040440, 0.401966
0.439840, 0.080380, 0.406579
0.439840, 0.120320, 0.413509
0.439840, 0.160260, 0.419968
0.439840, 0.200200, 0.428248
0.439840, 0.240140, 0.438330
0.439840, 0.280080, 0.447898
0.439840, 0.320020, 0.459744
0.439840, 0.359960, 0.472760
0.439840, 0.399900, 0.485453
0.439840, 0.439840, 0.499931
0.439840, 0.479780, 0.515397
0.439840, 0.519720, 0.531209
0.439840, 0.559660, 0.547444
0.439840, 0.599600, 0.564437
0.439840, 0.639540, 0.581570
0.439840, 0.679480, 0.599892
0.439840, 0.719420, 0.618151
0.439840, 0.759360, 0.636690
0.439840, 0.799300, 0.654317
0.439840, 0.839240, 0.671187
0.439840, 0.879180, 0.686548
0.479780, -0.838240, 0.410112
0.479780, -0.798300, 0.407629
0.479780, -0.758360, 0.405438
0.479780, -0.718420, 0.402923
0.479780, -0.678480, 0.400769
0.479780, -0.638540, 0.399435
0.479780, -0.598600, 0.396800
0.479780, -0.558660, 0.395486
0.479780, -0.518720, 0.392767
0.479780, -0.478780, 0.390428
0.479780, -0.438840, 0.388692
0.479780, -0.398900, 0.385870
0.479780, -0.358960, 0.384735
0.479780, -0.319020, 0.383138
0.479780, -0.279080, 0.381610
0.479780, -0.239140, 0.379766
0.479780, -0.199200, 0.379274
0.479780, -0.159260, 0.378869
0.479780, -0.119320, 0.378847
0.479780, -0.079380, 0.379946
0.479780, -0.039440, 0.381160
0.479780, 0.000500, 0.384095
0.479780, 0.040440, 0.387342
0.479780, 0.080380, 0.392349
0.479780, 0.120320, 0.397553
0.479780, 0.160260, 0.404780
0.479780, 0.200200, 0.412930
0.479780, 0.240140, 0.421822
0.479780, 0.280080, 0.432389
0.479780, 0.320020, 0.444013
0.479780, 0.359960, 0.456332
0.479780, 0.399900, 0.470792
0.479780, 0.439840, 0.484756
0.479780, 0.479780, 0.500675
0.479780, 0.519720, 0.515570
0.479780, 0.559660, 0.532204
0.479780, 0.599600, 0.548757
0.479780, 0.639540, 0.565313
0.479780, 0.679480, 0.582623
0.479780, 0.719420, 0.599347
0.479780, 0.759360, 0.616912
0.479780, 0.799300, 0.633243
0.479780, 0.839240, 0.648767
0.519720, -0.838240, 0.405327
0.519720, -0.798300, 0.403411
0.519720, -0.758360, 0.400904
0.519720, -0.718420, 0.398584
0.519720, -0.678480, 0.396128
0.519720, -0.638540, 0.394418
0.519720, -0.598600, 0.391979
0.519720, -0.558660, 0.389391
0.519720, -0.518720, 0.386431
0.519720, -0.478780, 0.384028
0.519720, -0.438840, 0.381078
0.519720, -0.398900, 0.378730
0.519720, -0.358960, 0.376717
0.519720, -0.319020, 0.373603
0.519720, -0.279080, 0.371467
0.519720, -0.239140, 0.369176
0.519720, -0.199200, 0.367677
0.519720, -0.159260, 0.366435
0.519720, -0.119320, 0.366282
0.519720, -0.079380, 0.366170
0.519720, -0.039440, 0.367878
0.519720, 0.000500, 0.368897
0.519720, 0.040440, 0.372353
0.519720, 0.080380, 0.376246
0.519720, 0.120320, 0.380927
0.519720, 0.160260, 0.388507
0.519720, 0.200200, 0.396406
0.519720, 0.240140, 0.405663
0.519720, 0.280080, 0.416406
0.519720, 0.320020, 0.428048
0.519720, 0.359960, 0.441208
0.519720, 0.399900, 0.455008
0.519720, 0.439840, 0.468622
0.519720, 0.479780, 0.484369
0.519720, 0.519720, 0.499612
0.519720, 0.559660, 0.515751
0.519720, 0.599600, 0.531805
0.519720, 0.639540, 0.548877
0.519720, 0.679480, 0.565552
0.519720, 0.719420, 0.581590
0.519720, 0.759360, 0.597167
0.519720, 0.799300, 0.612165
0.519720, 0.839240, 0.626933
0.559660, -0.798300, 0.400161
0.559660, -0.758360, 0.397245
0.559660, -0.718420, 0.395036
0.559660, -0.678480, 0.391829
0.559660, -0.638540, 0.389558
0.559660, -0.598600, 0.386998
0.559660, -0.558660, 0.383813
0.559660, -0.518720, 0.380613
0.559660, -0.478780, 0.377424
0.559660, -0.438840, 0.374637
0.559660, -0.398900, 0.371264
0.559660, -0.358960, 0.367936
0.559660, -0.319020, 0.364834
0.559660, -0.279080, 0.362139
0.559660, -0.239140, 0.358487
0.559660, -0.199200, 0.356624
0.559660, -0.159260, 0.353994
0.559660, -0.119320, 0.352640
0.559660, -0.079380, 0.351878
0.559660, -0.039440, 0.352358
0.559660, 0.000500, 0.352551
0.559660, 0.040440, 0.355277
0.559660, 0.080380, 0.359391
0.559660, 0.120320, 0.363813
0.559660, 0.160260, 0.369722
0.559660, 0.200200, 0.377736
0.559660, 0.240140, 0.388083
0.559660, 0.280080, 0.398774
0.559660, 0.320020, 0.411355
0.559660, 0.359960, 0.423176
0.559660, 0.399900, 0.437373
0.559660, 0.439840, 0.452782
0.559660, 0.479780, 0.467717
0.559660, 0.519720, 0.484114
0.559660, 0.559660, 0.499261
0.559660, 0.599600, 0.516057
0.559660, 0.639540, 0.532402
0.559660, 0.679480, 0.549107
0.559660, 0.719420, 0.564016
0.559660, 0.759360, 0.578693
0.559660, 0.799300, 0.593325
0.599600, -0.798300, 0.396412
0.599600, -0.758360, 0.393657
0.599600, -0.718420, 0.391304
0.599600, -0.678480, 0.387926
0.599600, -0.638540, 0.384889
0.599600, -0.598600, 0.381876
0.599600, -0.558660, 0.378140
0.599600, -0.518720, 0.374987
0.599600, -0.478780, 0.370927
0.599600, -0.438840, 0.367213
0.599600, -0.398900, 0.363020
0.599600, -0.358960, 0.359632
0.599600, -0.319020, 0.355312
0.599600, -0.279080, 0.351986
0.599600, -0.239140, 0.347673
0.599600, -0.199200, 0.344733
0.599600, -0.159260, 0.341003
0.599600, -0.119320, 0.338423
0.599600, -0.079380, 0.336896
0.599600, -0.039440, 0.335459
0.599600, 0.000500, 0.336132
0.599600, 0.040440, 0.337731
0.599600, 0.080380, 0.340446
0.599600, 0.120320, 0.344673
0.599600, 0.160260, 0.351409
0.599600, 0.200200, 0.358552
0.599600, 0.240140, 0.367695
0.599600, 0.280080, 0.379057
0.599600, 0.320020, 0.390906
0.599600, 0.359960, 0.405849
0.599600, 0.399900, 0.420628
0.599600, 0.439840, 0.435906
0.599600, 0.479780, 0.450889
0.599600, 0.519720, 0.467097
0.599600, 0.559660, 0.483610
0.599600, 0.599600, 0.499573
0.599600, 0.639540, 0.515699
0.599600, 0.679480, 0.531730
0.599600, 0.719420, 0.546839
0.599600, 0.759360, 0.561069
0.599600, 0.799300, 0.575714
0.639540, -0.758360, 0.389908
0.639540, -0.718420, 0.386987
0.639540, -0.678480, 0.383795
0.639540, -0.638540, 0.379700
0.639540, -0.598600, 0.376315
0.639540, -0.558660, 0.372376
0.639540, -0.518720, 0.368401
0.639540, -0.478780, 0.364489
0.639540, -0.438840, 0.359790
0.639540, -0.398900, 0.355906
0.639540, -0.358960, 0.350644
0.639540, -0.319020, 0.346360
0.639540, -0.279080, 0.341767
0.639540, -0.239140, 0.336583
0.639540, -0.199200, 0.332761
0.639540, -0.159260, 0.327744
0.639540, -0.119320, 0.323765
0.639540, -0.079380, 0.321193
0.639540, -0.039440, 0.318218
0.639540, 0.000500, 0.317447
0.639540, 0.040440, 0.317211
0.639540, 0.080380, 0.319440
0.639540, 0.120320, 0.323324
0.639540, 0.160260, 0.329756
0.639540, 0.200200, 0.337565
0.639540, 0.240140, 0.347229
0.639540, 0.280080, 0.358653
0.639540, 0.320020, 0.371705
0.639540, 0.359960, 0.386797
0.639540, 0.399900, 0.401980
0.639540, 0.439840, 0.418388
0.639540, 0.479780, 0.434004
0.639540, 0.519720, 0.450839
0.639540, 0.559660, 0.467003
0.639540, 0.599600, 0.483892
0.639540, 0.639540, 0.499760
0.639540, 0.679480, 0.515817
0.639540, 0.719420, 0.530816
0.639540, 0.759360, 0.544554
0.679480, -0.718420, 0.382702
0.679480, -0.678480, 0.379391
0.679480, -0.638540, 0.375630
0.679480, -0.598600, 0.371448
0.679480, -0.558660, 0.367608
0.679480, -0.518720, 0.362607
0.679480, -0.478780, 0.358056
0.679480, -0.438840, 0.352725
0.679480, -0.398900, 0.348376
0.679480, -0.358960, 0.342281
0.679480, -0.319020, 0.337382
0.679480, -0.279080, 0.330789
0.679480, -0.239140, 0.325156
0.679480, -0.199200, 0.319601
0.679480, -0.159260, 0.313564
0.679480, -0.119320, 0.309148
0.679480, -0.079380, 0.303357
0.679480, -0.039440, 0.299908
0.679480, 0.000500, 0.297242
0.679480, 0.040440, 0.296544
0.679480, 0.080380, 0.297390
0.679480, 0.120320, 0.301021
0.679480, 0.160260, 0.306687
0.679480, 0.200200, 0.314538
0.679480, 0.240140, 0.324401
0.679480, 0.280080, 0.336406
0.679480, 0.320020, 0.351285
0.679480, 0.359960, 0.367081
0.679480, 0.399900, 0.383158
0.679480, 0.439840, 0.400404
0.679480, 0.479780, 0.417074
0.679480, 0.519720, 0.434552
0.679480, 0.559660, 0.451420
0.679480, 0.599600, 0.468546
0.679480, 0.639540, 0.484259
0.679480, 0.679480, 0.499886
0.679480, 0.719420, 0.515165
0.719420, -0.678480, 0.374634
0.719420, -0.638540, 0.371026
0.719420, -0.598600, 0.366836
0.719420, -0.558660, 0.362410
0.719420, -0.518720, 0.357487
0.719420, -0.478780, 0.351879
0.719420, -0.438840, 0.346828
0.719420, -0.398900, 0.340751
0.719420, -0.358960, 0.333912
0.719420, -0.319020, 0.327818
0.719420, -0.279080, 0.321595
0.719420, -0.239140, 0.314527
0.719420, -0.199200, 0.306444
0.719420, -0.159260, 0.299275
0.719420, -0.119320, 0.292512
0.719420, -0.079380, 0.285447
0.719420, -0.039440, 0.280400
0.719420, 0.000500, 0.275926
0.719420, 0.040440, 0.272692
0.719420, 0.080380, 0.273402
0.719420, 0.120320, 0.275619
0.719420, 0.160260, 0.280796
0.719420, 0.200200, 0.289251
0.719420, 0.240140, 0.299739
0.719420, 0.280080, 0.313605
0.719420, 0.320020, 0.328670
0.719420, 0.359960, 0.345722
0.719420, 0.399900, 0.363716
0.719420, 0.439840, 0.382061
0.719420, 0.479780, 0.400644
0.719420, 0.519720, 0.418948
0.719420, 0.559660, 0.435997
0.719420, 0.599600, 0.452588
0.719420, 0.639540, 0.469437
0.719420, 0.679480, 0.484813
0.759360, -0.638540, 0.366931
0.759360, -0.598600, 0.362083
0.759360, -0.558660, 0.357620
0.759360, -0.518720, 0.352411
0.759360, -0.478780, 0.346014
0.759360, -0.438840, 0.340818
0.759360, -0.398900, 0.333452
0.759360, -0.358960, 0.326550
0.759360, -0.319020, 0.318915
0.759360, -0.279080, 0.311992
0.759360, -0.239140, 0.302452
0.759360, -0.199200, 0.293956
0.759360, -0.159260, 0.285498
0.759360, -0.119320, 0.275762
0.759360, -0.079380, 0.268058
0.759360, -0.039440, 0.259159
0.759360, 0.000500, 0.253329
0.759360, 0.040440, 0.248115
0.759360, 0.080380, 0.245897
0.759360, 0.120320, 0.247256
0.759360, 0.160260, 0.251684
0.759360, 0.200200, 0.260560
0.759360, 0.240140, 0.272758
0.759360, 0.280080, 0.286928
0.759360, 0.320020, 0.305120
0.759360, 0.359960, 0.323514
0.759360, 0.399900, 0.343857
0.759360, 0.439840, 0.364355
0.759360, 0.479780, 0.384038
0.759360, 0.519720, 0.402238
0.759360, 0.559660, 0.420654
0.759360, 0.599600, 0.438968
0.759360, 0.639540, 0.455197
0.799300, -0.598600, 0.358445
0.799300, -0.558660, 0.353126
0.799300, -0.518720, 0.347305
0.799300, -0.478780, 0.341042
0.799300, -0.438840, 0.334821
0.799300, -0.398900, 0.327212
0.799300, -0.358960, 0.319726
0.799300, -0.319020, 0.310511
0.799300, -0.279080, 0.301808
0.799300, -0.239140, 0.292574
0.799300, -0.199200, 0.281560
0.799300, -0.159260, 0.270459
0.799300, -0.119320, 0.258996
0.799300, -0.079380, 0.247417
0.799300, -0.039440, 0.236301
0.799300, 0.000500, 0.227213
0.799300, 0.040440, 0.219890
0.799300, 0.080380, 0.216320
0.799300, 0.120320, 0.216436
0.799300, 0.160260, 0.219504
0.799300, 0.200200, 0.229082
0.799300, 0.240140, 0.241989
0.799300, 0.280080, 0.259013
0.799300, 0.320020, 0.279467
0.799300, 0.359960, 0.301399
0.799300, 0.399900, 0.324358
0.799300, 0.439840, 0.346081
0.799300, 0.479780, 0.367510
0.799300, 0.519720, 0.386953
0.799300, 0.559660, 0.406528
0.799300, 0.599600, 0.424188
0.839240, -0.518720, 0.342826
0.839240, -0.478780, 0.336432
0.839240, -0.438840, 0.329585
0.839240, -0.398900, 0.321559
0.839240, -0.358960, 0.312387
0.839240, -0.319020, 0.303588
0.839240, -0.279080, 0.293596
0.839240, -0.239140, 0.282959
0.839240, -0.199200, 0.270186
0.839240, -0.159260, 0.257164
0.839240, -0.119320, 0.242095
0.839240, -0.079380, 0.227527
0.839240, -0.039440, 0.212429
0.839240, 0.000500, 0.199097
0.839240, 0.040440, 0.188767
0.839240, 0.080380, 0.182360
0.839240, 0.120320, 0.180543
0.839240, 0.160260, 0.183708
0.839240, 0.200200, 0.191461
0.839240, 0.240140, 0.207117
0.839240, 0.280080, 0.227467
0.839240, 0.320020, 0.252762
0.839240, 0.359960, 0.278602
0.839240, 0.399900, 0.305074
0.839240, 0.439840, 0.329162
0.839240, 0.479780, 0.351623
0.839240, 0.519720, 0.373465
0.879180, -0.438840, 0.324896
0.879180, -0.398900, 0.315962
0.879180, -0.358960, 0.307258
0.879180, -0.319020, 0.296702
0.879180, -0.279080, 0.285840
0.879180, -0.239140, 0.273031
0.879180, -0.199200, 0.258975
0.879180, -0.159260, 0.243802
0.879180, -0.119320, 0.226257
0.879180, -0.079380, 0.207227
0.879180, -0.039440, 0.187452
0.879180, 0.000500, 0.168261
0.879180, 0.040440, 0.153816
0.879180, 0.080380, 0.143841
0.879180, 0.120320, 0.139758
0.879180, 0.160260, 0.140555
0.879180, 0.200200, 0.149104
0.879180, 0.240140, 0.165474
0.879180, 0.280080, 0.192048
0.879180, 0.320020, 0.223929
0.879180, 0.359960, 0.256564
0.879180, 0.399900, 0.286374
0.879180, 0.439840, 0.313744
0.919120, -0.358960, 0.301880
0.919120, -0.319020, 0.291466
0.919120, -0.279080, 0.279178
0.919120, -0.239140, 0.265741
0.919120, -0.199200, 0.249958
0.919120, -0.159260, 0.232385
0.919120, -0.119320, 0.211468
0.919120, -0.079380, 0.187118
0.919120, -0.039440, 0.160548
0.919120, 0.000500, 0.133846
0.919120, 0.040440, 0.113442
0.919120, 0.080380, 0.100307
0.919120, 0.120320, 0.093942
0.919120, 0.160260, 0.092264
0.919120, 0.200200, 0.096280
0.919120, 0.240140, 0.112793
0.919120, 0.280080, 0.151094
0.919120, 0.320020, 0.196860
0.919120, 0.359960, 0.237331
0.959060, -0.279080, 0.273778
0.959060, -0.239140, 0.260216
0.959060, -0.199200, 0.243695
0.959060, -0.159260, 0.224456
0.959060, -0.119320, 0.200852
0.959060, -0.079380, 0.171387
0.959060, -0.039440, 0.134125
0.959060, 0.000500, 0.091514
0.959060, 0.040440, 0.063269
0.959060, 0.080380, 0.050823
0.959060, 0.120320, 0.043563
0.959060, 0.160260, 0.038500
0.959060, 0.200200, 0.033996
0.959060, 0.240140, 0.031429
0.959060, 0.280080, 0.108206
0.999000, -0.039440, 0.118488
0.999000, 0.000500, 0.010776
0.999000, 0.040440, 0.000317
0.980000, 0.000000, 0.062934
0.978066, 0.061535, 0.029180
0.972272, 0.122827, 0.026108
0.962642, 0.183634, 0.030420
0.949211, 0.243716, 0.058420
0.932035, 0.302837, 0.167873
0.911181, 0.360762, 0.241395
0.886731, 0.417264, 0.295648
0.858781, 0.472119, 0.340076
0.827441, 0.525110, 0.379933
0.792837, 0.576030, 0.416655
0.755103, 0.624676, 0.451137
0.714389, 0.670856, 0.483274
0.670856, 0.714389, 0.516666
0.624676, 0.755103, 0.549532
0.576030, 0.792837, 0.583877
0.525110, 0.827441, 0.619633
0.472119, 0.858781, 0.659165
0.417264, 0.886731, 0.704702
0.360762, 0.911181, 0.758781
0.302837, 0.932035, 0.832900
0.243716, 0.949211, 0.941701
0.183634, 0.962642, 0.969925
0.122827, 0.972272, 0.973874
0.061535, 0.978066, 0.970871
-0.061535, 0.978066, 0.850466
-0.122827, 0.972272, 0.799747
-0.183634, 0.962642, 0.764280
-0.243716, 0.949211, 0.737170
-0.302837, 0.932035, 0.715029
-0.360762, 0.911181, 0.696379
-0.417264, 0.886731, 0.680597
-0.472119, 0.858781, 0.667160
-0.525110, 0.827441, 0.654819
-0.576030, 0.792837, 0.643473
-0.624676, 0.755103, 0.634540
-0.670856, 0.714389, 0.625471
-0.714389, 0.670856, 0.616844
-0.755103, 0.624676, 0.608355
-0.792837, 0.576030, 0.601536
-0.827441, 0.525110, 0.595534
-0.858781, 0.472119, 0.588391
-0.886731, 0.417264, 0.583654
-0.911181, 0.360762, 0.576519
-0.932035, 0.302837, 0.572001
-0.949211, 0.243716, 0.566703
-0.962642, 0.183634, 0.562660
-0.972272, 0.122827, 0.557061
-0.978066, 0.061535, 0.553428
-0.980000, 0.000000, 0.548442
-0.978066, -0.061535, 0.544079
-0.972272, -0.122827, 0.539278
-0.962642, -0.183634, 0.535970
-0.949211, -0.243716, 0.531940
-0.932035, -0.302837, 0.527857
-0.911181, -0.360762, 0.523941
-0.886731, -0.417264, 0.520276
-0.858781, -0.472119, 0.516869
-0.827441, -0.525110, 0.512566
-0.792837, -0.576030, 0.509254
-0.755103, -0.624676, 0.505945
-0.714389, -0.670856, 0.501857
-0.670856, -0.714389, 0.498505
-0.624676, -0.755103, 0.493933
-0.576030, -0.792837, 0.490303
-0.525110, -0.827441, 0.486900
-0.472119, -0.858781, 0.483518
-0.417264, -0.886731, 0.479660
-0.360762, -0.911181, 0.475616
-0.302837, -0.932035, 0.471911
-0.243716, -0.949211, 0.468429
-0.183634, -0.962642, 0.464704
-0.122827, -0.972272, 0.460294
-0.061535, -0.978066, 0.456237
0.061535, -0.978066, 0.446681
0.122827, -0.972272, 0.442552
0.183634, -0.962642, 0.437766
0.243716, -0.949211, 0.433787
0.302837, -0.932035, 0.428507
0.360762, -0.911181, 0.422717
0.417264, -0.886731, 0.416490
0.472119, -0.858781, 0.410758
0.525110, -0.827441, 0.405077
0.576030, -0.792837, 0.398013
0.624676, -0.755103, 0.391262
0.670856, -0.714389, 0.383134
0.714389, -0.670856, 0.375014
0.755103, -0.624676, 0.365459
0.792837, -0.576030, 0.356118
0.827441, -0.525110, 0.344827
0.858781, -0.472119, 0.332803
0.886731, -0.417264, 0.319343
0.911181, -0.360762, 0.303324
0.932035, -0.302837, 0.284668
0.949211, -0.243716, 0.262786
0.962642, -0.183634, 0.236021
0.972272, -0.122827, 0.200346
0.978066, -0.061535, 0.149492
0.980000, 0.000000, 0.062922
0.990000, 0.000000, 0.044073
0.988046, 0.062163, 0.014592
0.982194, 0.124080, 0.013028
0.972464, 0.185508, 0.015099
0.958897, 0.246203, 0.033413
0.941546, 0.305927, 0.165693
0.920479, 0.364443, 0.240587
0.895779, 0.421521, 0.294839
0.867544, 0.476936, 0.340522
0.835885, 0.530469, 0.379804
0.800927, 0.581907, 0.415312
0.762808, 0.631050, 0.450403
0.721679, 0.677702, 0.483330
0.677702, 0.721679, 0.516678
0.631050, 0.762808, 0.549664
0.581907, 0.800927, 0.583068
0.530469, 0.835885, 0.620393
0.476936, 0.867544, 0.660099
0.421521, 0.895779, 0.704750
0.364443, 0.920479, 0.759702
0.305927, 0.941546, 0.834299
0.246203, 0.958897, 0.966468
0.185508, 0.972464, 0.984751
0.124080, 0.982194, 0.986945
0.062163, 0.988046, 0.985430
-0.062163, 0.988046, 0.852091
-0.124080, 0.982194, 0.800207
-0.185508, 0.972464, 0.764874
-0.246203, 0.958897, 0.737314
-0.305927, 0.941546, 0.714445
-0.364443, 0.920479, 0.696305
-0.421521, 0.895779, 0.680930
-0.476936, 0.867544, 0.667680
-0.530469, 0.835885, 0.654944
-0.581907, 0.800927, 0.643500
-0.631050, 0.762808, 0.634099
-0.677702, 0.721679, 0.625183
-0.721679, 0.677702, 0.617168
-0.762808, 0.631050, 0.609682
-0.800927, 0.581907, 0.602159
-0.835885, 0.530469, 0.595595
-0.867544, 0.476936, 0.588646
-0.895779, 0.421521, 0.582891
-0.920479, 0.364443, 0.576731
-0.941546, 0.305927, 0.571970
-0.958897, 0.246203, 0.566724
-0.972464, 0.185508, 0.561579
-0.982194, 0.124080, 0.556866
-0.988046, 0.062163, 0.552529
-0.990000, 0.000000, 0.548668
-0.988046, -0.062163, 0.544471
-0.982194, -0.124080, 0.539969
-0.972464, -0.185508, 0.535726
-0.958897, -0.246203, 0.531969
-0.941546, -0.305927, 0.527744
-0.920479, -0.364443, 0.524189
-0.895779, -0.421521, 0.520369
-0.867544, -0.476936, 0.516058
-0.835885, -0.530469, 0.511798
-0.800927, -0.581907, 0.509428
-0.762808, -0.631050, 0.505075
-0.721679, -0.677702, 0.501326
-0.677702, -0.721679, 0.498346
-0.631050, -0.762808, 0.494388
-0.581907, -0.800927, 0.490652
-0.530469, -0.835885, 0.486916
-0.476936, -0.867544, 0.483319
-0.421521, -0.895779, 0.479956
-0.364443, -0.920479, 0.475733
-0.305927, -0.941546, 0.471839
-0.246203, -0.958897, 0.468716
-0.185508, -0.972464, 0.464588
-0.124080, -0.982194, 0.460385
-0.062163, -0.988046, 0.456063
0.062163, -0.988046, 0.447180
0.124080, -0.982194, 0.442851
0.185508, -0.972464, 0.437802
0.246203, -0.958897, 0.433213
0.305927, -0.941546, 0.427702
0.364443, -0.920479, 0.422410
0.421521, -0.895779, 0.417071
0.476936, -0.867544, 0.411000
0.530469, -0.835885, 0.404493
0.581907, -0.800927, 0.398244
0.631050, -0.762808, 0.391180
0.677702, -0.721679, 0.383567
0.721679, -0.677702, 0.375217
0.762808, -0.631050, 0.366041
0.800927, -0.581907, 0.356339
0.835885, -0.530469, 0.345521
0.867544, -0.476936, 0.332291
0.895779, -0.421521, 0.319474
0.920479, -0.364443, 0.303188
0.941546, -0.305927, 0.284821
0.958897, -0.246203, 0.262743
0.972464, -0.185508, 0.235302
0.982194, -0.124080, 0.199364
0.988046, -0.062163, 0.147965
0.990000, 0.000000, 0.044130
1.000000, 0.000000, 0.000000
0.998027, 0.062791, 0.000000
0.992115, 0.125333, 0.000000
0.982287, 0.187381, 0.000000
0.968583, 0.248690, 0.000000
0.951057, 0.309017, 0.165144
0.929776, 0.368125, 0.240630
0.904827, 0.425779, 0.295007
0.876307, 0.481754, 0.340494
0.844328, 0.535827, 0.380297
0.809017, 0.587785, 0.416532
0.770513, 0.637424, 0.450877
0.728969, 0.684547, 0.483302
0.684547, 0.728969, 0.516722
0.637424, 0.770513, 0.549981
0.587785, 0.809017, 0.584362
0.535827, 0.844328, 0.619808
0.481754, 0.876307, 0.659616
0.425779, 0.904827, 0.704601
0.368125, 0.929776, 0.759914
0.309017, 0.951057, 0.835028
0.248690, 0.968583, 1.000000
0.187381, 0.982287, 1.000000
0.125333, 0.992115, 1.000000
0.062791, 0.998027, 1.000000
-0.062791, 0.998027, 0.852976
-0.125333, 0.992115, 0.800827
-0.187381, 0.982287, 0.764469
-0.248690, 0.968583, 0.737219
-0.309017, 0.951057, 0.715018
-0.368125, 0.929776, 0.696360
-0.425779, 0.904827, 0.680538
-0.481754, 0.876307, 0.667070
-0.535827, 0.844328, 0.654649
-0.587785, 0.809017, 0.643390
-0.637424, 0.770513, 0.634099
-0.684547, 0.728969, 0.624891
-0.728969, 0.684547, 0.616492
-0.770513, 0.637424, 0.608722
-0.809017, 0.587785, 0.602312
-0.844328, 0.535827, 0.595021
-0.876307, 0.481754, 0.588960
-0.904827, 0.425779, 0.583610
-0.929776, 0.368125, 0.577308
-0.951057, 0.309017, 0.572034
-0.968583, 0.248690, 0.567058
-0.982287, 0.187381, 0.561723
-0.992115, 0.125333, 0.557293
-0.998027, 0.062791, 0.552734
-1.000000, 0.000000, 0.548159
-0.998027, -0.062791, 0.543801
-0.992115, -0.125333, 0.539871
-0.982287, -0.187381, 0.536596
-0.968583, -0.248690, 0.531452
-0.951057, -0.309017, 0.527347
-0.929776, -0.368125, 0.523919
-0.904827, -0.425779, 0.519862
-0.876307, -0.481754, 0.517009
-0.844328, -0.535827, 0.513137
-0.809017, -0.587785, 0.508785
-0.770513, -0.637424, 0.505414
-0.728969, -0.684547, 0.501845
-0.684547, -0.728969, 0.497643
-0.637424, -0.770513, 0.495051
-0.587785, -0.809017, 0.490855
-0.535827, -0.844328, 0.487394
-0.481754, -0.876307, 0.483268
-0.425779, -0.904827, 0.479719
-0.368125, -0.929776, 0.476081
-0.309017, -0.951057, 0.472183
-0.248690, -0.968583, 0.468381
-0.187381, -0.982287, 0.464553
-0.125333, -0.992115, 0.460137
-0.062791, -0.998027, 0.456458
0.062791, -0.998027, 0.447629
0.125333, -0.992115, 0.443301
0.187381, -0.982287, 0.438068
0.248690, -0.968583, 0.433361
0.309017, -0.951057, 0.428083
0.368125, -0.929776, 0.422831
0.425779, -0.904827, 0.417001
0.481754, -0.876307, 0.410890
0.535827, -0.844328, 0.404776
0.587785, -0.809017, 0.398201
0.637424, -0.770513, 0.391380
0.684547, -0.728969, 0.383110
0.728969, -0.684547, 0.375117
0.770513, -0.637424, 0.366323
0.809017, -0.587785, 0.356570
0.844328, -0.535827, 0.345654
0.876307, -0.481754, 0.333081
0.904827, -0.425779, 0.319249
0.929776, -0.368125, 0.303022
0.951057, -0.309017, 0.285349
0.968583, -0.248690, 0.262957
0.982287, -0.187381, 0.235395
0.992115, -0.125333, 0.199401
0.998027, -0.062791, 0.146941
1.000000, 0.000000, 0.000000