-0.950400, 0.277200, 0.015789
-0.910800, 0.277200, 0.024765
-0.910800, 0.316800, 0.050698
-0.910800, 0.356400, 0.075215
-0.910800, 0.396000, 0.097883
-0.871200, 0.237600, 0.007819
-0.871200, 0.277200, 0.035320
-0.871200, 0.316800, 0.061359
-0.871200, 0.356400, 0.085730
-0.871200, 0.396000, 0.108633
-0.871200, 0.435600, 0.130049
-0.871200, 0.475200, 0.150169
-0.831600, 0.237600, 0.020899
-0.831600, 0.277200, 0.047823
-0.831600, 0.316800, 0.073378
-0.831600, 0.356400, 0.097460
-0.831600, 0.396000, 0.119860
-0.831600, 0.435600, 0.142078
-0.831600, 0.475200, 0.161661
-0.831600, 0.514800, 0.180597
-0.831600, 0.554400, 0.198988
-0.792000, 0.198000, 0.007132
-0.792000, 0.237600, 0.035602
-0.792000, 0.277200, 0.062825
-0.792000, 0.316800, 0.087532
-0.792000, 0.356400, 0.110784
-0.792000, 0.396000, 0.133373
-0.792000, 0.435600, 0.154924
-0.792000, 0.475200, 0.174672
-0.792000, 0.514800, 0.193906
-0.792000, 0.554400, 0.210833
-0.792000, 0.594000, 0.228465
-0.752400, 0.198000, 0.024490
-0.752400, 0.237600, 0.051889
-0.752400, 0.277200, 0.078191
-0.752400, 0.316800, 0.102231
-0.752400, 0.356400, 0.126503
-0.752400, 0.396000, 0.147974
-0.752400, 0.435600, 0.169298
-0.752400, 0.475200, 0.187600
-0.752400, 0.514800, 0.206131
-0.752400, 0.554400, 0.224191
-0.752400, 0.594000, 0.240030
-0.752400, 0.633600, 0.256514
-0.712800, 0.158400, 0.015337
-0.712800, 0.198000, 0.043728
-0.712800, 0.237600, 0.070373
-0.712800, 0.277200, 0.095543
-0.712800, 0.316800, 0.119289
-0.712800, 0.356400, 0.141922
-0.712800, 0.396000, 0.163457
-0.712800, 0.435600, 0.183985
-0.712800, 0.475200, 0.202636
-0.712800, 0.514800, 0.221844
-0.712800, 0.554400, 0.238660
-0.712800, 0.594000, 0.254586
-0.712800, 0.633600, 0.269938
-0.712800, 0.673200, 0.284882
-0.673200, 0.118800, 0.008897
-0.673200, 0.158400, 0.037215
-0.673200, 0.198000, 0.063894
-0.673200, 0.237600, 0.089857
-0.673200, 0.277200, 0.114340
-0.673200, 0.316800, 0.138047
-0.673200, 0.356400, 0.159748
-0.673200, 0.396000, 0.180695
-0.673200, 0.435600, 0.200693
-0.673200, 0.475200, 0.219073
-0.673200, 0.514800, 0.236563
-0.673200, 0.554400, 0.253607
-0.673200, 0.594000, 0.270194
-0.673200, 0.633600, 0.284049
-0.673200, 0.673200, 0.298662
-0.673200, 0.712800, 0.311666
-0.633600, 0.079200, 0.005669
-0.633600, 0.118800, 0.033433
-0.633600, 0.158400, 0.061106
-0.633600, 0.198000, 0.086256
-0.633600, 0.237600, 0.111650
-0.633600, 0.277200, 0.134482
-0.633600, 0.316800, 0.156638
-0.633600, 0.356400, 0.177208
-0.633600, 0.396000, 0.197835
-0.633600, 0.435600, 0.217505
-0.633600, 0.475200, 0.235324
-0.633600, 0.514800, 0.252506
-0.633600, 0.554400, 0.268919
-0.633600, 0.594000, 0.284171
-0.633600, 0.633600, 0.299709
-0.633600, 0.673200, 0.312958
-0.633600, 0.712800, 0.326052
-0.633600, 0.752400, 0.339531
-0.594000, 0.039600, 0.006233
-0.594000, 0.079200, 0.033185
-0.594000, 0.118800, 0.059563
-0.594000, 0.158400, 0.085798
-0.594000, 0.198000, 0.109555
-0.594000, 0.237600, 0.132913
-0.594000, 0.277200, 0.154643
-0.594000, 0.316800, 0.177319
-0.594000, 0.356400, 0.197468
-0.594000, 0.396000, 0.217155
-0.594000, 0.435600, 0.235201
-0.594000, 0.475200, 0.252581
-0.594000, 0.514800, 0.269749
-0.594000, 0.554400, 0.285777
-0.594000, 0.594000, 0.301337
-0.594000, 0.633600, 0.315602
-0.594000, 0.673200, 0.328909
-0.594000, 0.712800, 0.341633
-0.594000, 0.752400, 0.353552
-0.594000, 0.792000, 0.365806
-0.554400, 0, 0.011178
-0.554400, 0.039600, 0.036556
-0.554400, 0.079200, 0.062164
-0.554400, 0.118800, 0.086363
-0.554400, 0.158400, 0.109896
-0.554400, 0.198000, 0.134220
-0.554400, 0.237600, 0.156414
-0.554400, 0.277200, 0.178395
-0.554400, 0.316800, 0.197782
-0.554400, 0.356400, 0.218145
-0.554400, 0.396000, 0.236384
-0.554400, 0.435600, 0.254050
-0.554400, 0.475200, 0.272507
-0.554400, 0.514800, 0.288117
-0.554400, 0.554400, 0.303268
-0.554400, 0.594000, 0.318220
-0.554400, 0.633600, 0.331357
-0.554400, 0.673200, 0.345118
-0.554400, 0.712800, 0.357213
-0.554400, 0.752400, 0.369034
-0.554400, 0.792000, 0.379545
-0.554400, 0.831600, 0.389234
-0.514800, -0.039600, 0.020483
-0.514800, 0, 0.043965
-0.514800, 0.039600, 0.067873
-0.514800, 0.079200, 0.091049
-0.514800, 0.118800, 0.113987
-0.514800, 0.158400, 0.136213
-0.514800, 0.198000, 0.158420
-0.514800, 0.237600, 0.180292
-0.514800, 0.277200, 0.199976
-0.514800, 0.316800, 0.219722
-0.514800, 0.356400, 0.239375
-0.514800, 0.396000, 0.256958
-0.514800, 0.435600, 0.274805
-0.514800, 0.475200, 0.291137
-0.514800, 0.514800, 0.306347
-0.514800, 0.554400, 0.321691
-0.514800, 0.594000, 0.336259
-0.514800, 0.633600, 0.348462
-0.514800, 0.673200, 0.360907
-0.514800, 0.712800, 0.373385
-0.514800, 0.752400, 0.384829
-0.514800, 0.792000, 0.396559
-0.514800, 0.831600, 0.405486
-0.475200, -0.871200, 0.015918
-0.475200, -0.831600, 0.003603
-0.475200, -0.118800, 0.013149
-0.475200, -0.079200, 0.034011
-0.475200, -0.039600, 0.055807
-0.475200, 0, 0.076915
-0.475200, 0.039600, 0.098914
-0.475200, 0.079200, 0.120467
-0.475200, 0.118800, 0.142605
-0.475200, 0.158400, 0.163909
-0.475200, 0.198000, 0.184644
-0.475200, 0.237600, 0.204838
-0.475200, 0.277200, 0.223498
-0.475200, 0.316800, 0.243084
-0.475200, 0.356400, 0.260514
-0.475200, 0.396000, 0.278563
-0.475200, 0.435600, 0.294686
-0.475200, 0.475200, 0.310852
-0.475200, 0.514800, 0.327116
-0.475200, 0.554400, 0.340889
-0.475200, 0.594000, 0.354534
-0.475200, 0.633600, 0.367132
-0.475200, 0.673200, 0.379666
-0.475200, 0.712800, 0.391147
-0.475200, 0.752400, 0.401827
-0.475200, 0.792000, 0.412400
-0.475200, 0.831600, 0.422098
-0.475200, 0.871200, 0.430319
-0.435600, -0.871200, 0.038084
-0.435600, -0.831600, 0.027836
-0.435600, -0.792000, 0.017481
-0.435600, -0.752400, 0.007362
-0.435600, -0.237600, 0.001704
-0.435600, -0.198000, 0.016495
-0.435600, -0.158400, 0.033007
-0.435600, -0.118800, 0.051054
-0.435600, -0.079200, 0.069712
-0.435600, -0.039600, 0.089309
-0.435600, 0, 0.109434
-0.435600, 0.039600, 0.130134
-0.435600, 0.079200, 0.151158
-0.435600, 0.118800, 0.171112
-0.435600, 0.158400, 0.190942
-0.435600, 0.198000, 0.211074
-0.435600, 0.237600, 0.230377
-0.435600, 0.277200, 0.248894
-0.435600, 0.316800, 0.266543
-0.435600, 0.356400, 0.284792
-0.435600, 0.396000, 0.300648
-0.435600, 0.435600, 0.316483
-0.435600, 0.475200, 0.333183
-0.435600, 0.514800, 0.346848
-0.435600, 0.554400, 0.360697
-0.435600, 0.594000, 0.373994
-0.435600, 0.633600, 0.385771
-0.435600, 0.673200, 0.398497
-0.435600, 0.712800, 0.409056
-0.435600, 0.752400, 0.419045
-0.435600, 0.792000, 0.429487
-0.435600, 0.831600, 0.438311
-0.435600, 0.871200, 0.447065
-0.396000, -0.910800, 0.069443
-0.396000, -0.871200, 0.060571
-0.396000, -0.831600, 0.051762
-0.396000, -0.792000, 0.042962
-0.396000, -0.752400, 0.034663
-0.396000, -0.712800, 0.027051
-0.396000, -0.673200, 0.019641
-0.396000, -0.633600, 0.013260
-0.396000, -0.594000, 0.008025
-0.396000, -0.554400, 0.004029
-0.396000, -0.514800, 0.001751
-0.396000, -0.475200, 0.001161
-0.396000, -0.435600, 0.002576
-0.396000, -0.396000, 0.006067
-0.396000, -0.356400, 0.011805
-0.396000, -0.316800, 0.019728
-0.396000, -0.277200, 0.029881
-0.396000, -0.237600, 0.041347
-0.396000, -0.198000, 0.055427
-0.396000, -0.158400, 0.071265
-0.396000, -0.118800, 0.087585
-0.396000, -0.079200, 0.104713
-0.396000, -0.039600, 0.123263
-0.396000, 0, 0.142520
-0.396000, 0.039600, 0.160904
-0.396000, 0.079200, 0.181544
-0.396000, 0.118800, 0.199966
-0.396000, 0.158400, 0.219092
-0.396000, 0.198000, 0.237826
-0.396000, 0.237600, 0.255590
-0.396000, 0.277200, 0.274104
-0.396000, 0.316800, 0.291640
-0.396000, 0.356400, 0.307780
-0.396000, 0.396000, 0.323891
-0.396000, 0.435600, 0.338627
-0.396000, 0.475200, 0.354693
-0.396000, 0.514800, 0.367192
-0.396000, 0.554400, 0.381837
-0.396000, 0.594000, 0.393467
-0.396000, 0.633600, 0.406315
-0.396000, 0.673200, 0.417014
-0.396000, 0.712800, 0.426985
-0.396000, 0.752400, 0.437360
-0.396000, 0.792000, 0.446314
-0.396000, 0.831600, 0.456072
-0.396000, 0.871200, 0.463338
-0.396000, 0.910800, 0.471176
-0.356400, -0.910800, 0.090159
-0.356400, -0.871200, 0.082952
-0.356400, -0.831600, 0.075182
-0.356400, -0.792000, 0.068174
-0.356400, -0.752400, 0.060952
-0.356400, -0.712800, 0.055197
-0.356400, -0.673200, 0.049626
-0.356400, -0.633600, 0.044945
-0.356400, -0.594000, 0.041341
-0.356400, -0.554400, 0.038653
-0.356400, -0.514800, 0.037499
-0.356400, -0.475200, 0.037972
-0.356400, -0.435600, 0.040417
-0.356400, -0.396000, 0.044742
-0.356400, -0.356400, 0.050639
-0.356400, -0.316800, 0.058811
-0.356400, -0.277200, 0.068501
-0.356400, -0.237600, 0.080231
-0.356400, -0.198000, 0.092734
-0.356400, -0.158400, 0.107364
-0.356400, -0.118800, 0.122717
-0.356400, -0.079200, 0.139298
-0.356400, -0.039600, 0.156536
-0.356400, 0, 0.174167
-0.356400, 0.039600, 0.192875
-0.356400, 0.079200, 0.210324
-0.356400, 0.118800, 0.229440
-0.356400, 0.158400, 0.247230
-0.356400, 0.198000, 0.265431
-0.356400, 0.237600, 0.282175
-0.356400, 0.277200, 0.299045
-0.356400, 0.316800, 0.315931
-0.356400, 0.356400, 0.331780
-0.356400, 0.396000, 0.347661
-0.356400, 0.435600, 0.362204
-0.356400, 0.475200, 0.376635
-0.356400, 0.514800, 0.388852
-0.356400, 0.554400, 0.401913
-0.356400, 0.594000, 0.414158
-0.356400, 0.633600, 0.426450
-0.356400, 0.673200, 0.437282
-0.356400, 0.712800, 0.447483
-0.356400, 0.752400, 0.456717
-0.356400, 0.792000, 0.464042
-0.356400, 0.831600, 0.472740
-0.356400, 0.871200, 0.480513
-0.356400, 0.910800, 0.486191
-0.316800, -0.910800, 0.111613
-0.316800, -0.871200, 0.104751
-0.316800, -0.831600, 0.098932
-0.316800, -0.792000, 0.093180
-0.316800, -0.752400, 0.087504
-0.316800, -0.712800, 0.082990
-0.316800, -0.673200, 0.078233
-0.316800, -0.633600, 0.075073
-0.316800, -0.594000, 0.073192
-0.316800, -0.554400, 0.071646
-0.316800, -0.514800, 0.072510
-0.316800, -0.475200, 0.073329
-0.316800, -0.435600, 0.076971
-0.316800, -0.396000, 0.081628
-0.316800, -0.356400, 0.087641
-0.316800, -0.316800, 0.094933
-0.316800, -0.277200, 0.105751
-0.316800, -0.237600, 0.116155
-0.316800, -0.198000, 0.128771
-0.316800, -0.158400, 0.142828
-0.316800, -0.118800, 0.156762
-0.316800, -0.079200, 0.173250
-0.316800, -0.039600, 0.188545
-0.316800, 0, 0.206382
-0.316800, 0.039600, 0.223962
-0.316800, 0.079200, 0.241138
-0.316800, 0.118800, 0.257355
-0.316800, 0.158400, 0.275283
-0.316800, 0.198000, 0.292311
-0.316800, 0.237600, 0.309327
-0.316800, 0.277200, 0.325941
-0.316800, 0.316800, 0.340853
-0.316800, 0.356400, 0.356628
-0.316800, 0.396000, 0.371619
-0.316800, 0.435600, 0.385194
-0.316800, 0.475200, 0.399573
-0.316800, 0.514800, 0.411632
-0.316800, 0.554400, 0.424875
-0.316800, 0.594000, 0.436712
-0.316800, 0.633600, 0.447587
-0.316800, 0.673200, 0.457764
-0.316800, 0.712800, 0.465616
-0.316800, 0.752400, 0.476484
-0.316800, 0.792000, 0.484212
-0.316800, 0.831600, 0.492306
-0.316800, 0.871200, 0.498922
-0.316800, 0.910800, 0.505457
-0.277200, -0.950400, 0.137769
-0.277200, -0.910800, 0.131628
-0.277200, -0.871200, 0.127055
-0.277200, -0.831600, 0.121126
-0.277200, -0.792000, 0.116556
-0.277200, -0.752400, 0.113295
-0.277200, -0.712800, 0.109316
-0.277200, -0.673200, 0.106865
-0.277200, -0.633600, 0.104369
-0.277200, -0.594000, 0.103419
-0.277200, -0.554400, 0.104096
-0.277200, -0.514800, 0.104197
-0.277200, -0.475200, 0.107607
-0.277200, -0.435600, 0.111574
-0.277200, -0.396000, 0.116133
-0.277200, -0.356400, 0.123525
-0.277200, -0.316800, 0.131240
-0.277200, -0.277200, 0.140751
-0.277200, -0.237600, 0.151431
-0.277200, -0.198000, 0.163595
-0.277200, -0.158400, 0.176993
-0.277200, -0.118800, 0.191596
-0.277200, -0.079200, 0.206392
-0.277200, -0.039600, 0.221807
-0.277200, 0, 0.237081
-0.277200, 0.039600, 0.254807
-0.277200, 0.079200, 0.270304
-0.277200, 0.118800, 0.286847
-0.277200, 0.158400, 0.304503
-0.277200, 0.198000, 0.320783
-0.277200, 0.237600, 0.336159
-0.277200, 0.277200, 0.351618
-0.277200, 0.316800, 0.367730
-0.277200, 0.356400, 0.382206
-0.277200, 0.396000, 0.397393
-0.277200, 0.435600, 0.410299
-0.277200, 0.475200, 0.423635
-0.277200, 0.514800, 0.435028
-0.277200, 0.554400, 0.446368
-0.277200, 0.594000, 0.458122
-0.277200, 0.633600, 0.468744
-0.277200, 0.673200, 0.478877
-0.277200, 0.712800, 0.487437
-0.277200, 0.752400, 0.496341
-0.277200, 0.792000, 0.503509
-0.277200, 0.831600, 0.510030
-0.277200, 0.871200, 0.517578
-0.277200, 0.910800, 0.523115
-0.277200, 0.950400, 0.528688
-0.237600, -0.950400, 0.157232
-0.237600, -0.910800, 0.152858
-0.237600, -0.871200, 0.148391
-0.237600, -0.831600, 0.144691
-0.237600, -0.792000, 0.140994
-0.237600, -0.752400, 0.137713
-0.237600, -0.712800, 0.136389
-0.237600, -0.673200, 0.135072
-0.237600, -0.633600, 0.133010
-0.237600, -0.594000, 0.133640
-0.237600, -0.554400, 0.134203
-0.237600, -0.514800, 0.136112
-0.237600, -0.475200, 0.139032
-0.237600, -0.435600, 0.143461
-0.237600, -0.396000, 0.149718
-0.237600, -0.356400, 0.156856
-0.237600, -0.316800, 0.165510
-0.237600, -0.277200, 0.174672
-0.237600, -0.237600, 0.185488
-0.237600, -0.198000, 0.197435
-0.237600, -0.158400, 0.209936
-0.237600, -0.118800, 0.223222
-0.237600, -0.079200, 0.238629
-0.237600, -0.039600, 0.253679
-0.237600, 0, 0.268827
-0.237600, 0.039600, 0.285200
-0.237600, 0.079200, 0.301066
-0.237600, 0.118800, 0.317056
-0.237600, 0.158400, 0.332654
-0.237600, 0.198000, 0.348200
-0.237600, 0.237600, 0.364251
-0.237600, 0.277200, 0.379152
-0.237600, 0.316800, 0.394588
-0.237600, 0.356400, 0.408391
-0.237600, 0.396000, 0.420850
-0.237600, 0.435600, 0.434965
-0.237600, 0.475200, 0.446845
-0.237600, 0.514800, 0.458859
-0.237600, 0.554400, 0.470430
-0.237600, 0.594000, 0.480599
-0.237600, 0.633600, 0.490923
-0.237600, 0.673200, 0.499660
-0.237600, 0.712800, 0.509240
-0.237600, 0.752400, 0.517369
-0.237600, 0.792000, 0.524014
-0.237600, 0.831600, 0.530473
-0.237600, 0.871200, 0.537033
-0.237600, 0.910800, 0.542741
-0.237600, 0.950400, 0.546238
-0.198000, -0.950400, 0.175618
-0.198000, -0.910800, 0.172829
-0.198000, -0.871200, 0.169720
-0.198000, -0.831600, 0.167000
-0.198000, -0.792000, 0.164456
-0.198000, -0.752400, 0.162508
-0.198000, -0.712800, 0.160970
-0.198000, -0.673200, 0.160939
-0.198000, -0.633600, 0.160548
-0.198000, -0.594000, 0.161493
-0.198000, -0.554400, 0.163681
-0.198000, -0.514800, 0.166762
-0.198000, -0.475200, 0.170581
-0.198000, -0.435600, 0.175930
-0.198000, -0.396000, 0.181936
-0.198000, -0.356400, 0.189349
-0.198000, -0.316800, 0.197792
-0.198000, -0.277200, 0.207431
-0.198000, -0.237600, 0.218837
-0.198000, -0.198000, 0.229426
-0.198000, -0.158400, 0.243188
-0.198000, -0.118800, 0.256665
-0.198000, -0.079200, 0.270463
-0.198000, -0.039600, 0.285655
-0.198000, 0, 0.300497
-0.198000, 0.039600, 0.315125
-0.198000, 0.079200, 0.330857
-0.198000, 0.118800, 0.345408
-0.198000, 0.158400, 0.362199
-0.198000, 0.198000, 0.376816
-0.198000, 0.237600, 0.391949
-0.198000, 0.277200, 0.406677
-0.198000, 0.316800, 0.420721
-0.198000, 0.356400, 0.435063
-0.198000, 0.396000, 0.448852
-0.198000, 0.435600, 0.460571
-0.198000, 0.475200, 0.472932
-0.198000, 0.514800, 0.483858
-0.198000, 0.554400, 0.494181
-0.198000, 0.594000, 0.504500
-0.198000, 0.633600, 0.513804
-0.198000, 0.673200, 0.522726
-0.198000, 0.712800, 0.530158
-0.198000, 0.752400, 0.538117
-0.198000, 0.792000, 0.544538
-0.198000, 0.831600, 0.549965
-0.198000, 0.871200, 0.555181
-0.198000, 0.910800, 0.560797
-0.198000, 0.950400, 0.564648
-0.158400, -0.950400, 0.196330
-0.158400, -0.910800, 0.192365
-0.158400, -0.871200, 0.190819
-0.158400, -0.831600, 0.188973
-0.158400, -0.792000, 0.187778
-0.158400, -0.752400, 0.186373
-0.158400, -0.712800, 0.185656
-0.158400, -0.673200, 0.186645
-0.158400, -0.633600, 0.187022
-0.158400, -0.594000, 0.189050
-0.158400, -0.554400, 0.192559
-0.158400, -0.514800, 0.196255
-0.158400, -0.475200, 0.199348
-0.158400, -0.435600, 0.205991
-0.158400, -0.396000, 0.212958
-0.158400, -0.356400, 0.220498
-0.158400, -0.316800, 0.229426
-0.158400, -0.277200, 0.239425
-0.158400, -0.237600, 0.249570
-0.158400, -0.198000, 0.261508
-0.158400, -0.158400, 0.274896
-0.158400, -0.118800, 0.287931
-0.158400, -0.079200, 0.301539
-0.158400, -0.039600, 0.316687
-0.158400, 0, 0.331073
-0.158400, 0.039600, 0.346549
-0.158400, 0.079200, 0.360892
-0.158400, 0.118800, 0.375367
-0.158400, 0.158400, 0.391124
-0.158400, 0.198000, 0.405580
-0.158400, 0.237600, 0.420560
-0.158400, 0.277200, 0.434650
-0.158400, 0.316800, 0.449261
-0.158400, 0.356400, 0.461472
-0.158400, 0.396000, 0.474462
-0.158400, 0.435600, 0.487114
-0.158400, 0.475200, 0.498397
-0.158400, 0.514800, 0.508501
-0.158400, 0.554400, 0.518514
-0.158400, 0.594000, 0.528000
-0.158400, 0.633600, 0.537390
-0.158400, 0.673200, 0.545283
-0.158400, 0.712800, 0.552503
-0.158400, 0.752400, 0.559991
-0.158400, 0.792000, 0.565919
-0.158400, 0.831600, 0.571509
-0.158400, 0.871200, 0.575880
-0.158400, 0.910800, 0.580815
-0.158400, 0.950400, 0.584255
-0.118800, -0.990000, 0.216092
-0.118800, -0.950400, 0.214514
-0.118800, -0.910800, 0.212295
-0.118800, -0.871200, 0.212425
-0.118800, -0.831600, 0.210142
-0.118800, -0.792000, 0.210676
-0.118800, -0.752400, 0.209747
-0.118800, -0.712800, 0.210933
-0.118800, -0.673200, 0.210765
-0.118800, -0.633600, 0.213211
-0.118800, -0.594000, 0.216452
-0.118800, -0.554400, 0.219992
-0.118800, -0.514800, 0.224439
-0.118800, -0.475200, 0.229140
-0.118800, -0.435600, 0.234912
-0.118800, -0.396000, 0.244089
-0.118800, -0.356400, 0.251015
-0.118800, -0.316800, 0.259652
-0.118800, -0.277200, 0.270041
-0.118800, -0.237600, 0.282095
-0.118800, -0.198000, 0.293708
-0.118800, -0.158400, 0.304709
-0.118800, -0.118800, 0.317991
-0.118800, -0.079200, 0.332773
-0.118800, -0.039600, 0.346120
-0.118800, 0, 0.360980
-0.118800, 0.039600, 0.375475
-0.118800, 0.079200, 0.390336
-0.118800, 0.118800, 0.405120
-0.118800, 0.158400, 0.420205
-0.118800, 0.198000, 0.433542
-0.118800, 0.237600, 0.448644
-0.118800, 0.277200, 0.463057
-0.118800, 0.316800, 0.477263
-0.118800, 0.356400, 0.489126
-0.118800, 0.396000, 0.500975
-0.118800, 0.435600, 0.512907
-0.118800, 0.475200, 0.525799
-0.118800, 0.514800, 0.535650
-0.118800, 0.554400, 0.544946
-0.118800, 0.594000, 0.553679
-0.118800, 0.633600, 0.561752
-0.118800, 0.673200, 0.570142
-0.118800, 0.712800, 0.576316
-0.118800, 0.752400, 0.582570
-0.118800, 0.792000, 0.587447
-0.118800, 0.831600, 0.592585
-0.118800, 0.871200, 0.595927
-0.118800, 0.910800, 0.598919
-0.118800, 0.950400, 0.603452
-0.118800, 0.990000, 0.605583
-0.079200, -0.990000, 0.234223
-0.079200, -0.950400, 0.232881
-0.079200, -0.910800, 0.231949
-0.079200, -0.871200, 0.231737
-0.079200, -0.831600, 0.231451
-0.079200, -0.792000, 0.231701
-0.079200, -0.752400, 0.232714
-0.079200, -0.712800, 0.233530
-0.079200, -0.673200, 0.236224
-0.079200, -0.633600, 0.238854
-0.079200, -0.594000, 0.242049
-0.079200, -0.554400, 0.246180
-0.079200, -0.514800, 0.251816
-0.079200, -0.475200, 0.257288
-0.079200, -0.435600, 0.263944
-0.079200, -0.396000, 0.272150
-0.079200, -0.356400, 0.280949
-0.079200, -0.316800, 0.289759
-0.079200, -0.277200, 0.300211
-0.079200, -0.237600, 0.311137
-0.079200, -0.198000, 0.323903
-0.079200, -0.158400, 0.335734
-0.079200, -0.118800, 0.348833
-0.079200, -0.079200, 0.362216
-0.079200, -0.039600, 0.376737
-0.079200, 0, 0.390845
-0.079200, 0.039600, 0.405269
-0.079200, 0.079200, 0.421022
-0.079200, 0.118800, 0.435359
-0.079200, 0.158400, 0.449522
-0.079200, 0.198000, 0.463917
-0.079200, 0.237600, 0.477989
-0.079200, 0.277200, 0.491492
-0.079200, 0.316800, 0.505507
-0.079200, 0.356400, 0.516294
-0.079200, 0.396000, 0.529957
-0.079200, 0.435600, 0.541609
-0.079200, 0.475200, 0.551567
-0.079200, 0.514800, 0.562037
-0.079200, 0.554400, 0.571771
-0.079200, 0.594000, 0.579184
-0.079200, 0.633600, 0.586988
-0.079200, 0.673200, 0.593533
-0.079200, 0.712800, 0.600249
-0.079200, 0.752400, 0.605075
-0.079200, 0.792000, 0.610035
-0.079200, 0.831600, 0.614461
-0.079200, 0.871200, 0.616993
-0.079200, 0.910800, 0.620217
-0.079200, 0.950400, 0.623755
-0.079200, 0.990000, 0.623480
-0.039600, -0.990000, 0.251276
-0.039600, -0.950400, 0.250319
-0.039600, -0.910800, 0.251356
-0.039600, -0.871200, 0.251159
-0.039600, -0.831600, 0.251982
-0.039600, -0.792000, 0.252484
-0.039600, -0.752400, 0.254946
-0.039600, -0.712800, 0.256644
-0.039600, -0.673200, 0.259801
-0.039600, -0.633600, 0.263065
-0.039600, -0.594000, 0.267735
-0.039600, -0.554400, 0.272089
-0.039600, -0.514800, 0.278013
-0.039600, -0.475200, 0.284447
-0.039600, -0.435600, 0.291175
-0.039600, -0.396000, 0.299275
-0.039600, -0.356400, 0.310137
-0.039600, -0.316800, 0.319248
-0.039600, -0.277200, 0.329598
-0.039600, -0.237600, 0.340323
-0.039600, -0.198000, 0.352101
-0.039600, -0.158400, 0.364969
-0.039600, -0.118800, 0.379391
-0.039600, -0.079200, 0.393724
-0.039600, -0.039600, 0.406614
-0.039600, 0, 0.421373
-0.039600, 0.039600, 0.434456
-0.039600, 0.079200, 0.449501
-0.039600, 0.118800, 0.464563
-0.039600, 0.158400, 0.478771
-0.039600, 0.198000, 0.493168
-0.039600, 0.237600, 0.508028
-0.039600, 0.277200, 0.521425
-0.039600, 0.316800, 0.533938
-0.039600, 0.356400, 0.546450
-0.039600, 0.396000, 0.558234
-0.039600, 0.435600, 0.569182
-0.039600, 0.475200, 0.579651
-0.039600, 0.514800, 0.589728
-0.039600, 0.554400, 0.597799
-0.039600, 0.594000, 0.605672
-0.039600, 0.633600, 0.613123
-0.039600, 0.673200, 0.618332
-0.039600, 0.712800, 0.624511
-0.039600, 0.752400, 0.628857
-0.039600, 0.792000, 0.634288
-0.039600, 0.831600, 0.636846
-0.039600, 0.871200, 0.640445
-0.039600, 0.910800, 0.642137
-0.039600, 0.950400, 0.643309
-0.039600, 0.990000, 0.644048
0, -0.990000, 0.269291
0, -0.950400, 0.269213
0, -0.910800, 0.269869
0, -0.871200, 0.270442
0, -0.831600, 0.271351
0, -0.792000, 0.274328
0, -0.752400, 0.275949
0, -0.712800, 0.279535
0, -0.673200, 0.282146
0, -0.633600, 0.286754
0, -0.594000, 0.292271
0, -0.554400, 0.297748
0, -0.514800, 0.303069
0, -0.475200, 0.310890
0, -0.435600, 0.318717
0, -0.396000, 0.327194
0, -0.356400, 0.337033
0, -0.316800, 0.346665
0, -0.277200, 0.358255
0, -0.237600, 0.369867
0, -0.198000, 0.381697
0, -0.158400, 0.395318
0, -0.118800, 0.407721
0, -0.079200, 0.421740
0, -0.039600, 0.436148
0, 0, 0.451000
0, 0.039600, 0.465265
0, 0.079200, 0.479584
0, 0.118800, 0.494432
0, 0.158400, 0.508705
0, 0.198000, 0.523101
0, 0.237600, 0.536625
0, 0.277200, 0.549759
0, 0.316800, 0.562635
0, 0.356400, 0.575973
0, 0.396000, 0.587507
0, 0.435600, 0.597638
0, 0.475200, 0.608000
0, 0.514800, 0.616875
0, 0.554400, 0.625006
0, 0.594000, 0.632447
0, 0.633600, 0.639640
0, 0.673200, 0.645830
0, 0.712800, 0.650227
0, 0.752400, 0.654781
0, 0.792000, 0.657786
0, 0.831600, 0.659435
0, 0.871200, 0.662236
0, 0.910800, 0.663224
0, 0.950400, 0.664212
0, 0.990000, 0.665291
0.039600, -0.990000, 0.285643
0.039600, -0.950400, 0.285845
0.039600, -0.910800, 0.288086
0.039600, -0.871200, 0.290536
0.039600, -0.831600, 0.292048
0.039600, -0.792000, 0.293783
0.039600, -0.752400, 0.297144
0.039600, -0.712800, 0.301463
0.039600, -0.673200, 0.305317
0.039600, -0.633600, 0.309707
0.039600, -0.594000, 0.317112
0.039600, -0.554400, 0.322202
0.039600, -0.514800, 0.328335
0.039600, -0.475200, 0.335599
0.039600, -0.435600, 0.344700
0.039600, -0.396000, 0.354326
0.039600, -0.356400, 0.364218
0.039600, -0.316800, 0.374697
0.039600, -0.277200, 0.385763
0.039600, -0.237600, 0.397939
0.039600, -0.198000, 0.409477
0.039600, -0.158400, 0.424530
0.039600, -0.118800, 0.437267
0.039600, -0.079200, 0.451830
0.039600, -0.039600, 0.465645
0.039600, 0, 0.480170
0.039600, 0.039600, 0.495703
0.039600, 0.079200, 0.509711
0.039600, 0.118800, 0.525177
0.039600, 0.158400, 0.539441
0.039600, 0.198000, 0.553450
0.039600, 0.237600, 0.567393
0.039600, 0.277200, 0.580422
0.039600, 0.316800, 0.593487
0.039600, 0.356400, 0.604659
0.039600, 0.396000, 0.616624
0.039600, 0.435600, 0.627563
0.039600, 0.475200, 0.637785
0.039600, 0.514800, 0.647112
0.039600, 0.554400, 0.654842
0.039600, 0.594000, 0.661496
0.039600, 0.633600, 0.666795
0.039600, 0.673200, 0.671565
0.039600, 0.712800, 0.675773
0.039600, 0.752400, 0.679688
0.039600, 0.792000, 0.682305
0.039600, 0.831600, 0.684121
0.039600, 0.871200, 0.685631
0.039600, 0.910800, 0.685907
0.039600, 0.950400, 0.685939
0.039600, 0.990000, 0.685087
0.079200, -0.990000, 0.301996
0.079200, -0.950400, 0.304315
0.079200, -0.910800, 0.305530
0.079200, -0.871200, 0.308280
0.079200, -0.831600, 0.310867
0.079200, -0.792000, 0.314731
0.079200, -0.752400, 0.318853
0.079200, -0.712800, 0.321676
0.079200, -0.673200, 0.326612
0.079200, -0.633600, 0.332023
0.079200, -0.594000, 0.339035
0.079200, -0.554400, 0.345170
0.079200, -0.514800, 0.352809
0.079200, -0.475200, 0.360486
0.079200, -0.435600, 0.369835
0.079200, -0.396000, 0.380106
0.079200, -0.356400, 0.390003
0.079200, -0.316800, 0.402017
0.079200, -0.277200, 0.412778
0.079200, -0.237600, 0.425040
0.079200, -0.198000, 0.438414
0.079200, -0.158400, 0.452501
0.079200, -0.118800, 0.465138
0.079200, -0.079200, 0.480368
0.079200, -0.039600, 0.494120
0.079200, 0, 0.509814
0.079200, 0.039600, 0.524847
0.079200, 0.079200, 0.539803
0.079200, 0.118800, 0.553951
0.079200, 0.158400, 0.570373
0.079200, 0.198000, 0.583706
0.079200, 0.237600, 0.598763
0.079200, 0.277200, 0.611415
0.079200, 0.316800, 0.624278
0.079200, 0.356400, 0.636228
0.079200, 0.396000, 0.648182
0.079200, 0.435600, 0.657754
0.079200, 0.475200, 0.667683
0.079200, 0.514800, 0.675586
0.079200, 0.554400, 0.683669
0.079200, 0.594000, 0.690315
0.079200, 0.633600, 0.695326
0.079200, 0.673200, 0.700126
0.079200, 0.712800, 0.702816
0.079200, 0.752400, 0.705540
0.079200, 0.792000, 0.708039
0.079200, 0.831600, 0.708783
0.079200, 0.871200, 0.708800
0.079200, 0.910800, 0.708070
0.079200, 0.950400, 0.707441
0.079200, 0.990000, 0.706111
0.118800, -0.990000, 0.318374
0.118800, -0.950400, 0.320075
0.118800, -0.910800, 0.322621
0.118800, -0.871200, 0.327305
0.118800, -0.831600, 0.329373
0.118800, -0.792000, 0.332582
0.118800, -0.752400, 0.337631
0.118800, -0.712800, 0.342088
0.118800, -0.673200, 0.348584
0.118800, -0.633600, 0.354933
0.118800, -0.594000, 0.360099
0.118800, -0.554400, 0.369036
0.118800, -0.514800, 0.376749
0.118800, -0.475200, 0.384940
0.118800, -0.435600, 0.395646
0.118800, -0.396000, 0.404567
0.118800, -0.356400, 0.415687
0.118800, -0.316800, 0.427270
0.118800, -0.277200, 0.439631
0.118800, -0.237600, 0.452643
0.118800, -0.198000, 0.465308
0.118800, -0.158400, 0.479876
0.118800, -0.118800, 0.493625
0.118800, -0.079200, 0.508941
0.118800, -0.039600, 0.523287
0.118800, 0, 0.539478
0.118800, 0.039600, 0.553863
0.118800, 0.079200, 0.570387
0.118800, 0.118800, 0.585633
0.118800, 0.158400, 0.599756
0.118800, 0.198000, 0.615120
0.118800, 0.237600, 0.629234
0.118800, 0.277200, 0.642228
0.118800, 0.316800, 0.656186
0.118800, 0.356400, 0.668274
0.118800, 0.396000, 0.680025
0.118800, 0.435600, 0.689685
0.118800, 0.475200, 0.699455
0.118800, 0.514800, 0.707131
0.118800, 0.554400, 0.714273
0.118800, 0.594000, 0.721043
0.118800, 0.633600, 0.724893
0.118800, 0.673200, 0.728465
0.118800, 0.712800, 0.730921
0.118800, 0.752400, 0.732771
0.118800, 0.792000, 0.733406
0.118800, 0.831600, 0.734223
0.118800, 0.871200, 0.733221
0.118800, 0.910800, 0.732240
0.118800, 0.950400, 0.730408
0.118800, 0.990000, 0.727918
0.158400, -0.950400, 0.336829
0.158400, -0.910800, 0.340602
0.158400, -0.871200, 0.344513
0.158400, -0.831600, 0.347316
0.158400, -0.792000, 0.352165
0.158400, -0.752400, 0.357224
0.158400, -0.712800, 0.362443
0.158400, -0.673200, 0.368314
0.158400, -0.633600, 0.375658
0.158400, -0.594000, 0.383601
0.158400, -0.554400, 0.391151
0.158400, -0.514800, 0.400281
0.158400, -0.475200, 0.408187
0.158400, -0.435600, 0.418223
0.158400, -0.396000, 0.430366
0.158400, -0.356400, 0.440480
0.158400, -0.316800, 0.452428
0.158400, -0.277200, 0.465085
0.158400, -0.237600, 0.478639
0.158400, -0.198000, 0.493150
0.158400, -0.158400, 0.505869
0.158400, -0.118800, 0.521855
0.158400, -0.079200, 0.536433
0.158400, -0.039600, 0.552648
0.158400, 0, 0.568601
0.158400, 0.039600, 0.583791
0.158400, 0.079200, 0.599536
0.158400, 0.118800, 0.615494
0.158400, 0.158400, 0.630820
0.158400, 0.198000, 0.645643
0.158400, 0.237600, 0.660447
0.158400, 0.277200, 0.674767
0.158400, 0.316800, 0.687490
0.158400, 0.356400, 0.700023
0.158400, 0.396000, 0.712299
0.158400, 0.435600, 0.722001
0.158400, 0.475200, 0.731843
0.158400, 0.514800, 0.740070
0.158400, 0.554400, 0.745937
0.158400, 0.594000, 0.751555
0.158400, 0.633600, 0.755672
0.158400, 0.673200, 0.759010
0.158400, 0.712800, 0.760645
0.158400, 0.752400, 0.760519
0.158400, 0.792000, 0.760995
0.158400, 0.831600, 0.759396
0.158400, 0.871200, 0.757892
0.158400, 0.910800, 0.756080
0.158400, 0.950400, 0.753093
0.198000, -0.950400, 0.353373
0.198000, -0.910800, 0.357300
0.198000, -0.871200, 0.360991
0.198000, -0.831600, 0.365659
0.198000, -0.792000, 0.371411
0.198000, -0.752400, 0.375482
0.198000, -0.712800, 0.381618
0.198000, -0.673200, 0.388035
0.198000, -0.633600, 0.396388
0.198000, -0.594000, 0.403922
0.198000, -0.554400, 0.412682
0.198000, -0.514800, 0.422208
0.198000, -0.475200, 0.432006
0.198000, -0.435600, 0.442124
0.198000, -0.396000, 0.453432
0.198000, -0.356400, 0.466039
0.198000, -0.316800, 0.478459
0.198000, -0.277200, 0.490473
0.198000, -0.237600, 0.504190
0.198000, -0.198000, 0.518860
0.198000, -0.158400, 0.533371
0.198000, -0.118800, 0.549159
0.198000, -0.079200, 0.565123
0.198000, -0.039600, 0.581703
0.198000, 0, 0.596772
0.198000, 0.039600, 0.614042
0.198000, 0.079200, 0.630382
0.198000, 0.118800, 0.645938
0.198000, 0.158400, 0.662723
0.198000, 0.198000, 0.677558
0.198000, 0.237600, 0.693659
0.198000, 0.277200, 0.707536
0.198000, 0.316800, 0.721121
0.198000, 0.356400, 0.734449
0.198000, 0.396000, 0.746169
0.198000, 0.435600, 0.756580
0.198000, 0.475200, 0.765599
0.198000, 0.514800, 0.771931
0.198000, 0.554400, 0.779016
0.198000, 0.594000, 0.783865
0.198000, 0.633600, 0.787477
0.198000, 0.673200, 0.788722
0.198000, 0.712800, 0.790205
0.198000, 0.752400, 0.789995
0.198000, 0.792000, 0.789312
0.198000, 0.831600, 0.786858
0.198000, 0.871200, 0.783821
0.198000, 0.910800, 0.780032
0.198000, 0.950400, 0.776419
0.237600, -0.950400, 0.369256
0.237600, -0.910800, 0.372244
0.237600, -0.871200, 0.377326
0.237600, -0.831600, 0.382989
0.237600, -0.792000, 0.388621
0.237600, -0.752400, 0.394114
0.237600, -0.712800, 0.400479
0.237600, -0.673200, 0.407817
0.237600, -0.633600, 0.416150
0.237600, -0.594000, 0.424722
0.237600, -0.554400, 0.432675
0.237600, -0.514800, 0.443036
0.237600, -0.475200, 0.453555
0.237600, -0.435600, 0.464654
0.237600, -0.396000, 0.476234
0.237600, -0.356400, 0.488281
0.237600, -0.316800, 0.502797
0.237600, -0.277200, 0.515389
0.237600, -0.237600, 0.529136
0.237600, -0.198000, 0.544206
0.237600, -0.158400, 0.559762
0.237600, -0.118800, 0.576539
0.237600, -0.079200, 0.591792
0.237600, -0.039600, 0.608793
0.237600, 0, 0.625687
0.237600, 0.039600, 0.642745
0.237600, 0.079200, 0.660237
0.237600, 0.118800, 0.676837
0.237600, 0.158400, 0.693576
0.237600, 0.198000, 0.710921
0.237600, 0.237600, 0.727626
0.237600, 0.277200, 0.741867
0.237600, 0.316800, 0.755620
0.237600, 0.356400, 0.768423
0.237600, 0.396000, 0.780328
0.237600, 0.435600, 0.790651
0.237600, 0.475200, 0.799877
0.237600, 0.514800, 0.807891
0.237600, 0.554400, 0.813605
0.237600, 0.594000, 0.817442
0.237600, 0.633600, 0.819723
0.237600, 0.673200, 0.821434
0.237600, 0.712800, 0.821303
0.237600, 0.752400, 0.819825
0.237600, 0.792000, 0.817865
0.237600, 0.831600, 0.813876
0.237600, 0.871200, 0.809454
0.237600, 0.910800, 0.805020
0.237600, 0.950400, 0.800090
0.277200, -0.950400, 0.383971
0.277200, -0.910800, 0.389089
0.277200, -0.871200, 0.393673
0.277200, -0.831600, 0.399274
0.277200, -0.792000, 0.405019
0.277200, -0.752400, 0.411537
0.277200, -0.712800, 0.418645
0.277200, -0.673200, 0.426906
0.277200, -0.633600, 0.434918
0.277200, -0.594000, 0.444611
0.277200, -0.554400, 0.453562
0.277200, -0.514800, 0.464142
0.277200, -0.475200, 0.473486
0.277200, -0.435600, 0.485495
0.277200, -0.396000, 0.498682
0.277200, -0.356400, 0.511773
0.277200, -0.316800, 0.524467
0.277200, -0.277200, 0.539812
0.277200, -0.237600, 0.554205
0.277200, -0.198000, 0.570014
0.277200, -0.158400, 0.585445
0.277200, -0.118800, 0.602242
0.277200, -0.079200, 0.619543
0.277200, -0.039600, 0.636371
0.277200, 0, 0.654965
0.277200, 0.039600, 0.673122
0.277200, 0.079200, 0.691547
0.277200, 0.118800, 0.708887
0.277200, 0.158400, 0.726681
0.277200, 0.198000, 0.743268
0.277200, 0.237600, 0.760303
0.277200, 0.277200, 0.777012
0.277200, 0.316800, 0.792829
0.277200, 0.356400, 0.805224
0.277200, 0.396000, 0.817252
0.277200, 0.435600, 0.827881
0.277200, 0.475200, 0.837003
0.277200, 0.514800, 0.843389
0.277200, 0.554400, 0.848899
0.277200, 0.594000, 0.853020
0.277200, 0.633600, 0.854677
0.277200, 0.673200, 0.855257
0.277200, 0.712800, 0.853702
0.277200, 0.752400, 0.850287
0.277200, 0.792000, 0.846677
0.277200, 0.831600, 0.842217
0.277200, 0.871200, 0.836747
0.277200, 0.910800, 0.830764
0.277200, 0.950400, 0.824414
0.316800, -0.910800, 0.404419
0.316800, -0.871200, 0.408771
0.316800, -0.831600, 0.415766
0.316800, -0.792000, 0.422504
0.316800, -0.752400, 0.429229
0.316800, -0.712800, 0.437077
0.316800, -0.673200, 0.444435
0.316800, -0.633600, 0.452959
0.316800, -0.594000, 0.462659
0.316800, -0.554400, 0.472603
0.316800, -0.514800, 0.483690
0.316800, -0.475200, 0.495965
0.316800, -0.435600, 0.507291
0.316800, -0.396000, 0.520057
0.316800, -0.356400, 0.533655
0.316800, -0.316800, 0.547363
0.316800, -0.277200, 0.564068
0.316800, -0.237600, 0.577931
0.316800, -0.198000, 0.594846
0.316800, -0.158400, 0.611348
0.316800, -0.118800, 0.628002
0.316800, -0.079200, 0.646096
0.316800, -0.039600, 0.664091
0.316800, 0, 0.683448
0.316800, 0.039600, 0.702592
0.316800, 0.079200, 0.720799
0.316800, 0.118800, 0.739960
0.316800, 0.158400, 0.758835
0.316800, 0.198000, 0.776523
0.316800, 0.237600, 0.794316
0.316800, 0.277200, 0.811532
0.316800, 0.316800, 0.827722
0.316800, 0.356400, 0.842150
0.316800, 0.396000, 0.854908
0.316800, 0.435600, 0.866001
0.316800, 0.475200, 0.875229
0.316800, 0.514800, 0.881883
0.316800, 0.554400, 0.887373
0.316800, 0.594000, 0.889627
0.316800, 0.633600, 0.890995
0.316800, 0.673200, 0.889673
0.316800, 0.712800, 0.887237
0.316800, 0.752400, 0.883221
0.316800, 0.792000, 0.878100
0.316800, 0.831600, 0.871574
0.316800, 0.871200, 0.864206
0.316800, 0.910800, 0.856638
0.356400, -0.910800, 0.418886
0.356400, -0.871200, 0.424320
0.356400, -0.831600, 0.430862
0.356400, -0.792000, 0.438690
0.356400, -0.752400, 0.445642
0.356400, -0.712800, 0.454124
0.356400, -0.673200, 0.461985
0.356400, -0.633600, 0.472648
0.356400, -0.594000, 0.481579
0.356400, -0.554400, 0.492294
0.356400, -0.514800, 0.503895
0.356400, -0.475200, 0.515696
0.356400, -0.435600, 0.528644
0.356400, -0.396000, 0.541698
0.356400, -0.356400, 0.554741
0.356400, -0.316800, 0.570573
0.356400, -0.277200, 0.585219
0.356400, -0.237600, 0.600667
0.356400, -0.198000, 0.618359
0.356400, -0.158400, 0.636886
0.356400, -0.118800, 0.654503
0.356400, -0.079200, 0.672260
0.356400, -0.039600, 0.692359
0.356400, 0, 0.711817
0.356400, 0.039600, 0.731727
0.356400, 0.079200, 0.751200
0.356400, 0.118800, 0.772235
0.356400, 0.158400, 0.792206
0.356400, 0.198000, 0.811891
0.356400, 0.237600, 0.829641
0.356400, 0.277200, 0.848304
0.356400, 0.316800, 0.865812
0.356400, 0.356400, 0.881346
0.356400, 0.396000, 0.895201
0.356400, 0.435600, 0.906577
0.356400, 0.475200, 0.916197
0.356400, 0.514800, 0.921949
0.356400, 0.554400, 0.926679
0.356400, 0.594000, 0.929014
0.356400, 0.633600, 0.929552
0.356400, 0.673200, 0.925974
0.356400, 0.712800, 0.922698
0.356400, 0.752400, 0.915869
0.356400, 0.792000, 0.909505
0.356400, 0.831600, 0.901294
0.356400, 0.871200, 0.892856
0.356400, 0.910800, 0.883124
0.396000, -0.910800, 0.433196
0.396000, -0.871200, 0.439131
0.396000, -0.831600, 0.446762
0.396000, -0.792000, 0.454571
0.396000, -0.752400, 0.461457
0.396000, -0.712800, 0.470314
0.396000, -0.673200, 0.478879
0.396000, -0.633600, 0.488448
0.396000, -0.594000, 0.498914
0.396000, -0.554400, 0.510073
0.396000, -0.514800, 0.523008
0.396000, -0.475200, 0.534607
0.396000, -0.435600, 0.548194
0.396000, -0.396000, 0.561601
0.396000, -0.356400, 0.575354
0.396000, -0.316800, 0.591104
0.396000, -0.277200, 0.607502
0.396000, -0.237600, 0.623819
0.396000, -0.198000, 0.642044
0.396000, -0.158400, 0.658813
0.396000, -0.118800, 0.679819
0.396000, -0.079200, 0.698714
0.396000, -0.039600, 0.718087
0.396000, 0, 0.739969
0.396000, 0.039600, 0.760635
0.396000, 0.079200, 0.781970
0.396000, 0.118800, 0.804032
0.396000, 0.158400, 0.824789
0.396000, 0.198000, 0.846745
0.396000, 0.237600, 0.866913
0.396000, 0.277200, 0.886490
0.396000, 0.316800, 0.905531
0.396000, 0.356400, 0.921973
0.396000, 0.396000, 0.937235
0.396000, 0.435600, 0.948967
0.396000, 0.475200, 0.958711
0.396000, 0.514800, 0.965530
0.396000, 0.554400, 0.969294
0.396000, 0.594000, 0.970596
0.396000, 0.633600, 0.968822
0.396000, 0.673200, 0.964629
0.396000, 0.712800, 0.958437
0.396000, 0.752400, 0.951021
0.396000, 0.792000, 0.941489
0.396000, 0.831600, 0.931824
0.396000, 0.871200, 0.921064
0.396000, 0.910800, 0.909780
0.435600, -0.871200, 0.454014
0.435600, -0.831600, 0.460291
0.435600, -0.792000, 0.468845
0.435600, -0.752400, 0.476981
0.435600, -0.712800, 0.486258
0.435600, -0.673200, 0.495907
0.435600, -0.633600, 0.506202
0.435600, -0.594000, 0.517006
0.435600, -0.554400, 0.528149
0.435600, -0.514800, 0.540780
0.435600, -0.475200, 0.552148
0.435600, -0.435600, 0.567298
0.435600, -0.396000, 0.581532
0.435600, -0.356400, 0.595832
0.435600, -0.316800, 0.612656
0.435600, -0.277200, 0.628930
0.435600, -0.237600, 0.646573
0.435600, -0.198000, 0.664044
0.435600, -0.158400, 0.683320
0.435600, -0.118800, 0.703070
0.435600, -0.079200, 0.724274
0.435600, -0.039600, 0.745529
0.435600, 0, 0.767222
0.435600, 0.039600, 0.789429
0.435600, 0.079200, 0.812711
0.435600, 0.118800, 0.835239
0.435600, 0.158400, 0.859117
0.435600, 0.198000, 0.881495
0.435600, 0.237600, 0.903931
0.435600, 0.277200, 0.926100
0.435600, 0.316800, 0.946210
0.435600, 0.356400, 0.964844
0.435600, 0.396000, 0.981168
0.435600, 0.435600, 0.994482
0.435600, 0.712800, 0.996881
0.435600, 0.752400, 0.986794
0.435600, 0.792000, 0.975333
0.435600, 0.831600, 0.963191
0.435600, 0.871200, 0.950263
0.475200, -0.871200, 0.467911
0.475200, -0.831600, 0.475366
0.475200, -0.792000, 0.484248
0.475200, -0.752400, 0.492357
0.475200, -0.712800, 0.501126
0.475200, -0.673200, 0.510828
0.475200, -0.633600, 0.521609
0.475200, -0.594000, 0.533290
0.475200, -0.554400, 0.544509
0.475200, -0.514800, 0.557054
0.475200, -0.475200, 0.569611
0.475200, -0.435600, 0.585625
0.475200, -0.396000, 0.599480
0.475200, -0.356400, 0.615879
0.475200, -0.316800, 0.631680
0.475200, -0.277200, 0.649081
0.475200, -0.237600, 0.667341
0.475200, -0.198000, 0.685684
0.475200, -0.158400, 0.706434
0.475200, -0.118800, 0.726897
0.475200, -0.079200, 0.748049
0.475200, -0.039600, 0.770688
0.475200, 0, 0.793056
0.475200, 0.039600, 0.818303
0.475200, 0.079200, 0.842426
0.475200, 0.118800, 0.867343
0.475200, 0.158400, 0.892469
0.475200, 0.198000, 0.918457
0.475200, 0.237600, 0.942659
0.475200, 0.277200, 0.966677
0.475200, 0.316800, 0.989294
0.475200, 0.831600, 0.994851
0.475200, 0.871200, 0.979199
0.514800, -0.831600, 0.489334
0.514800, -0.792000, 0.497508
0.514800, -0.752400, 0.505461
0.514800, -0.712800, 0.517493
0.514800, -0.673200, 0.526315
0.514800, -0.633600, 0.537290
0.514800, -0.594000, 0.548605
0.514800, -0.554400, 0.560608
0.514800, -0.514800, 0.574000
0.514800, -0.475200, 0.586768
0.514800, -0.435600, 0.601972
0.514800, -0.396000, 0.617766
0.514800, -0.356400, 0.633418
0.514800, -0.316800, 0.651538
0.514800, -0.277200, 0.669267
0.514800, -0.237600, 0.688066
0.514800, -0.198000, 0.707332
0.514800, -0.158400, 0.727876
0.514800, -0.118800, 0.749751
0.514800, -0.079200, 0.771893
0.514800, -0.039600, 0.795514
0.514800, 0, 0.821141
0.514800, 0.039600, 0.845723
0.514800, 0.079200, 0.871928
0.514800, 0.118800, 0.899037
0.514800, 0.158400, 0.926424
0.514800, 0.198000, 0.954288
0.514800, 0.237600, 0.981732
0.554400, -0.831600, 0.502148
0.554400, -0.792000, 0.511731
0.554400, -0.752400, 0.520299
0.554400, -0.712800, 0.530642
0.554400, -0.673200, 0.541740
0.554400, -0.633600, 0.552452
0.554400, -0.594000, 0.564079
0.554400, -0.554400, 0.575509
0.554400, -0.514800, 0.590003
0.554400, -0.475200, 0.603723
0.554400, -0.435600, 0.618576
0.554400, -0.396000, 0.633989
0.554400, -0.356400, 0.651689
0.554400, -0.316800, 0.669575
0.554400, -0.277200, 0.687642
0.554400, -0.237600, 0.706821
0.554400, -0.198000, 0.726873
0.554400, -0.158400, 0.748954
0.554400, -0.118800, 0.772286
0.554400, -0.079200, 0.794360
0.554400, -0.039600, 0.819920
0.554400, 0, 0.846331
0.554400, 0.039600, 0.873154
0.554400, 0.079200, 0.901297
0.554400, 0.118800, 0.930147
0.554400, 0.158400, 0.959838
0.554400, 0.198000, 0.990505
0.594000, -0.792000, 0.523175
0.594000, -0.752400, 0.533956
0.594000, -0.712800, 0.543998
0.594000, -0.673200, 0.554699
0.594000, -0.633600, 0.566290
0.594000, -0.594000, 0.578714
0.594000, -0.554400, 0.591619
0.594000, -0.514800, 0.604925
0.594000, -0.475200, 0.618619
0.594000, -0.435600, 0.635382
0.594000, -0.396000, 0.650710
0.594000, -0.356400, 0.668139
0.594000, -0.316800, 0.686398
0.594000, -0.277200, 0.706093
0.594000, -0.237600, 0.725246
0.594000, -0.198000, 0.746187
0.594000, -0.158400, 0.768244
0.594000, -0.118800, 0.792315
0.594000, -0.079200, 0.816283
0.594000, -0.039600, 0.843399
0.594000, 0, 0.869811
0.594000, 0.039600, 0.898410
0.594000, 0.079200, 0.928799
0.594000, 0.118800, 0.960181
0.594000, 0.158400, 0.992995
0.633600, -0.752400, 0.545669
0.633600, -0.712800, 0.555771
0.633600, -0.673200, 0.568120
0.633600, -0.633600, 0.579415
0.633600, -0.594000, 0.591511
0.633600, -0.554400, 0.605719
0.633600, -0.514800, 0.619438
0.633600, -0.475200, 0.634539
0.633600, -0.435600, 0.650641
0.633600, -0.396000, 0.666586
0.633600, -0.356400, 0.682819
0.633600, -0.316800, 0.703339
0.633600, -0.277200, 0.722260
0.633600, -0.237600, 0.743290
0.633600, -0.198000, 0.764411
0.633600, -0.158400, 0.787388
0.633600, -0.118800, 0.812168
0.633600, -0.079200, 0.837543
0.633600, -0.039600, 0.864455
0.633600, 0, 0.892655
0.633600, 0.039600, 0.922895
0.633600, 0.079200, 0.955524
0.633600, 0.118800, 0.988917
0.673200, -0.712800, 0.569007
0.673200, -0.673200, 0.579511
0.673200, -0.633600, 0.592262
0.673200, -0.594000, 0.605389
0.673200, -0.554400, 0.618512
0.673200, -0.514800, 0.632888
0.673200, -0.475200, 0.648042
0.673200, -0.435600, 0.663755
0.673200, -0.396000, 0.680729
0.673200, -0.356400, 0.698409
0.673200, -0.316800, 0.717049
0.673200, -0.277200, 0.737964
0.673200, -0.237600, 0.758458
0.673200, -0.198000, 0.780486
0.673200, -0.158400, 0.804738
0.673200, -0.118800, 0.829958
0.673200, -0.079200, 0.856383
0.673200, -0.039600, 0.884286
0.673200, 0, 0.914052
0.673200, 0.039600, 0.946190
0.673200, 0.079200, 0.980291
0.712800, -0.673200, 0.592030
0.712800, -0.633600, 0.604641
0.712800, -0.594000, 0.617258
0.712800, -0.554400, 0.630400
0.712800, -0.514800, 0.645833
0.712800, -0.475200, 0.660564
0.712800, -0.435600, 0.677656
0.712800, -0.396000, 0.694071
0.712800, -0.356400, 0.712055
0.712800, -0.316800, 0.731721
0.712800, -0.277200, 0.752069
0.712800, -0.237600, 0.773139
0.712800, -0.198000, 0.796597
0.712800, -0.158400, 0.820538
0.712800, -0.118800, 0.845401
0.712800, -0.079200, 0.873997
0.712800, -0.039600, 0.902152
0.712800, 0, 0.933892
0.712800, 0.039600, 0.966718
0.752400, -0.633600, 0.614773
0.752400, -0.594000, 0.628152
0.752400, -0.554400, 0.642125
0.752400, -0.514800, 0.657241
0.752400, -0.475200, 0.672294
0.752400, -0.435600, 0.689275
0.752400, -0.396000, 0.706753
0.752400, -0.356400, 0.725503
0.752400, -0.316800, 0.744861
0.752400, -0.277200, 0.765280
0.752400, -0.237600, 0.787443
0.752400, -0.198000, 0.809639
0.752400, -0.158400, 0.834134
0.752400, -0.118800, 0.860852
0.752400, -0.079200, 0.888838
0.752400, -0.039600, 0.919056
0.752400, 0, 0.950487
0.752400, 0.039600, 0.985206
0.792000, -0.594000, 0.640538
0.792000, -0.554400, 0.653181
0.792000, -0.514800, 0.668212
0.792000, -0.475200, 0.684187
0.792000, -0.435600, 0.700761
0.792000, -0.396000, 0.718136
0.792000, -0.356400, 0.736522
0.792000, -0.316800, 0.756394
0.792000, -0.277200, 0.777601
0.792000, -0.237600, 0.798932
0.792000, -0.198000, 0.822547
0.792000, -0.158400, 0.847510
0.792000, -0.118800, 0.874181
0.792000, -0.079200, 0.902253
0.792000, -0.039600, 0.932462
0.792000, 0, 0.965367
0.831600, -0.554400, 0.664410
0.831600, -0.514800, 0.678281
0.831600, -0.475200, 0.693696
0.831600, -0.435600, 0.711338
0.831600, -0.396000, 0.729356
0.831600, -0.356400, 0.747082
0.831600, -0.316800, 0.767512
0.831600, -0.277200, 0.788655
0.831600, -0.237600, 0.809741
0.831600, -0.198000, 0.833674
0.831600, -0.158400, 0.859162
0.831600, -0.118800, 0.885546
0.831600, -0.079200, 0.913669
0.831600, -0.039600, 0.944685
0.831600, 0, 0.977841
0.871200, -0.475200, 0.705051
0.871200, -0.435600, 0.720320
0.871200, -0.396000, 0.738151
0.871200, -0.356400, 0.757823
0.871200, -0.316800, 0.776423
0.871200, -0.277200, 0.797632
0.871200, -0.237600, 0.819960
0.871200, -0.198000, 0.843680
0.871200, -0.158400, 0.868791
0.871200, -0.118800, 0.895382
0.871200, -0.079200, 0.923675
0.871200, -0.039600, 0.954318
0.871200, 0, 0.987078
0.910800, -0.396000, 0.746596
0.910800, -0.356400, 0.764877
0.910800, -0.316800, 0.785152
0.910800, -0.277200, 0.806083
0.910800, -0.237600, 0.828274
0.910800, -0.198000, 0.851323
0.910800, -0.158400, 0.876240
0.910800, -0.118800, 0.902524
0.910800, -0.079200, 0.930994
0.910800, -0.039600, 0.961246
0.910800, 0, 0.994121
0.950400, -0.277200, 0.812497
0.950400, -0.237600, 0.834791
0.950400, -0.198000, 0.858303
0.950400, -0.158400, 0.882246
0.950400, -0.118800, 0.908832
0.950400, -0.079200, 0.935727
0.950400, -0.039600, 0.966247
0.950400, 0, 0.998159
0.990000, -0.118800, 0.912144
0.990000, -0.079200, 0.940076
0.990000, -0.039600, 0.969047
0.990000, 0, 0.999943
1.000000, 0, 1.000000
0.498185, 0.867071, 0.998228
0.492727, 0.870184, 0.992819
0.487250, 0.873262, 0.987524
0.481754, 0.876307, 0.982209
0.476238, 0.879316, 0.976883
0.470704, 0.882291, 0.971575
0.465151, 0.885231, 0.966465
0.459580, 0.888136, 0.961123
0.453990, 0.891007, 0.956553
0.448383, 0.893841, 0.951265
0.442758, 0.896641, 0.946744
0.437116, 0.899405, 0.941223
0.431456, 0.902134, 0.936324
0.425779, 0.904827, 0.931752
0.420086, 0.907484, 0.926875
0.414376, 0.910106, 0.922085
0.408649, 0.912692, 0.917767
0.402906, 0.915241, 0.912874
0.397148, 0.917755, 0.908343
0.391374, 0.920232, 0.903802
0.385584, 0.922673, 0.899514
0.379779, 0.925077, 0.895058
0.373959, 0.927445, 0.890477
0.368125, 0.929776, 0.886530
0.362275, 0.932071, 0.882031
0.356412, 0.934329, 0.877445
0.350534, 0.936550, 0.872497
0.344643, 0.938734, 0.868418
0.338738, 0.940881, 0.865286
0.332820, 0.942991, 0.859976
0.326888, 0.945063, 0.856401
0.320944, 0.947098, 0.851516
0.314987, 0.949096, 0.847458
0.309017, 0.951057, 0.843518
0.303035, 0.952979, 0.839628
0.297042, 0.954865, 0.834946
0.291036, 0.956712, 0.831377
0.285019, 0.958522, 0.827535
0.278991, 0.960294, 0.823871
0.272952, 0.962028, 0.820020
0.266902, 0.963724, 0.815619
0.260842, 0.965382, 0.811730
0.254771, 0.967001, 0.808112
0.248690, 0.968583, 0.803961
0.242599, 0.970127, 0.799478
0.236499, 0.971632, 0.795853
0.230389, 0.973099, 0.791647
0.224271, 0.974527, 0.789046
0.218143, 0.975917, 0.784927
0.212007, 0.977268, 0.780767
0.205863, 0.978581, 0.777896
0.199710, 0.979855, 0.774239
0.193549, 0.981091, 0.770182
0.187381, 0.982287, 0.766496
0.181206, 0.983445, 0.762936
0.175023, 0.984564, 0.759082
0.168833, 0.985645, 0.754728
0.162637, 0.986686, 0.751999
0.156434, 0.987688, 0.748218
0.150226, 0.988652, 0.745014
0.144011, 0.989576, 0.741821
0.137790, 0.990461, 0.738023
0.131564, 0.991308, 0.733990
0.125333, 0.992115, 0.730883
0.119097, 0.992883, 0.728012
0.112856, 0.993611, 0.724246
0.106611, 0.994301, 0.721096
0.100362, 0.994951, 0.716800
0.094108, 0.995562, 0.714429
0.087851, 0.996134, 0.709921
0.081591, 0.996666, 0.706902
0.075327, 0.997159, 0.703419
0.069060, 0.997613, 0.700864
0.062791, 0.998027, 0.698232
0.056519, 0.998402, 0.693951
0.050244, 0.998737, 0.690445
0.043968, 0.999033, 0.687219
0.037690, 0.999289, 0.683948
0.031411, 0.999507, 0.680814
0.025130, 0.999684, 0.676819
0.018848, 0.999822, 0.674773
0.012566, 0.999921, 0.670877
0.006283, 0.999980, 0.667774
0, 1.000000, 0.664247
-0.006283, 0.999980, 0.661593
-0.012566, 0.999921, 0.658166
-0.018848, 0.999822, 0.655467
-0.025130, 0.999684, 0.652694
-0.031411, 0.999507, 0.648693
-0.037690, 0.999289, 0.645711
-0.043968, 0.999033, 0.642584
-0.050244, 0.998737, 0.639333
-0.056519, 0.998402, 0.635977
-0.062791, 0.998027, 0.632831
-0.069060, 0.997613, 0.630537
-0.075327, 0.997159, 0.627256
-0.081591, 0.996666, 0.623527
-0.087851, 0.996134, 0.620369
-0.094108, 0.995562, 0.617679
-0.100362, 0.994951, 0.614026
-0.106611, 0.994301, 0.611552
-0.112856, 0.993611, 0.608794
-0.119097, 0.992883, 0.606081
-0.125333, 0.992115, 0.603513
-0.131564, 0.991308, 0.600685
-0.137790, 0.990461, 0.596924
-0.144011, 0.989576, 0.594236
-0.150226, 0.988652, 0.590687
-0.156434, 0.987688, 0.587756
-0.162637, 0.986686, 0.584383
-0.168833, 0.985645, 0.581764
-0.175023, 0.984564, 0.579678
-0.181206, 0.983445, 0.575893
-0.187381, 0.982287, 0.572624
-0.193549, 0.981091, 0.570723
-0.199710, 0.979855, 0.567329
-0.205863, 0.978581, 0.563549
-0.212007, 0.977268, 0.561091
-0.218143, 0.975917, 0.558308
-0.224271, 0.974527, 0.554351
-0.230389, 0.973099, 0.552055
-0.236499, 0.971632, 0.549572
-0.242599, 0.970127, 0.547358
-0.248690, 0.968583, 0.543158
-0.254771, 0.967001, 0.541812
-0.260842, 0.965382, 0.537686
-0.266902, 0.963724, 0.535970
-0.272952, 0.962028, 0.531736
-0.278991, 0.960294, 0.528226
-0.285019, 0.958522, 0.525786
-0.291036, 0.956712, 0.523157
-0.297042, 0.954865, 0.519770
-0.303035, 0.952979, 0.517238
-0.309017, 0.951057, 0.514250
-0.314987, 0.949096, 0.512417
-0.320944, 0.947098, 0.509336
-0.326888, 0.945063, 0.506172
-0.332820, 0.942991, 0.503182
-0.338738, 0.940881, 0.500700
-0.344643, 0.938734, 0.497549
-0.350534, 0.936550, 0.495769
-0.356412, 0.934329, 0.490865
-0.362275, 0.932071, 0.489379
-0.368125, 0.929776, 0.485920
-0.373959, 0.927445, 0.484205
-0.379779, 0.925077, 0.481019
-0.385584, 0.922673, 0.477131
-0.391374, 0.920232, 0.474579
-0.397148, 0.917755, 0.470976
-0.402906, 0.915241, 0.469152
-0.408649, 0.912692, 0.466745
-0.414376, 0.910106, 0.463275
-0.420086, 0.907484, 0.460167
-0.425779, 0.904827, 0.456995
-0.431456, 0.902134, 0.455008
-0.437116, 0.899405, 0.451214
-0.442758, 0.896641, 0.449237
-0.448383, 0.893841, 0.447078
-0.453990, 0.891007, 0.442735
-0.459580, 0.888136, 0.440147
-0.465151, 0.885231, 0.437371
-0.470704, 0.882291, 0.434489
-0.476238, 0.879316, 0.431986
-0.481754, 0.876307, 0.429517
-0.487250, 0.873262, 0.426493
-0.492727, 0.870184, 0.424911
-0.498185, 0.867071, 0.420725
-0.503623, 0.863923, 0.417119
-0.509041, 0.860742, 0.414832
-0.514440, 0.857527, 0.411849
-0.519817, 0.854277, 0.409401
-0.525175, 0.850994, 0.406531
-0.530511, 0.847678, 0.403401
-0.535827, 0.844328, 0.400587
-0.541121, 0.840945, 0.397799
-0.546394, 0.837528, 0.394375
-0.551646, 0.834078, 0.391219
-0.556876, 0.830596, 0.389492
-0.562083, 0.827081, 0.386937
-0.567269, 0.823533, 0.383108
-0.572432, 0.819952, 0.380407
-0.577573, 0.816339, 0.378890
-0.582690, 0.812694, 0.374911
-0.587785, 0.809017, 0.370830
-0.592857, 0.805308, 0.368744
-0.597905, 0.801567, 0.366497
-0.602930, 0.797794, 0.362955
-0.607930, 0.793990, 0.361243
-0.612907, 0.790155, 0.357750
-0.617860, 0.786288, 0.355189
-0.622788, 0.782391, 0.351321
-0.627691, 0.778462, 0.348267
-0.632570, 0.774503, 0.346188
-0.637424, 0.770513, 0.342642
-0.642253, 0.766493, 0.340035
-0.647056, 0.762443, 0.337045
-0.651834, 0.758362, 0.334311
-0.656586, 0.754251, 0.330785
-0.661312, 0.750111, 0.327596
-0.666012, 0.745941, 0.325199
-0.670686, 0.741742, 0.322408
-0.675333, 0.737513, 0.318034
-0.679953, 0.733255, 0.316189
-0.684547, 0.728969, 0.313708
-0.689114, 0.724653, 0.310081
-0.693653, 0.720309, 0.307429
-0.698165, 0.715936, 0.304989
-0.702650, 0.711536, 0.300631
-0.707107, 0.707107, 0.298957
-0.711536, 0.702650, 0.294972
-0.715936, 0.698165, 0.291810
-0.720309, 0.693653, 0.288843
-0.724653, 0.689114, 0.286146
-0.728969, 0.684547, 0.283049
-0.733255, 0.679953, 0.280120
-0.737513, 0.675333, 0.276740
-0.741742, 0.670686, 0.274275
-0.745941, 0.666012, 0.271646
-0.750111, 0.661312, 0.267623
-0.754251, 0.656586, 0.264857
-0.758362, 0.651834, 0.261790
-0.762443, 0.647056, 0.258472
-0.766493, 0.642253, 0.255009
-0.770513, 0.637424, 0.252147
-0.774503, 0.632570, 0.248202
-0.778462, 0.627691, 0.246109
-0.782391, 0.622788, 0.242396
-0.786288, 0.617860, 0.239438
-0.790155, 0.612907, 0.236485
-0.793990, 0.607930, 0.233473
-0.797794, 0.602930, 0.230264
-0.801567, 0.597905, 0.226281
-0.805308, 0.592857, 0.224020
-0.809017, 0.587785, 0.219017
-0.812694, 0.582690, 0.216967
-0.816339, 0.577573, 0.213326
-0.819952, 0.572432, 0.210493
-0.823533, 0.567269, 0.207009
-0.827081, 0.562083, 0.203047
-0.830596, 0.556876, 0.200281
-0.834078, 0.551646, 0.197325
-0.837528, 0.546394, 0.193732
-0.840945, 0.541121, 0.190289
-0.844328, 0.535827, 0.186708
-0.847678, 0.530511, 0.184016
-0.850994, 0.525175, 0.180159
-0.854277, 0.519817, 0.176258
-0.857527, 0.514440, 0.172824
-0.860742, 0.509041, 0.169291
-0.863923, 0.503623, 0.166284
-0.867071, 0.498185, 0.163160
-0.870184, 0.492727, 0.159068
-0.873262, 0.487250, 0.155894
-0.876307, 0.481754, 0.152074
-0.879316, 0.476238, 0.148590
-0.882291, 0.470704, 0.144759
-0.885231, 0.465151, 0.141273
-0.888136, 0.459580, 0.137794
-0.891007, 0.453990, 0.134594
-0.893841, 0.448383, 0.130295
-0.896641, 0.442758, 0.127520
-0.899405, 0.437116, 0.124699
-0.902134, 0.431456, 0.119525
-0.904827, 0.425779, 0.115197
-0.907484, 0.420086, 0.112106
-0.910106, 0.414376, 0.108376
-0.912692, 0.408649, 0.104254
-0.915241, 0.402906, 0.101028
-0.917755, 0.397148, 0.097292
-0.920232, 0.391374, 0.093019
-0.922673, 0.385584, 0.089048
-0.925077, 0.379779, 0.085216
-0.927445, 0.373959, 0.081313
-0.929776, 0.368125, 0.077271
-0.932071, 0.362275, 0.073392
-0.934329, 0.356412, 0.069422
-0.936550, 0.350534, 0.065493
-0.938734, 0.344643, 0.061198
-0.940881, 0.338738, 0.057302
-0.942991, 0.332820, 0.052926
-0.945063, 0.326888, 0.049076
-0.947098, 0.320944, 0.044661
-0.949096, 0.314987, 0.040922
-0.951057, 0.309017, 0.036913
-0.952979, 0.303035, 0.032298
-0.954865, 0.297042, 0.027903
-0.956712, 0.291036, 0.023470
-0.958522, 0.285019, 0.019425
-0.960294, 0.278991, 0.014606
-0.962028, 0.272952, 0.010318
-0.963724, 0.266902, 0.005875
-0.965382, 0.260842, 0.001507
-0.498185, -0.867071, 0.001319
-0.492727, -0.870184, 0.005273
-0.487250, -0.873262, 0.009571
-0.481754, -0.876307, 0.013459
-0.476238, -0.879316, 0.017679
-0.470704, -0.882291, 0.021567
-0.465151, -0.885231, 0.025450
-0.459580, -0.888136, 0.029390
-0.453990, -0.891007, 0.033092
-0.448383, -0.893841, 0.036608
-0.442758, -0.896641, 0.041147
-0.437116, -0.899405, 0.044713
-0.431456, -0.902134, 0.048370
-0.425779, -0.904827, 0.052293
-0.420086, -0.907484, 0.055657
-0.414376, -0.910106, 0.059573
-0.408649, -0.912692, 0.063194
-0.402906, -0.915241, 0.066943
-0.397148, -0.917755, 0.070163
-0.391374, -0.920232, 0.074042
-0.385584, -0.922673, 0.077112
-0.379779, -0.925077, 0.081042
-0.373959, -0.927445, 0.084504
-0.368125, -0.929776, 0.087725
-0.362275, -0.932071, 0.091228
-0.356412, -0.934329, 0.094956
-0.350534, -0.936550, 0.098661
-0.344643, -0.938734, 0.101890
-0.338738, -0.940881, 0.105233
-0.332820, -0.942991, 0.108749
-0.326888, -0.945063, 0.111992
-0.320944, -0.947098, 0.114890
-0.314987, -0.949096, 0.118498
-0.309017, -0.951057, 0.121686
-0.303035, -0.952979, 0.125313
-0.297042, -0.954865, 0.128547
-0.291036, -0.956712, 0.131090
-0.285019, -0.958522, 0.134779
-0.278991, -0.960294, 0.137664
-0.272952, -0.962028, 0.141539
-0.266902, -0.963724, 0.144599
-0.260842, -0.965382, 0.148161
-0.254771, -0.967001, 0.150833
-0.248690, -0.968583, 0.154320
-0.242599, -0.970127, 0.157455
-0.236499, -0.971632, 0.160302
-0.230389, -0.973099, 0.163705
-0.224271, -0.974527, 0.166011
-0.218143, -0.975917, 0.169309
-0.212007, -0.977268, 0.172261
-0.205863, -0.978581, 0.174558
-0.199710, -0.979855, 0.178716
-0.193549, -0.981091, 0.181061
-0.187381, -0.982287, 0.183852
-0.181206, -0.983445, 0.187202
-0.175023, -0.984564, 0.190619
-0.168833, -0.985645, 0.193797
-0.162637, -0.986686, 0.195732
-0.156434, -0.987688, 0.199608
-0.150226, -0.988652, 0.201796
-0.144011, -0.989576, 0.205287
-0.137790, -0.990461, 0.208457
-0.131564, -0.991308, 0.210917
-0.125333, -0.992115, 0.214062
-0.119097, -0.992883, 0.215977
-0.112856, -0.993611, 0.219438
-0.106611, -0.994301, 0.222454
-0.100362, -0.994951, 0.224858
-0.094108, -0.995562, 0.227543
-0.087851, -0.996134, 0.231240
-0.081591, -0.996666, 0.233470
-0.075327, -0.997159, 0.236254
-0.069060, -0.997613, 0.238726
-0.062791, -0.998027, 0.241849
-0.056519, -0.998402, 0.244623
-0.050244, -0.998737, 0.247647
-0.043968, -0.999033, 0.249568
-0.037690, -0.999289, 0.252922
-0.031411, -0.999507, 0.254419
-0.025130, -0.999684, 0.257657
-0.018848, -0.999822, 0.260634
-0.012566, -0.999921, 0.262976
-0.006283, -0.999980, 0.266736
0, -1.000000, 0.268564
0.006283, -0.999980, 0.271288
0.012566, -0.999921, 0.274538
0.018848, -0.999822, 0.277409
0.025130, -0.999684, 0.279745
0.031411, -0.999507, 0.281499
0.037690, -0.999289, 0.284011
0.043968, -0.999033, 0.287770
0.050244, -0.998737, 0.291083
0.056519, -0.998402, 0.292971
0.062791, -0.998027, 0.294707
0.069060, -0.997613, 0.298167
0.075327, -0.997159, 0.300335
0.081591, -0.996666, 0.302451
0.087851, -0.996134, 0.305881
0.094108, -0.995562, 0.307560
0.100362, -0.994951, 0.310787
0.106611, -0.994301, 0.313833
0.112856, -0.993611, 0.316133
0.119097, -0.992883, 0.318840
0.125333, -0.992115, 0.320819
0.131564, -0.991308, 0.323038
0.137790, -0.990461, 0.325794
0.144011, -0.989576, 0.329170
0.150226, -0.988652, 0.331140
0.156434, -0.987688, 0.333693
0.162637, -0.986686, 0.336184
0.168833, -0.985645, 0.338342
0.175023, -0.984564, 0.341434
0.181206, -0.983445, 0.344180
0.187381, -0.982287, 0.346176
0.193549, -0.981091, 0.348840
0.199710, -0.979855, 0.351152
0.205863, -0.978581, 0.354205
0.212007, -0.977268, 0.357208
0.218143, -0.975917, 0.358534
0.224271, -0.974527, 0.361847
0.230389, -0.973099, 0.363258
0.236499, -0.971632, 0.366520
0.242599, -0.970127, 0.368678
0.248690, -0.968583, 0.372023
0.254771, -0.967001, 0.373536
0.260842, -0.965382, 0.376193
0.266902, -0.963724, 0.379069
0.272952, -0.962028, 0.381714
0.278991, -0.960294, 0.384352
0.285019, -0.958522, 0.386269
0.291036, -0.956712, 0.388773
0.297042, -0.954865, 0.391118
0.303035, -0.952979, 0.394150
0.309017, -0.951057, 0.396173
0.314987, -0.949096, 0.398878
0.320944, -0.947098, 0.402031
0.326888, -0.945063, 0.402668
0.332820, -0.942991, 0.405857
0.338738, -0.940881, 0.408176
0.344643, -0.938734, 0.410795
0.350534, -0.936550, 0.412263
0.356412, -0.934329, 0.415168
0.362275, -0.932071, 0.417355
0.368125, -0.929776, 0.419797
0.373959, -0.927445, 0.423377
0.379779, -0.925077, 0.425305
0.385584, -0.922673, 0.427359
0.391374, -0.920232, 0.429686
0.397148, -0.917755, 0.432633
0.402906, -0.915241, 0.434408
0.408649, -0.912692, 0.436194
0.414376, -0.910106, 0.439575
0.420086, -0.907484, 0.442876
0.425779, -0.904827, 0.443930
0.431456, -0.902134, 0.447481
0.437116, -0.899405, 0.448782
0.442758, -0.896641, 0.452086
0.448383, -0.893841, 0.454642
0.453990, -0.891007, 0.456690
0.459580, -0.888136, 0.459507
0.465151, -0.885231, 0.461846
0.470704, -0.882291, 0.463875
0.476238, -0.879316, 0.466627
0.481754, -0.876307, 0.469080
0.487250, -0.873262, 0.469830
0.492727, -0.870184, 0.474088
0.498185, -0.867071, 0.476382
0.503623, -0.863923, 0.478654
0.509041, -0.860742, 0.481425
0.514440, -0.857527, 0.484196
0.519817, -0.854277, 0.484295
0.525175, -0.850994, 0.488293
0.530511, -0.847678, 0.491189
0.535827, -0.844328, 0.493848
0.541121, -0.840945, 0.495956
0.546394, -0.837528, 0.498162
0.551646, -0.834078, 0.500936
0.556876, -0.830596, 0.502630
0.562083, -0.827081, 0.505469
0.567269, -0.823533, 0.507666
0.572432, -0.819952, 0.510371
0.577573, -0.816339, 0.512756
0.582690, -0.812694, 0.515196
0.587785, -0.809017, 0.517878
0.592857, -0.805308, 0.519780
0.597905, -0.801567, 0.522371
0.602930, -0.797794, 0.525288
0.607930, -0.793990, 0.528306
0.612907, -0.790155, 0.530122
0.617860, -0.786288, 0.532658
0.622788, -0.782391, 0.535482
0.627691, -0.778462, 0.537904
0.632570, -0.774503, 0.539060
0.637424, -0.770513, 0.542979
0.642253, -0.766493, 0.545534
0.647056, -0.762443, 0.547168
0.651834, -0.758362, 0.549558
0.656586, -0.754251, 0.552826
0.661312, -0.750111, 0.555948
0.666012, -0.745941, 0.556755
0.670686, -0.741742, 0.560166
0.675333, -0.737513, 0.563214
0.679953, -0.733255, 0.565357
0.684547, -0.728969, 0.567906
0.689114, -0.724653, 0.569610
0.693653, -0.720309, 0.572637
0.698165, -0.715936, 0.575270
0.702650, -0.711536, 0.577594
0.707107, -0.707107, 0.579768
0.711536, -0.702650, 0.583241
0.715936, -0.698165, 0.585761
0.720309, -0.693653, 0.587261
0.724653, -0.689114, 0.589801
0.728969, -0.684547, 0.592998
0.733255, -0.679953, 0.596523
0.737513, -0.675333, 0.598363
0.741742, -0.670686, 0.600561
0.745941, -0.666012, 0.604697
0.750111, -0.661312, 0.605900
0.754251, -0.656586, 0.608481
0.758362, -0.651834, 0.611640
0.762443, -0.647056, 0.613918
0.766493, -0.642253, 0.617335
0.770513, -0.637424, 0.619549
0.774503, -0.632570, 0.620570
0.778462, -0.627691, 0.624413
0.782391, -0.622788, 0.627653
0.786288, -0.617860, 0.630386
0.790155, -0.612907, 0.632359
0.793990, -0.607930, 0.635083
0.797794, -0.602930, 0.638751
0.801567, -0.597905, 0.640724
0.805308, -0.592857, 0.643561
0.809017, -0.587785, 0.646184
0.812694, -0.582690, 0.648745
0.816339, -0.577573, 0.651605
0.819952, -0.572432, 0.654944
0.823533, -0.567269, 0.657246
0.827081, -0.562083, 0.659517
0.830596, -0.556876, 0.662394
0.834078, -0.551646, 0.665554
0.837528, -0.546394, 0.667975
0.840945, -0.541121, 0.671411
0.844328, -0.535827, 0.674591
0.847678, -0.530511, 0.677130
0.850994, -0.525175, 0.678541
0.854277, -0.519817, 0.682130
0.857527, -0.514440, 0.685788
0.860742, -0.509041, 0.687734
0.863923, -0.503623, 0.690722
0.867071, -0.498185, 0.693751
0.870184, -0.492727, 0.697781
0.873262, -0.487250, 0.700365
0.876307, -0.481754, 0.701972
0.879316, -0.476238, 0.705676
0.882291, -0.470704, 0.707829
0.885231, -0.465151, 0.710879
0.888136, -0.459580, 0.714276
0.891007, -0.453990, 0.716450
0.893841, -0.448383, 0.720572
0.896641, -0.442758, 0.722460
0.899405, -0.437116, 0.726293
0.902134, -0.431456, 0.728699
0.904827, -0.425779, 0.732683
0.907484, -0.420086, 0.734982
0.910106, -0.414376, 0.738317
0.912692, -0.408649, 0.741394
0.915241, -0.402906, 0.744354
0.917755, -0.397148, 0.747985
0.920232, -0.391374, 0.750349
0.922673, -0.385584, 0.753575
0.925077, -0.379779, 0.757051
0.927445, -0.373959, 0.759859
0.929776, -0.368125, 0.763535
0.932071, -0.362275, 0.767175
0.934329, -0.356412, 0.770280
0.936550, -0.350534, 0.773112
0.938734, -0.344643, 0.776479
0.940881, -0.338738, 0.779544
0.942991, -0.332820, 0.782679
0.945063, -0.326888, 0.786491
0.947098, -0.320944, 0.790323
0.949096, -0.314987, 0.792999
0.951057, -0.309017, 0.796010
0.952979, -0.303035, 0.799660
0.954865, -0.297042, 0.803584
0.956712, -0.291036, 0.806798
0.958522, -0.285019, 0.810132
0.960294, -0.278991, 0.813977
0.962028, -0.272952, 0.817709
0.963724, -0.266902, 0.819936
0.965382, -0.260842, 0.823660
0.967001, -0.254771, 0.827884
0.968583, -0.248690, 0.830762
0.970127, -0.242599, 0.834679
0.971632, -0.236499, 0.838167
0.973099, -0.230389, 0.842996
0.974527, -0.224271, 0.845245
0.975917, -0.218143, 0.849699
0.977268, -0.212007, 0.852970
0.978581, -0.205863, 0.856302
0.979855, -0.199710, 0.861370
0.981091, -0.193549, 0.865101
0.982287, -0.187381, 0.867832
0.983445, -0.181206, 0.872465
0.984564, -0.175023, 0.875964
0.985645, -0.168833, 0.880373
0.986686, -0.162637, 0.884229
0.987688, -0.156434, 0.887650
0.988652, -0.150226, 0.892340
0.989576, -0.144011, 0.895807
0.990461, -0.137790, 0.899898
0.991308, -0.131564, 0.904147
0.992115, -0.125333, 0.908201
0.992883, -0.119097, 0.912366
0.993611, -0.112856, 0.916371
0.994301, -0.106611, 0.921272
0.994951, -0.100362, 0.925260
0.995562, -0.094108, 0.929901
0.996134, -0.087851, 0.934199
0.996666, -0.081591, 0.938751
0.997159, -0.075327, 0.943321
0.997613, -0.069060, 0.947706
0.998027, -0.062791, 0.951964
0.998402, -0.056519, 0.956820
0.998737, -0.050244, 0.961507
0.999033, -0.043968, 0.965609
0.999289, -0.037690, 0.970547
0.999507, -0.031411, 0.975663
0.999684, -0.025130, 0.980360
0.999822, -0.018848, 0.985116
0.999921, -0.012566, 0.989842
0.999980, -0.006283, 0.994869
1.000000, 0, 1.000000