0.000000, 0.000000, 0.000000, 0.354300
0.000000, 0.000000, 0.100000, 0.363100
0.000000, 0.000000, 0.200000, 0.349800
0.000000, 0.000000, 0.300000, 0.355300
0.000000, 0.000000, 0.400000, 0.332700
0.000000, 0.000000, 0.500000, 0.326200
0.000000, 0.000000, 0.600000, 0.314500
0.000000, 0.000000, 0.700000, 0.289700
0.000000, 0.000000, 0.800000, 0.271200
0.000000, 0.000000, 0.900000, 0.243400
0.000000, 0.000000, 1.000000, 0.233500
0.000000, 0.000000, 1.100000, 0.205300
0.000000, 0.000000, 1.200000, 0.188500
0.000000, 0.000000, 1.300000, 0.166600
0.000000, 0.000000, 1.400000, 0.129000
0.000000, 0.000000, 1.500000, 0.109400
0.000000, 0.000000, 1.600000, 0.086000
0.000000, 0.000000, 1.700000, 0.059100
0.000000, 0.000000, 1.800000, 0.040700
0.000000, 0.000000, 1.900000, 0.022000
0.000000, 0.000000, 2.000000, 0.000000
0.000000, 0.100000, 0.000000, 0.358600
0.000000, 0.100000, 0.100000, 0.367400
0.000000, 0.100000, 0.200000, 0.348300
0.000000, 0.100000, 0.300000, 0.343700
0.000000, 0.100000, 0.400000, 0.335700
0.000000, 0.100000, 0.500000, 0.328800
0.000000, 0.100000, 0.600000, 0.310100
0.000000, 0.100000, 0.700000, 0.298900
0.000000, 0.100000, 0.800000, 0.273100
0.000000, 0.100000, 0.900000, 0.255800
0.000000, 0.100000, 1.000000, 0.228400
0.000000, 0.100000, 1.100000, 0.208300
0.000000, 0.100000, 1.200000, 0.185300
0.000000, 0.100000, 1.300000, 0.159000
0.000000, 0.100000, 1.400000, 0.137300
0.000000, 0.100000, 1.500000, 0.108400
0.000000, 0.100000, 1.600000, 0.087700
0.000000, 0.100000, 1.700000, 0.063700
0.000000, 0.100000, 1.800000, 0.041900
0.000000, 0.100000, 1.900000, 0.022500
0.000000, 0.100000, 2.000000, 0.000000
0.000000, 0.200000, 0.000000, 0.358600
0.000000, 0.200000, 0.100000, 0.362700
0.000000, 0.200000, 0.200000, 0.352800
0.000000, 0.200000, 0.300000, 0.343300
0.000000, 0.200000, 0.400000, 0.345000
0.000000, 0.200000, 0.500000, 0.326700
0.000000, 0.200000, 0.600000, 0.308500
0.000000, 0.200000, 0.700000, 0.299500
0.000000, 0.200000, 0.800000, 0.272800
0.000000, 0.200000, 0.900000, 0.258200
0.000000, 0.200000, 1.000000, 0.233800
0.000000, 0.200000, 1.100000, 0.213100
0.000000, 0.200000, 1.200000, 0.188300
0.000000, 0.200000, 1.300000, 0.158500
0.000000, 0.200000, 1.400000, 0.132500
0.000000, 0.200000, 1.500000, 0.113100
0.000000, 0.200000, 1.600000, 0.088500
0.000000, 0.200000, 1.700000, 0.060300
0.500000, 0.600000, 1.200000, 0.192200
0.500000, 0.600000, 1.300000, 0.167900
0.500000, 0.600000, 1.400000, 0.135400
0.500000, 0.600000, 1.500000, 0.114900
0.500000, 0.600000, 1.600000, 0.091800
0.500000, 0.600000, 1.700000, 0.066300
0.500000, 0.600000, 1.800000, 0.043300
0.500000, 0.600000, 1.900000, 0.020600
0.500000, 0.600000, 2.000000, 0.000000
0.500000, 0.700000, 0.000000, 0.393800
0.500000, 0.700000, 0.100000, 0.393800
0.500000, 0.700000, 0.200000, 0.388500
0.500000, 0.700000, 0.300000, 0.377400
0.500000, 0.700000, 0.400000, 0.372600
0.500000, 0.700000, 0.500000, 0.362300
0.500000, 0.700000, 0.600000, 0.340100
0.500000, 0.700000, 0.700000, 0.322200
0.500000, 0.700000, 0.800000, 0.300000
0.500000, 0.700000, 0.900000, 0.276900
0.500000, 0.700000, 1.000000, 0.242600
0.500000, 0.700000, 1.100000, 0.229900
0.500000, 0.700000, 1.200000, 0.202500
0.500000, 0.700000, 1.300000, 0.168000
0.500000, 0.700000, 1.400000, 0.137900
0.500000, 0.700000, 1.500000, 0.111500
0.500000, 0.700000, 1.600000, 0.087000
0.500000, 0.700000, 1.700000, 0.068600
0.500000, 0.700000, 1.800000, 0.044200
0.500000, 0.700000, 1.900000, 0.021300
0.500000, 0.700000, 2.000000, 0.000000
0.500000, 0.800000, 0.000000, 0.395900
0.500000, 0.800000, 0.100000, 0.387500
0.500000, 0.800000, 0.200000, 0.399700
0.500000, 0.800000, 0.300000, 0.380100
0.500000, 0.800000, 0.400000, 0.373400
0.500000, 0.800000, 0.500000, 0.360500
0.500000, 0.800000, 0.600000, 0.344100
0.500000, 0.800000, 0.700000, 0.324500
0.500000, 0.800000, 0.800000, 0.300300
0.500000, 0.800000, 0.900000, 0.280600
0.500000, 0.800000, 1.000000, 0.254200
0.500000, 0.800000, 1.100000, 0.216900
0.500000, 0.800000, 1.200000, 0.197400
0.500000, 0.800000, 1.300000, 0.167700
0.500000, 0.800000, 1.400000, 0.147000
0.500000, 0.800000, 1.500000, 0.108700
0.500000, 0.800000, 1.600000, 0.095200
0.500000, 0.800000, 1.700000, 0.065500
0.500000, 0.800000, 1.800000, 0.043400
0.500000, 0.800000, 1.900000, 0.020100
0.500000, 0.800000, 2.000000, 0.000000
0.500000, 0.900000, 0.000000, 0.400200
0.500000, 0.900000, 0.100000, 0.386300
0.500000, 0.900000, 0.200000, 0.393200
0.500000, 0.900000, 0.300000, 0.381800
0.500000, 0.900000, 0.400000, 0.378700
0.500000, 0.900000, 0.500000, 0.358200
0.500000, 0.900000, 0.600000, 0.341100
0.500000, 0.900000, 0.700000, 0.325000
0.500000, 0.900000, 0.800000, 0.296300
0.500000, 0.900000, 0.900000, 0.273400
0.500000, 0.900000, 1.000000, 0.257000
0.500000, 0.900000, 1.100000, 0.224800
0.500000, 0.900000, 1.200000, 0.190100
0.500000, 0.900000, 1.300000, 0.160600
0.500000, 0.900000, 1.400000, 0.136500
0.500000, 0.900000, 1.500000, 0.116900
0.500000, 0.900000, 1.600000, 0.086100
0.500000, 0.900000, 1.700000, 0.068300
0.500000, 0.900000, 1.800000, 0.040400
0.500000, 0.900000, 1.900000, 0.021400
0.500000, 0.900000, 2.000000, 0.000000
0.500000, 1.000000, 0.000000, 0.393400
0.500000, 1.000000, 0.100000, 0.391200
0.500000, 1.000000, 0.200000, 0.388500
0.500000, 1.000000, 0.300000, 0.386200
0.500000, 1.000000, 0.400000, 0.366700
0.500000, 1.000000, 0.500000, 0.357500
0.500000, 1.000000, 0.600000, 0.345200
0.500000, 1.000000, 0.700000, 0.312400
0.500000, 1.000000, 0.800000, 0.305400
0.500000, 1.000000, 0.900000, 0.277100
0.500000, 1.000000, 1.000000, 0.257400
0.500000, 1.000000, 1.100000, 0.216400
0.500000, 1.000000, 1.200000, 0.195400
0.500000, 1.000000, 1.300000, 0.168900
0.500000, 1.000000, 1.400000, 0.141300
0.500000, 1.000000, 1.500000, 0.112700
0.500000, 1.000000, 1.600000, 0.089700
0.500000, 1.000000, 1.700000, 0.067800
0.500000, 1.000000, 1.800000, 0.044700
0.500000, 1.000000, 1.900000, 0.021700
0.500000, 1.000000, 2.000000, 0.000000
0.750000, 0.000000, 0.000000, 0.437200
0.750000, 0.000000, 0.100000, 0.433100
0.750000, 0.000000, 0.200000, 0.433900
0.750000, 0.000000, 0.300000, 0.428800
0.750000, 0.000000, 0.400000, 0.409900
0.750000, 0.000000, 0.500000, 0.404200
0.750000, 0.000000, 0.600000, 0.386000
0.750000, 0.000000, 0.700000, 0.369300
0.750000, 0.000000, 0.800000, 0.350700
0.750000, 0.000000, 0.900000, 0.321300
0.750000, 0.000000, 1.000000, 0.282800
0.750000, 0.000000, 1.100000, 0.241900
0.750000, 0.000000, 1.200000, 0.212600
0.750000, 0.000000, 1.300000, 0.173100
0.750000, 0.000000, 1.400000, 0.143200
0.750000, 0.000000, 1.500000, 0.115400
0.750000, 0.000000, 1.600000, 0.095100
0.750000, 0.000000, 1.700000, 0.065000
0.750000, 0.000000, 1.800000, 0.044400
0.750000, 0.000000, 1.900000, 0.020800
0.750000, 0.000000, 2.000000, 0.000000
0.750000, 0.100000, 0.000000, 0.444500
0.750000, 0.100000, 0.100000, 0.429600
0.750000, 0.100000, 0.200000, 0.434000
0.750000, 0.100000, 0.300000, 0.423500
0.750000, 0.100000, 0.400000, 0.412800
0.750000, 0.100000, 0.500000, 0.404900
0.750000, 0.100000, 0.600000, 0.394800
0.750000, 0.100000, 0.700000, 0.370500
0.750000, 0.100000, 0.800000, 0.343500
0.750000, 0.100000, 0.900000, 0.317900
0.750000, 0.100000, 1.000000, 0.272600
0.750000, 0.100000, 1.100000, 0.241900
0.750000, 0.100000, 1.200000, 0.209100
0.750000, 0.100000, 1.300000, 0.183000
0.750000, 0.100000, 1.400000, 0.145900
0.750000, 0.100000, 1.500000, 0.115400
0.750000, 0.100000, 1.600000, 0.091900
0.750000, 0.100000, 1.700000, 0.063600
0.750000, 0.100000, 1.800000, 0.046400
0.750000, 0.100000, 1.900000, 0.023000
0.750000, 0.100000, 2.000000, 0.000000
0.750000, 0.200000, 0.000000, 0.436200
0.750000, 0.200000, 0.100000, 0.431000
0.750000, 0.200000, 0.200000, 0.430500
0.750000, 0.200000, 0.300000, 0.431700
0.750000, 0.200000, 0.400000, 0.421700
0.750000, 0.200000, 0.500000, 0.404100
0.750000, 0.200000, 0.600000, 0.390200
0.750000, 0.200000, 0.700000, 0.367600
0.750000, 0.200000, 0.800000, 0.343000
0.750000, 0.200000, 0.900000, 0.315300
0.750000, 0.200000, 1.000000, 0.281200
0.750000, 0.200000, 1.100000, 0.246100
0.750000, 0.200000, 1.200000, 0.211600
0.750000, 0.200000, 1.300000, 0.176900
0.750000, 0.200000, 1.400000, 0.147200
0.750000, 0.200000, 1.500000, 0.120800
0.750000, 0.200000, 1.600000, 0.089600
0.750000, 0.200000, 1.700000, 0.065200
0.750000, 0.200000, 1.800000, 0.045200
0.750000, 0.200000, 1.900000, 0.019900
0.750000, 0.200000, 2.000000, 0.000000
0.750000, 0.300000, 0.000000, 0.437300
0.750000, 0.300000, 0.100000, 0.436700
0.750000, 0.300000, 0.200000, 0.424600
0.750000, 0.300000, 0.300000, 0.423400
0.750000, 0.300000, 0.400000, 0.417200
0.750000, 0.300000, 0.500000, 0.413900
0.750000, 0.300000, 0.600000, 0.396200
0.750000, 0.300000, 0.700000, 0.369200
0.750000, 0.300000, 0.800000, 0.346000
0.750000, 0.300000, 0.900000, 0.313400
0.750000, 0.300000, 1.000000, 0.285200
0.750000, 0.300000, 1.100000, 0.249600
0.750000, 0.300000, 1.200000, 0.213000
0.750000, 0.300000, 1.300000, 0.173000
0.750000, 0.300000, 1.400000, 0.140100
0.750000, 0.300000, 1.500000, 0.115500
0.750000, 0.300000, 1.600000, 0.092700
0.750000, 0.300000, 1.700000, 0.069100
0.750000, 0.300000, 1.800000, 0.042900
0.750000, 0.300000, 1.900000, 0.021500
0.750000, 0.300000, 2.000000, 0.000000
0.750000, 0.400000, 0.000000, 0.438900
0.750000, 0.400000, 0.100000, 0.437600
0.750000, 0.400000, 0.200000, 0.431500
0.750000, 0.400000, 0.300000, 0.431700
0.750000, 0.400000, 0.400000, 0.420400
0.750000, 0.400000, 0.500000, 0.405300
0.750000, 0.400000, 0.600000, 0.393200
0.750000, 0.400000, 0.700000, 0.364800
0.750000, 0.400000, 0.800000, 0.348900
0.750000, 0.400000, 0.900000, 0.310200
0.750000, 0.400000, 1.000000, 0.280100
0.750000, 0.400000, 1.100000, 0.249500
0.750000, 0.400000, 1.200000, 0.208700
0.750000, 0.400000, 1.300000, 0.176200
0.750000, 0.400000, 1.400000, 0.143400
0.750000, 0.400000, 1.500000, 0.116100
0.750000, 0.400000, 1.600000, 0.092100
0.750000, 0.400000, 1.700000, 0.067900
0.750000, 0.400000, 1.800000, 0.042200
0.750000, 0.400000, 1.900000, 0.022500
0.750000, 0.400000, 2.000000, 0.000000
0.750000, 0.500000, 0.000000, 0.444100
0.750000, 0.500000, 0.100000, 0.441200
0.750000, 0.500000, 0.200000, 0.430800
0.750000, 0.500000, 0.300000, 0.430200
0.750000, 0.500000, 0.400000, 0.411700
0.750000, 0.500000, 0.500000, 0.397800
0.750000, 0.500000, 0.600000, 0.391000
0.750000, 0.500000, 0.700000, 0.372000
0.750000, 0.500000, 0.800000, 0.343700
0.750000, 0.500000, 0.900000, 0.315800
0.750000, 0.500000, 1.000000, 0.280200
0.750000, 0.500000, 1.100000, 0.239000
0.750000, 0.500000, 1.200000, 0.204800
0.750000, 0.500000, 1.300000, 0.177500
0.750000, 0.500000, 1.400000, 0.146300
0.750000, 0.500000, 1.500000, 0.119500
0.750000, 0.500000, 1.600000, 0.091500
0.750000, 0.500000, 1.700000, 0.067000
0.750000, 0.500000, 1.800000, 0.041300
0.750000, 0.500000, 1.900000, 0.020400
0.750000, 0.500000, 2.000000, 0.000000
0.750000, 0.600000, 0.000000, 0.440300
0.750000, 0.600000, 0.100000, 0.430900
0.750000, 0.600000, 0.200000, 0.440600
0.750000, 0.600000, 0.300000, 0.436300
0.750000, 0.600000, 0.400000, 0.416900
0.750000, 0.600000, 0.500000, 0.405600
0.750000, 0.600000, 0.600000, 0.385800
0.750000, 0.600000, 0.700000, 0.373400
0.750000, 0.600000, 0.800000, 0.352400
0.750000, 0.600000, 0.900000, 0.315600
0.750000, 0.600000, 1.000000, 0.272200
0.750000, 0.600000, 1.100000, 0.243500
0.750000, 0.600000, 1.200000, 0.207100
0.750000, 0.600000, 1.300000, 0.173900
0.750000, 0.600000, 1.400000, 0.138400
0.750000, 0.600000, 1.500000, 0.123200
0.750000, 0.600000, 1.600000, 0.089500
0.750000, 0.600000, 1.700000, 0.065200
0.750000, 0.600000, 1.800000, 0.046600
0.750000, 0.600000, 1.900000, 0.020500
0.750000, 0.600000, 2.000000, 0.000000
0.750000, 0.700000, 0.000000, 0.446300
0.750000, 0.700000, 0.100000, 0.431400
0.750000, 0.700000, 0.200000, 0.431700
0.750000, 0.700000, 0.300000, 0.418000
0.750000, 0.700000, 0.400000, 0.409700
0.750000, 0.700000, 0.500000, 0.402700
0.750000, 0.700000, 0.600000, 0.384000
0.750000, 0.700000, 0.700000, 0.376100
0.750000, 0.700000, 0.800000, 0.348500
0.750000, 0.700000, 0.900000, 0.314300
0.750000, 0.700000, 1.000000, 0.278800
0.750000, 0.700000, 1.100000, 0.242300
0.750000, 0.700000, 1.200000, 0.207100
0.750000, 0.700000, 1.300000, 0.172900
0.750000, 0.700000, 1.400000, 0.146300
0.750000, 0.700000, 1.500000, 0.112100
0.750000, 0.700000, 1.600000, 0.093700
0.750000, 0.700000, 1.700000, 0.068000
0.750000, 0.700000, 1.800000, 0.041900
0.750000, 0.700000, 1.900000, 0.022400
0.750000, 0.700000, 2.000000, 0.000000
0.750000, 0.800000, 0.000000, 0.429900
0.750000, 0.800000, 0.100000, 0.438000
0.750000, 0.800000, 0.200000, 0.431600
0.750000, 0.800000, 0.300000, 0.428000
0.750000, 0.800000, 0.400000, 0.416800
0.750000, 0.800000, 0.500000, 0.402700
0.750000, 0.800000, 0.600000, 0.387500
0.750000, 0.800000, 0.700000, 0.370100
0.750000, 0.800000, 0.800000, 0.343300
0.750000, 0.800000, 0.900000, 0.317800
0.750000, 0.800000, 1.000000, 0.272000
0.750000, 0.800000, 1.100000, 0.243800
0.750000, 0.800000, 1.200000, 0.208200
0.750000, 0.800000, 1.300000, 0.170000
0.750000, 0.800000, 1.400000, 0.138600
0.750000, 0.800000, 1.500000, 0.115700
0.750000, 0.800000, 1.600000, 0.096100
0.750000, 0.800000, 1.700000, 0.061100
0.750000, 0.800000, 1.800000, 0.043400
0.750000, 0.800000, 1.900000, 0.022800
0.750000, 0.800000, 2.000000, 0.000000
0.750000, 0.900000, 0.000000, 0.438600
0.750000, 0.900000, 0.100000, 0.433200
0.750000, 0.900000, 0.200000, 0.429300
0.750000, 0.900000, 0.300000, 0.424400
0.750000, 0.900000, 0.400000, 0.417000
0.750000, 0.900000, 0.500000, 0.406700
0.750000, 0.900000, 0.600000, 0.395400
0.750000, 0.900000, 0.700000, 0.370000
0.750000, 0.900000, 0.800000, 0.351700
0.750000, 0.900000, 0.900000, 0.316200
0.750000, 0.900000, 1.000000, 0.279100
0.750000, 0.900000, 1.100000, 0.240100
0.750000, 0.900000, 1.200000, 0.206200
0.750000, 0.900000, 1.300000, 0.178700
0.750000, 0.900000, 1.400000, 0.138400
0.750000, 0.900000, 1.500000, 0.117400
0.750000, 0.900000, 1.600000, 0.094600
0.750000, 0.900000, 1.700000, 0.068500
0.750000, 0.900000, 1.800000, 0.044400
0.750000, 0.900000, 1.900000, 0.020600
0.750000, 0.900000, 2.000000, 0.000000
0.750000, 1.000000, 0.000000, 0.438700
0.750000, 1.000000, 0.100000, 0.440200
0.750000, 1.000000, 0.200000, 0.440600
0.750000, 1.000000, 0.300000, 0.425000
0.750000, 1.000000, 0.400000, 0.417600
0.750000, 1.000000, 0.500000, 0.397200
0.750000, 1.000000, 0.600000, 0.394400
0.750000, 1.000000, 0.700000, 0.372200
0.750000, 1.000000, 0.800000, 0.346300
0.750000, 1.000000, 0.900000, 0.323700
0.750000, 1.000000, 1.000000, 0.281500
0.750000, 1.000000, 1.100000, 0.244100
0.750000, 1.000000, 1.200000, 0.205700
0.750000, 1.000000, 1.300000, 0.173200
0.750000, 1.000000, 1.400000, 0.146300
0.750000, 1.000000, 1.500000, 0.127200
0.750000, 1.000000, 1.600000, 0.092100
0.750000, 1.000000, 1.700000, 0.068900
0.750000, 1.000000, 1.800000, 0.042200
0.750000, 1.000000, 1.900000, 0.023100
0.750000, 1.000000, 2.000000, 0.000000
1.000000, 0.000000, 0.000000, 0.494500
1.000000, 0.000000, 0.100000, 0.493300
1.000000, 0.000000, 0.200000, 0.490200
1.000000, 0.000000, 0.300000, 0.488800
1.000000, 0.000000, 0.400000, 0.478000
1.000000, 0.000000, 0.500000, 0.473800
1.000000, 0.000000, 0.600000, 0.451400
1.000000, 0.000000, 0.700000, 0.450100
1.000000, 0.000000, 0.800000, 0.428100
1.000000, 0.000000, 0.900000, 0.405300
1.000000, 0.000000, 1.100000, 0.259700
1.000000, 0.000000, 1.200000, 0.212500
1.000000, 0.000000, 1.300000, 0.178000
1.000000, 0.000000, 1.400000, 0.148400
1.000000, 0.000000, 1.500000, 0.117600
1.000000, 0.000000, 1.600000, 0.089300
1.000000, 0.000000, 1.700000, 0.069300
1.000000, 0.000000, 1.800000, 0.044600
1.000000, 0.000000, 1.900000, 0.021900
1.000000, 0.000000, 2.000000, 0.000000
1.000000, 0.100000, 0.000000, 0.481100
1.000000, 0.100000, 0.100000, 0.496700
1.000000, 0.100000, 0.200000, 0.486300
1.000000, 0.100000, 0.300000, 0.483400
1.000000, 0.100000, 0.400000, 0.472600
1.000000, 0.100000, 0.500000, 0.471400
1.000000, 0.100000, 0.600000, 0.456500
1.000000, 0.100000, 0.700000, 0.444500
1.000000, 0.100000, 0.800000, 0.438300
1.000000, 0.100000, 0.900000, 0.401200
1.000000, 0.100000, 1.100000, 0.255700
1.000000, 0.100000, 1.200000, 0.221000
1.000000, 0.100000, 1.300000, 0.188800
1.000000, 0.100000, 1.400000, 0.148600
1.000000, 0.100000, 1.500000, 0.117400
1.000000, 0.100000, 1.600000, 0.093100
1.000000, 0.100000, 1.700000, 0.067300
1.000000, 0.100000, 1.800000, 0.047200
1.000000, 0.100000, 1.900000, 0.020000
1.000000, 0.100000, 2.000000, 0.000000
1.000000, 0.200000, 0.000000, 0.487500
1.000000, 0.200000, 0.100000, 0.486700
1.000000, 0.200000, 0.200000, 0.491500
1.000000, 0.200000, 0.300000, 0.483000
1.000000, 0.200000, 0.400000, 0.481500
1.000000, 0.200000, 0.500000, 0.468700
1.000000, 0.200000, 0.600000, 0.456000
1.000000, 0.200000, 0.700000, 0.449200
1.000000, 0.200000, 0.800000, 0.421700
1.000000, 0.200000, 0.900000, 0.408600
1.000000, 0.200000, 1.100000, 0.264000
1.000000, 0.200000, 1.200000, 0.219100
1.000000, 0.200000, 1.300000, 0.177700
1.000000, 0.200000, 1.400000, 0.150800
1.000000, 0.200000, 1.500000, 0.121900
1.000000, 0.200000, 1.600000, 0.092900
1.000000, 0.200000, 1.700000, 0.071600
1.000000, 0.200000, 1.800000, 0.044100
1.000000, 0.200000, 1.900000, 0.021400
1.000000, 0.200000, 2.000000, 0.000000
1.000000, 0.300000, 0.000000, 0.493200
1.000000, 0.300000, 0.100000, 0.491900
1.000000, 0.300000, 0.200000, 0.483900
1.000000, 0.300000, 0.300000, 0.487500
1.000000, 0.300000, 0.400000, 0.469900
1.000000, 0.300000, 0.500000, 0.469800
1.000000, 0.300000, 0.600000, 0.463800
1.000000, 0.300000, 0.700000, 0.445500
1.000000, 0.300000, 0.800000, 0.433700
1.000000, 0.300000, 0.900000, 0.405600
1.000000, 0.300000, 1.100000, 0.263600
1.000000, 0.300000, 1.200000, 0.211100
1.000000, 0.300000, 1.300000, 0.178700
1.000000, 0.300000, 1.400000, 0.150300
1.000000, 0.300000, 1.500000, 0.116400
1.000000, 0.300000, 1.600000, 0.088400
1.000000, 0.300000, 1.700000, 0.069800
1.000000, 0.300000, 1.800000, 0.040400
1.000000, 0.300000, 1.900000, 0.022900
1.000000, 0.300000, 2.000000, 0.000000
1.000000, 0.400000, 0.000000, 0.490800
1.000000, 0.400000, 0.100000, 0.495800
1.000000, 0.400000, 0.200000, 0.484400
1.000000, 0.400000, 0.300000, 0.482000
1.000000, 0.400000, 0.400000, 0.479900
1.000000, 0.400000, 0.500000, 0.465100
1.000000, 0.400000, 0.600000, 0.457100
1.000000, 0.400000, 0.700000, 0.446600
1.000000, 0.400000, 0.800000, 0.431800
1.000000, 0.400000, 0.900000, 0.410300
1.000000, 0.400000, 1.100000, 0.263900
1.000000, 0.400000, 1.200000, 0.211000
1.000000, 0.400000, 1.300000, 0.173200
1.000000, 0.400000, 1.400000, 0.149000
1.000000, 0.400000, 1.500000, 0.119400
1.000000, 0.400000, 1.600000, 0.093900
1.000000, 0.400000, 1.700000, 0.067300
1.000000, 0.400000, 1.800000, 0.047200
1.000000, 0.400000, 1.900000, 0.020000
1.000000, 0.400000, 2.000000, 0.000000
1.000000, 0.500000, 0.000000, 0.487500
1.000000, 0.500000, 0.100000, 0.486700
1.000000, 0.500000, 0.200000, 0.491500
1.000000, 0.500000, 0.300000, 0.483000
1.000000, 0.500000, 0.400000, 0.481500
1.000000, 0.500000, 0.500000, 0.468700
1.000000, 0.500000, 0.600000, 0.456000
1.000000, 0.500000, 0.700000, 0.449200
1.000000, 0.500000, 0.800000, 0.421700
1.000000, 0.500000, 0.900000, 0.408600
1.000000, 0.500000, 1.100000, 0.264000
1.000000, 0.500000, 1.200000, 0.219100
1.000000, 0.500000, 1.300000, 0.177700
1.000000, 0.500000, 1.400000, 0.150800
1.000000, 0.500000, 1.500000, 0.121900
1.000000, 0.500000, 1.600000, 0.092900
1.000000, 0.500000, 1.700000, 0.071600
1.000000, 0.500000, 1.800000, 0.044100
1.000000, 0.500000, 1.900000, 0.021400
1.000000, 0.500000, 2.000000, 0.000000
1.000000, 0.600000, 0.000000, 0.493200
1.000000, 0.600000, 0.100000, 0.491900
1.000000, 0.600000, 0.200000, 0.483900
1.000000, 0.600000, 0.300000, 0.487500
1.000000, 0.600000, 0.400000, 0.469900
1.000000, 0.600000, 0.500000, 0.469800
1.000000, 0.600000, 0.600000, 0.463800
1.000000, 0.600000, 0.700000, 0.445500
1.000000, 0.600000, 0.800000, 0.433700
1.000000, 0.600000, 0.900000, 0.405600
1.000000, 0.600000, 1.100000, 0.263600
1.000000, 0.600000, 1.200000, 0.211100
1.000000, 0.600000, 1.300000, 0.178700
1.000000, 0.600000, 1.400000, 0.150300
1.000000, 0.600000, 1.500000, 0.116400
1.000000, 0.600000, 1.600000, 0.088400
1.000000, 0.600000, 1.700000, 0.069800
1.000000, 0.600000, 1.800000, 0.040400
1.000000, 0.600000, 1.900000, 0.022900
1.000000, 0.600000, 2.000000, 0.000000
1.000000, 0.700000, 0.000000, 0.490800
1.000000, 0.700000, 0.100000, 0.495800
1.000000, 0.700000, 0.200000, 0.484400
1.000000, 0.700000, 0.300000, 0.482000
1.000000, 0.700000, 0.400000, 0.479900
1.000000, 0.700000, 0.500000, 0.465100
1.000000, 0.700000, 0.600000, 0.457100
1.000000, 0.700000, 0.700000, 0.446600
1.000000, 0.700000, 0.800000, 0.431800
1.000000, 0.700000, 0.900000, 0.410300
1.000000, 0.700000, 1.100000, 0.263900
1.000000, 0.700000, 1.200000, 0.211000
1.000000, 0.700000, 1.300000, 0.173200
1.000000, 0.700000, 1.400000, 0.149000
1.000000, 0.700000, 1.500000, 0.119400
1.000000, 0.700000, 1.600000, 0.093900
1.000000, 0.700000, 1.700000, 0.063700
1.000000, 0.700000, 1.800000, 0.043600
1.000000, 0.700000, 1.900000, 0.021200
1.000000, 0.700000, 2.000000, 0.000000
1.000000, 0.800000, 0.000000, 0.497500
1.000000, 0.800000, 0.100000, 0.485400
1.000000, 0.800000, 0.200000, 0.488000
1.000000, 0.800000, 0.300000, 0.483400
1.000000, 0.800000, 0.400000, 0.483300
1.000000, 0.800000, 0.500000, 0.468600
1.000000, 0.800000, 0.600000, 0.455500
1.000000, 0.800000, 0.700000, 0.448800
1.000000, 0.800000, 0.800000, 0.421100
1.000000, 0.800000, 0.900000, 0.412900
1.000000, 0.800000, 1.100000, 0.248100
1.000000, 0.800000, 1.200000, 0.214200
1.000000, 0.800000, 1.300000, 0.180800
1.000000, 0.800000, 1.400000, 0.142400
1.000000, 0.800000, 1.500000, 0.119200
1.000000, 0.800000, 1.600000, 0.094800
1.000000, 0.800000, 1.700000, 0.067700
1.000000, 0.800000, 1.800000, 0.045200
1.000000, 0.800000, 1.900000, 0.020800
1.000000, 0.800000, 2.000000, 0.000000
1.000000, 0.900000, 0.000000, 0.496300
1.000000, 0.900000, 0.100000, 0.491800
1.000000, 0.900000, 0.200000, 0.493800
1.000000, 0.900000, 0.300000, 0.481800
1.000000, 0.900000, 0.400000, 0.475500
1.000000, 0.900000, 0.500000, 0.475300
1.000000, 0.900000, 0.600000, 0.460000
1.000000, 0.900000, 0.700000, 0.445700
1.000000, 0.900000, 0.800000, 0.430300
1.000000, 0.900000, 0.900000, 0.407100
1.000000, 0.900000, 1.100000, 0.264800
1.000000, 0.900000, 1.200000, 0.220700
1.000000, 0.900000, 1.300000, 0.173700
1.000000, 0.900000, 1.400000, 0.149700
1.000000, 0.900000, 1.500000, 0.118000
1.000000, 0.900000, 1.600000, 0.091700
1.000000, 0.900000, 1.700000, 0.064200
1.000000, 0.900000, 1.800000, 0.041700
1.000000, 0.900000, 1.900000, 0.021100
1.000000, 0.900000, 2.000000, 0.000000
1.000000, 1.000000, 0.000000, 0.483000
1.000000, 1.000000, 0.100000, 0.491200
1.000000, 1.000000, 0.200000, 0.489200
1.000000, 1.000000, 0.300000, 0.484800
1.000000, 1.000000, 0.400000, 0.482000
1.000000, 1.000000, 0.500000, 0.470100
1.000000, 1.000000, 0.600000, 0.459500
1.000000, 1.000000, 0.700000, 0.450100
1.000000, 1.000000, 0.800000, 0.430500
1.000000, 1.000000, 0.900000, 0.407100
1.000000, 1.000000, 1.100000, 0.258800
1.000000, 1.000000, 1.200000, 0.207900
1.000000, 1.000000, 1.300000, 0.175500
1.000000, 1.000000, 1.400000, 0.150700
1.000000, 1.000000, 1.500000, 0.115800
1.000000, 1.000000, 1.600000, 0.098100
1.000000, 1.000000, 1.700000, 0.063700
1.000000, 1.000000, 1.800000, 0.043600
1.000000, 1.000000, 1.900000, 0.021200
1.000000, 1.000000, 2.000000, 0.000000
1.250000, 0.000000, 0.000000, 0.562600
1.250000, 0.000000, 0.100000, 0.552700
1.250000, 0.000000, 0.200000, 0.551500
1.250000, 0.000000, 0.300000, 0.555100
1.250000, 0.000000, 0.400000, 0.555600
1.250000, 0.000000, 0.500000, 0.545900
1.250000, 0.000000, 0.600000, 0.548100
1.250000, 0.000000, 0.700000, 0.539400
1.250000, 0.000000, 0.800000, 0.533800
1.250000, 0.000000, 0.900000, 0.531800
1.250000, 0.000000, 1.000000, 0.535700
1.250000, 0.100000, 0.000000, 0.560100
1.250000, 0.100000, 0.100000, 0.555800
1.250000, 0.100000, 0.200000, 0.555000
1.250000, 0.100000, 0.300000, 0.558300
1.250000, 0.100000, 0.400000, 0.546300
1.250000, 0.100000, 0.500000, 0.552100
1.250000, 0.100000, 0.600000, 0.539400
1.250000, 0.100000, 0.700000, 0.541200
1.250000, 0.100000, 0.800000, 0.530700
1.250000, 0.100000, 0.900000, 0.529200
1.250000, 0.100000, 1.000000, 0.538900
1.250000, 0.200000, 0.000000, 0.563900
1.250000, 0.200000, 0.100000, 0.552000
1.250000, 0.200000, 0.200000, 0.559200
1.250000, 0.200000, 0.300000, 0.553000
1.250000, 0.200000, 0.400000, 0.553000
1.250000, 0.200000, 0.500000, 0.546500
1.250000, 0.200000, 0.600000, 0.546600
1.250000, 0.200000, 0.700000, 0.539600
1.250000, 0.200000, 0.800000, 0.528200
1.250000, 0.200000, 0.900000, 0.531700
1.250000, 0.200000, 1.000000, 0.538600
1.250000, 0.300000, 0.000000, 0.558000
1.250000, 0.300000, 0.100000, 0.549800
1.250000, 0.300000, 0.200000, 0.557300
1.250000, 0.300000, 0.300000, 0.559900
1.250000, 0.300000, 0.400000, 0.550600
1.250000, 0.300000, 0.500000, 0.546400
1.250000, 0.300000, 0.600000, 0.552800
1.250000, 0.300000, 0.700000, 0.533600
1.250000, 0.300000, 0.800000, 0.541900
1.250000, 0.300000, 0.900000, 0.529600
1.250000, 0.300000, 1.000000, 0.524800
1.250000, 0.400000, 0.000000, 0.561600
1.250000, 0.400000, 0.100000, 0.549300
1.250000, 0.400000, 0.200000, 0.548400
1.250000, 0.400000, 0.300000, 0.546400
1.250000, 0.400000, 0.400000, 0.554500
1.250000, 0.400000, 0.500000, 0.545800
1.250000, 0.400000, 0.600000, 0.545600
1.250000, 0.400000, 0.700000, 0.547300
1.250000, 0.400000, 0.800000, 0.535700
1.250000, 0.400000, 0.900000, 0.539300
1.250000, 0.400000, 1.000000, 0.525800
1.250000, 0.500000, 0.000000, 0.563300
0.000000, 0.200000, 1.800000, 0.041000
0.000000, 0.200000, 1.900000, 0.021700
0.000000, 0.200000, 2.000000, 0.000000
0.000000, 0.300000, 0.000000, 0.361800
0.000000, 0.300000, 0.100000, 0.350700
0.000000, 0.300000, 0.200000, 0.354500
0.000000, 0.300000, 0.300000, 0.338000
0.000000, 0.300000, 0.400000, 0.332600
0.000000, 0.300000, 0.500000, 0.324100
0.000000, 0.300000, 0.600000, 0.303600
0.000000, 0.300000, 0.700000, 0.292600
0.000000, 0.300000, 0.800000, 0.266400
0.000000, 0.300000, 0.900000, 0.249100
0.000000, 0.300000, 1.000000, 0.227500
0.000000, 0.300000, 1.100000, 0.203100
0.000000, 0.300000, 1.200000, 0.187700
0.000000, 0.300000, 1.300000, 0.156100
0.000000, 0.300000, 1.400000, 0.137300
0.000000, 0.300000, 1.500000, 0.109700
0.000000, 0.300000, 1.600000, 0.086000
0.000000, 0.300000, 1.700000, 0.065800
0.000000, 0.300000, 1.800000, 0.042300
0.000000, 0.300000, 1.900000, 0.022400
0.000000, 0.300000, 2.000000, 0.000000
0.000000, 0.400000, 0.000000, 0.351800
0.000000, 0.400000, 0.100000, 0.354800
0.000000, 0.400000, 0.200000, 0.359300
0.000000, 0.400000, 0.300000, 0.341700
0.000000, 0.400000, 0.400000, 0.334900
0.000000, 0.400000, 0.500000, 0.331200
0.000000, 0.400000, 0.600000, 0.309800
0.000000, 0.400000, 0.700000, 0.297000
0.000000, 0.400000, 0.800000, 0.282200
0.000000, 0.400000, 0.900000, 0.249300
0.000000, 0.400000, 1.000000, 0.233600
0.000000, 0.400000, 1.100000, 0.208000
0.000000, 0.400000, 1.200000, 0.186100
0.000000, 0.400000, 1.300000, 0.151700
0.000000, 0.400000, 1.400000, 0.130900
0.000000, 0.400000, 1.500000, 0.109300
0.000000, 0.400000, 1.600000, 0.091100
0.000000, 0.400000, 1.700000, 0.066400
0.000000, 0.400000, 1.800000, 0.038900
0.000000, 0.400000, 1.900000, 0.019800
0.000000, 0.400000, 2.000000, 0.000000
0.000000, 0.500000, 0.000000, 0.365900
0.000000, 0.500000, 0.100000, 0.354700
0.000000, 0.500000, 0.200000, 0.354000
0.000000, 0.500000, 0.300000, 0.344000
0.000000, 0.500000, 0.400000, 0.342100
0.000000, 0.500000, 0.500000, 0.333100
0.000000, 0.500000, 0.600000, 0.315300
0.000000, 0.500000, 0.700000, 0.298300
0.000000, 0.500000, 0.800000, 0.277500
0.000000, 0.500000, 0.900000, 0.260700
0.000000, 0.500000, 1.000000, 0.237100
0.000000, 0.500000, 1.100000, 0.212400
0.000000, 0.500000, 1.200000, 0.185200
0.000000, 0.500000, 1.300000, 0.164000
0.000000, 0.500000, 1.400000, 0.135500
1.250000, 0.500000, 0.100000, 0.563900
1.250000, 0.500000, 0.200000, 0.550500
1.250000, 0.500000, 0.300000, 0.555500
1.250000, 0.500000, 0.400000, 0.552800
1.250000, 0.500000, 0.500000, 0.547000
1.250000, 0.500000, 0.600000, 0.549300
1.250000, 0.500000, 0.700000, 0.537700
1.250000, 0.500000, 0.800000, 0.542900
1.250000, 0.500000, 0.900000, 0.529500
1.250000, 0.500000, 1.000000, 0.523900
1.250000, 0.600000, 0.000000, 0.557000
1.250000, 0.600000, 0.100000, 0.566400
1.250000, 0.600000, 0.200000, 0.551900
1.250000, 0.600000, 0.300000, 0.552800
1.250000, 0.600000, 0.400000, 0.542700
1.250000, 0.600000, 0.500000, 0.538400
1.250000, 0.600000, 0.600000, 0.548400
1.250000, 0.600000, 0.700000, 0.536300
1.250000, 0.600000, 0.800000, 0.544200
1.250000, 0.600000, 0.900000, 0.529200
1.250000, 0.600000, 1.000000, 0.533100
1.250000, 0.700000, 0.000000, 0.561800
1.250000, 0.700000, 0.100000, 0.561000
1.250000, 0.700000, 0.200000, 0.562700
1.250000, 0.700000, 0.300000, 0.557500
1.250000, 0.700000, 0.400000, 0.554900
1.250000, 0.700000, 0.500000, 0.545700
1.250000, 0.700000, 0.600000, 0.539800
1.250000, 0.700000, 0.700000, 0.543900
1.250000, 0.700000, 0.800000, 0.529400
1.250000, 0.700000, 0.900000, 0.531000
1.250000, 0.700000, 1.000000, 0.529500
1.250000, 0.800000, 0.000000, 0.563400
1.250000, 0.800000, 0.100000, 0.560600
1.250000, 0.800000, 0.200000, 0.553900
1.250000, 0.800000, 0.300000, 0.548300
1.250000, 0.800000, 0.400000, 0.546000
1.250000, 0.800000, 0.500000, 0.550500
1.250000, 0.800000, 0.600000, 0.545300
1.250000, 0.800000, 0.700000, 0.539100
1.250000, 0.800000, 0.800000, 0.529600
1.250000, 0.800000, 0.900000, 0.535600
1.250000, 0.800000, 1.000000, 0.532700
1.250000, 0.900000, 0.000000, 0.566400
1.250000, 0.900000, 0.100000, 0.560900
1.250000, 0.900000, 0.200000, 0.555400
1.250000, 0.900000, 0.300000, 0.543900
1.250000, 0.900000, 0.400000, 0.540400
1.250000, 0.900000, 0.500000, 0.537500
1.250000, 0.900000, 0.600000, 0.548100
1.250000, 0.900000, 0.700000, 0.531500
1.250000, 0.900000, 0.800000, 0.541200
1.250000, 0.900000, 0.900000, 0.532600
1.250000, 0.900000, 1.000000, 0.527700
1.250000, 1.000000, 0.000000, 0.561700
1.250000, 1.000000, 0.100000, 0.554800
1.250000, 1.000000, 0.200000, 0.559300
1.250000, 1.000000, 0.300000, 0.547500
1.250000, 1.000000, 0.400000, 0.557900
1.250000, 1.000000, 0.500000, 0.541800
1.250000, 1.000000, 0.600000, 0.545000
1.250000, 1.000000, 0.700000, 0.537800
1.250000, 1.000000, 0.800000, 0.538200
1.250000, 1.000000, 0.900000, 0.523600
1.250000, 1.000000, 1.000000, 0.522000
1.500000, 0.000000, 0.000000, 0.628100
1.500000, 0.000000, 0.100000, 0.634200
1.500000, 0.000000, 0.200000, 0.635400
1.500000, 0.000000, 0.300000, 0.620300
1.500000, 0.000000, 0.400000, 0.624000
1.500000, 0.000000, 0.500000, 0.635100
1.500000, 0.000000, 0.600000, 0.614800
1.500000, 0.000000, 0.700000, 0.626200
1.500000, 0.000000, 0.800000, 0.625900
1.500000, 0.000000, 0.900000, 0.620500
1.500000, 0.000000, 1.000000, 0.626500
1.500000, 0.100000, 0.000000, 0.629100
1.500000, 0.100000, 0.100000, 0.632300
1.500000, 0.100000, 0.200000, 0.625700
1.500000, 0.100000, 0.300000, 0.634500
1.500000, 0.100000, 0.400000, 0.621100
1.500000, 0.100000, 0.500000, 0.629700
1.500000, 0.100000, 0.600000, 0.619400
1.500000, 0.100000, 0.700000, 0.621000
1.500000, 0.100000, 0.800000, 0.619800
1.500000, 0.100000, 0.900000, 0.610800
1.500000, 0.100000, 1.000000, 0.625100
1.500000, 0.200000, 0.000000, 0.632900
1.500000, 0.200000, 0.100000, 0.631400
1.500000, 0.200000, 0.200000, 0.630100
1.500000, 0.200000, 0.300000, 0.618600
1.500000, 0.200000, 0.400000, 0.626300
1.500000, 0.200000, 0.500000, 0.624400
1.500000, 0.200000, 0.600000, 0.623100
1.500000, 0.200000, 0.700000, 0.616300
1.500000, 0.200000, 0.800000, 0.616200
1.500000, 0.200000, 0.900000, 0.620300
1.500000, 0.200000, 1.000000, 0.616600
1.500000, 0.300000, 0.000000, 0.625200
1.500000, 0.300000, 0.100000, 0.630000
1.500000, 0.300000, 0.200000, 0.628900
1.500000, 0.300000, 0.300000, 0.627300
1.500000, 0.300000, 0.400000, 0.631700
1.500000, 0.300000, 0.500000, 0.621400
1.500000, 0.300000, 0.600000, 0.632000
1.500000, 0.300000, 0.700000, 0.626100
1.500000, 0.300000, 0.800000, 0.610400
1.500000, 0.300000, 0.900000, 0.618800
1.500000, 0.300000, 1.000000, 0.616700
1.500000, 0.400000, 0.000000, 0.628000
1.500000, 0.400000, 0.100000, 0.628100
1.500000, 0.400000, 0.200000, 0.631100
1.500000, 0.400000, 0.300000, 0.632500
1.500000, 0.400000, 0.400000, 0.628000
1.500000, 0.400000, 0.500000, 0.622500
1.500000, 0.400000, 0.600000, 0.622700
1.500000, 0.400000, 0.700000, 0.613000
1.500000, 0.400000, 0.800000, 0.620000
1.500000, 0.400000, 0.900000, 0.619800
1.500000, 0.400000, 1.000000, 0.623300
1.500000, 0.500000, 0.000000, 0.640900
1.500000, 0.500000, 0.100000, 0.621500
1.500000, 0.500000, 0.200000, 0.624300
1.500000, 0.500000, 0.300000, 0.631100
1.500000, 0.500000, 0.400000, 0.623300
1.500000, 0.500000, 0.500000, 0.624800
1.500000, 0.500000, 0.600000, 0.622100
1.500000, 0.500000, 0.700000, 0.619500
1.500000, 0.500000, 0.800000, 0.621200
1.500000, 0.500000, 0.900000, 0.621000
1.500000, 0.500000, 1.000000, 0.614500
1.500000, 0.600000, 0.000000, 0.634100
1.500000, 0.600000, 0.100000, 0.625800
1.500000, 0.600000, 0.200000, 0.628200
1.500000, 0.600000, 0.300000, 0.634200
1.500000, 0.600000, 0.400000, 0.623800
1.500000, 0.600000, 0.500000, 0.620500
1.500000, 0.600000, 0.600000, 0.610400
1.500000, 0.600000, 0.700000, 0.624500
1.500000, 0.600000, 0.800000, 0.620200
1.500000, 0.600000, 0.900000, 0.629900
1.500000, 0.600000, 1.000000, 0.620300
1.500000, 0.700000, 0.000000, 0.632200
1.500000, 0.700000, 0.100000, 0.627400
1.500000, 0.700000, 0.200000, 0.631100
1.500000, 0.700000, 0.300000, 0.627100
1.500000, 0.700000, 0.400000, 0.624500
1.500000, 0.700000, 0.500000, 0.629200
1.500000, 0.700000, 0.600000, 0.627500
1.500000, 0.700000, 0.700000, 0.623700
1.500000, 0.700000, 0.800000, 0.612200
1.500000, 0.700000, 0.900000, 0.615300
1.500000, 0.700000, 1.000000, 0.612600
1.500000, 0.800000, 0.000000, 0.638900
1.500000, 0.800000, 0.100000, 0.634400
1.500000, 0.800000, 0.200000, 0.631700
1.500000, 0.800000, 0.300000, 0.616400
1.500000, 0.800000, 0.400000, 0.628300
1.500000, 0.800000, 0.500000, 0.621300
1.500000, 0.800000, 0.600000, 0.618400
1.500000, 0.800000, 0.700000, 0.630200
1.500000, 0.800000, 0.800000, 0.624800
1.500000, 0.800000, 0.900000, 0.616200
1.500000, 0.800000, 1.000000, 0.623300
1.500000, 0.900000, 0.000000, 0.628300
1.500000, 0.900000, 0.100000, 0.631500
1.500000, 0.900000, 0.200000, 0.632800
1.500000, 0.900000, 0.300000, 0.623500
1.500000, 0.900000, 0.400000, 0.622400
1.500000, 0.900000, 0.500000, 0.622900
1.500000, 0.900000, 0.600000, 0.628700
1.500000, 0.900000, 0.700000, 0.614900
1.500000, 0.900000, 0.800000, 0.625900
1.500000, 0.900000, 0.900000, 0.620700
1.500000, 0.900000, 1.000000, 0.622700
1.500000, 1.000000, 0.000000, 0.623600
1.500000, 1.000000, 0.100000, 0.628100
1.500000, 1.000000, 0.200000, 0.620200
1.500000, 1.000000, 0.300000, 0.628800
1.500000, 1.000000, 0.400000, 0.621500
1.500000, 1.000000, 0.500000, 0.627500
1.500000, 1.000000, 0.600000, 0.624200
1.500000, 1.000000, 0.700000, 0.617300
1.500000, 1.000000, 0.800000, 0.624900
1.500000, 1.000000, 0.900000, 0.617800
1.500000, 1.000000, 1.000000, 0.616000
1.750000, 0.000000, 0.000000, 0.699100
1.750000, 0.000000, 0.100000, 0.705100
1.750000, 0.000000, 0.200000, 0.697300
1.750000, 0.000000, 0.300000, 0.698600
1.750000, 0.000000, 0.400000, 0.697100
1.750000, 0.000000, 0.500000, 0.701300
1.750000, 0.000000, 0.600000, 0.695800
1.750000, 0.000000, 0.700000, 0.699800
1.750000, 0.000000, 0.800000, 0.696200
1.750000, 0.000000, 0.900000, 0.692100
1.750000, 0.000000, 1.000000, 0.692200
1.750000, 0.100000, 0.000000, 0.705000
1.750000, 0.100000, 0.100000, 0.696700
1.750000, 0.100000, 0.200000, 0.696700
1.750000, 0.100000, 0.300000, 0.695700
1.750000, 0.100000, 0.400000, 0.697800
1.750000, 0.100000, 0.500000, 0.704200
1.750000, 0.100000, 0.600000, 0.694600
1.750000, 0.100000, 0.700000, 0.692600
1.750000, 0.100000, 0.800000, 0.696700
1.750000, 0.100000, 0.900000, 0.700900
1.750000, 0.100000, 1.000000, 0.696100
1.750000, 0.200000, 0.000000, 0.696300
1.750000, 0.200000, 0.100000, 0.692000
1.750000, 0.200000, 0.200000, 0.711200
1.750000, 0.200000, 0.300000, 0.702100
1.750000, 0.200000, 0.400000, 0.701900
1.750000, 0.200000, 0.500000, 0.702700
1.750000, 0.200000, 0.600000, 0.701700
1.750000, 0.200000, 0.700000, 0.692500
1.750000, 0.200000, 0.800000, 0.696800
1.750000, 0.200000, 0.900000, 0.695300
1.750000, 0.200000, 1.000000, 0.695300
1.750000, 0.300000, 0.000000, 0.696800
1.750000, 0.300000, 0.100000, 0.705800
1.750000, 0.300000, 0.200000, 0.701100
1.750000, 0.300000, 0.300000, 0.698000
1.750000, 0.300000, 0.400000, 0.696600
1.750000, 0.300000, 0.500000, 0.700000
1.750000, 0.300000, 0.600000, 0.700500
1.750000, 0.300000, 0.700000, 0.700600
1.750000, 0.300000, 0.800000, 0.691800
1.750000, 0.300000, 0.900000, 0.692600
1.750000, 0.300000, 1.000000, 0.700400
1.750000, 0.400000, 0.000000, 0.696700
1.750000, 0.400000, 0.100000, 0.694800
1.750000, 0.400000, 0.200000, 0.696200
1.750000, 0.400000, 0.300000, 0.697500
1.750000, 0.400000, 0.400000, 0.698800
1.750000, 0.400000, 0.500000, 0.701000
1.750000, 0.400000, 0.600000, 0.701000
1.750000, 0.400000, 0.700000, 0.692600
1.750000, 0.400000, 0.800000, 0.698600
1.750000, 0.400000, 0.900000, 0.693400
1.750000, 0.400000, 1.000000, 0.698000
1.750000, 0.500000, 0.000000, 0.703700
1.750000, 0.500000, 0.100000, 0.693800
1.750000, 0.500000, 0.200000, 0.700800
1.750000, 0.500000, 0.300000, 0.707200
1.750000, 0.500000, 0.400000, 0.695500
1.750000, 0.500000, 0.500000, 0.696200
1.750000, 0.500000, 0.600000, 0.696800
1.750000, 0.500000, 0.700000, 0.698400
1.750000, 0.500000, 0.800000, 0.696500
1.750000, 0.500000, 0.900000, 0.695000
1.750000, 0.500000, 1.000000, 0.700800
1.750000, 0.600000, 0.000000, 0.694700
1.750000, 0.600000, 0.100000, 0.702900
1.750000, 0.600000, 0.200000, 0.701700
1.750000, 0.600000, 0.300000, 0.703200
1.750000, 0.600000, 0.400000, 0.697200
1.750000, 0.600000, 0.500000, 0.700200
1.750000, 0.600000, 0.600000, 0.689700
1.750000, 0.600000, 0.700000, 0.703000
1.750000, 0.600000, 0.800000, 0.694400
1.750000, 0.600000, 0.900000, 0.702800
1.750000, 0.600000, 1.000000, 0.699600
1.750000, 0.700000, 0.000000, 0.701800
1.750000, 0.700000, 0.100000, 0.696100
1.750000, 0.700000, 0.200000, 0.702600
1.750000, 0.700000, 0.300000, 0.705600
1.750000, 0.700000, 0.400000, 0.696300
1.750000, 0.700000, 0.500000, 0.695600
1.750000, 0.700000, 0.600000, 0.699500
1.750000, 0.700000, 0.700000, 0.691800
1.750000, 0.700000, 0.800000, 0.699600
1.750000, 0.700000, 0.900000, 0.700600
1.750000, 0.700000, 1.000000, 0.702900
1.750000, 0.800000, 0.000000, 0.702300
1.750000, 0.800000, 0.100000, 0.691000
1.750000, 0.800000, 0.200000, 0.703200
1.750000, 0.800000, 0.300000, 0.699300
1.750000, 0.800000, 0.400000, 0.706400
1.750000, 0.800000, 0.500000, 0.694600
1.750000, 0.800000, 0.600000, 0.693600
1.750000, 0.800000, 0.700000, 0.695100
1.750000, 0.800000, 0.800000, 0.704900
1.750000, 0.800000, 0.900000, 0.691400
1.750000, 0.800000, 1.000000, 0.692100
1.750000, 0.900000, 0.000000, 0.698800
1.750000, 0.900000, 0.100000, 0.701300
1.750000, 0.900000, 0.200000, 0.702000
1.750000, 0.900000, 0.300000, 0.696900
1.750000, 0.900000, 0.400000, 0.701300
1.750000, 0.900000, 0.500000, 0.700000
1.750000, 0.900000, 0.600000, 0.700700
1.750000, 0.900000, 0.700000, 0.698500
1.750000, 0.900000, 0.800000, 0.696000
1.750000, 0.900000, 0.900000, 0.696500
1.750000, 0.900000, 1.000000, 0.703800
1.750000, 1.000000, 0.000000, 0.699400
1.750000, 1.000000, 0.100000, 0.700600
1.750000, 1.000000, 0.200000, 0.700900
1.750000, 1.000000, 0.300000, 0.694900
1.750000, 1.000000, 0.400000, 0.698100
1.750000, 1.000000, 0.500000, 0.695700
1.750000, 1.000000, 0.600000, 0.697300
1.750000, 1.000000, 0.700000, 0.698100
1.750000, 1.000000, 0.800000, 0.699700
1.750000, 1.000000, 0.900000, 0.698300
1.750000, 1.000000, 1.000000, 0.699200
2.000000, 0.000000, 0.000000, 0.763100
2.000000, 0.000000, 0.100000, 0.768100
2.000000, 0.000000, 0.200000, 0.766700
2.000000, 0.000000, 0.300000, 0.762000
2.000000, 0.000000, 0.400000, 0.773900
2.000000, 0.000000, 0.500000, 0.768700
2.000000, 0.000000, 0.600000, 0.767000
2.000000, 0.000000, 0.700000, 0.768200
2.000000, 0.000000, 0.800000, 0.761200
2.000000, 0.000000, 0.900000, 0.771900
2.000000, 0.000000, 1.000000, 0.767900
2.000000, 0.100000, 0.000000, 0.768700
2.000000, 0.100000, 0.100000, 0.765800
2.000000, 0.100000, 0.200000, 0.773000
2.000000, 0.100000, 0.300000, 0.769700
2.000000, 0.100000, 0.400000, 0.758500
2.000000, 0.100000, 0.500000, 0.772500
2.000000, 0.100000, 0.600000, 0.761400
2.000000, 0.100000, 0.700000, 0.763200
2.000000, 0.100000, 0.800000, 0.760600
2.000000, 0.100000, 0.900000, 0.765100
2.000000, 0.100000, 1.000000, 0.769700
2.000000, 0.200000, 0.000000, 0.769400
2.000000, 0.200000, 0.100000, 0.766200
2.000000, 0.200000, 0.200000, 0.767800
2.000000, 0.200000, 0.300000, 0.764700
2.000000, 0.200000, 0.400000, 0.767800
2.000000, 0.200000, 0.500000, 0.764600
2.000000, 0.200000, 0.600000, 0.771200
2.000000, 0.200000, 0.700000, 0.765000
2.000000, 0.200000, 0.800000, 0.762500
2.000000, 0.200000, 0.900000, 0.766200
2.000000, 0.200000, 1.000000, 0.764300
2.000000, 0.300000, 0.000000, 0.761300
2.000000, 0.300000, 0.100000, 0.767800
2.000000, 0.300000, 0.200000, 0.773200
2.000000, 0.300000, 0.300000, 0.762200
2.000000, 0.300000, 0.400000, 0.759800
2.000000, 0.300000, 0.500000, 0.761600
2.000000, 0.300000, 0.600000, 0.763100
2.000000, 0.300000, 0.700000, 0.775400
2.000000, 0.300000, 0.800000, 0.764300
2.000000, 0.300000, 0.900000, 0.776000
2.000000, 0.300000, 1.000000, 0.765400
2.000000, 0.400000, 0.000000, 0.766600
2.000000, 0.400000, 0.100000, 0.762100
2.000000, 0.400000, 0.200000, 0.771600
2.000000, 0.400000, 0.300000, 0.767800
2.000000, 0.400000, 0.400000, 0.768200
2.000000, 0.400000, 0.500000, 0.768300
2.000000, 0.400000, 0.600000, 0.761100
2.000000, 0.400000, 0.700000, 0.770800
2.000000, 0.400000, 0.800000, 0.765400
2.000000, 0.400000, 0.900000, 0.766200
2.000000, 0.400000, 1.000000, 0.764600
2.000000, 0.500000, 0.000000, 0.765400
2.000000, 0.500000, 0.100000, 0.770400
2.000000, 0.500000, 0.200000, 0.766600
2.000000, 0.500000, 0.300000, 0.770800
2.000000, 0.500000, 0.400000, 0.767200
2.000000, 0.500000, 0.500000, 0.771700
2.000000, 0.500000, 0.600000, 0.760200
2.000000, 0.500000, 0.700000, 0.770500
2.000000, 0.500000, 0.800000, 0.765700
2.000000, 0.500000, 0.900000, 0.758300
2.000000, 0.500000, 1.000000, 0.765600
2.000000, 0.600000, 0.000000, 0.773700
2.000000, 0.600000, 0.100000, 0.764000
2.000000, 0.600000, 0.200000, 0.764600
2.000000, 0.600000, 0.300000, 0.763100
2.000000, 0.600000, 0.400000, 0.764900
2.000000, 0.600000, 0.500000, 0.771700
2.000000, 0.600000, 0.600000, 0.769100
2.000000, 0.600000, 0.700000, 0.766500
2.000000, 0.600000, 0.800000, 0.764700
2.000000, 0.600000, 0.900000, 0.768400
2.000000, 0.600000, 1.000000, 0.759200
2.000000, 0.700000, 0.000000, 0.769400
2.000000, 0.700000, 0.100000, 0.768800
2.000000, 0.700000, 0.200000, 0.767400
2.000000, 0.700000, 0.300000, 0.761100
2.000000, 0.700000, 0.400000, 0.768500
2.000000, 0.700000, 0.500000, 0.759400
2.000000, 0.700000, 0.600000, 0.773800
2.000000, 0.700000, 0.700000, 0.767800
2.000000, 0.700000, 0.800000, 0.768300
2.000000, 0.700000, 0.900000, 0.771700
2.000000, 0.700000, 1.000000, 0.767300
2.000000, 0.800000, 0.000000, 0.764500
2.000000, 0.800000, 0.100000, 0.766900
2.000000, 0.800000, 0.200000, 0.767300
2.000000, 0.800000, 0.300000, 0.766800
2.000000, 0.800000, 0.400000, 0.768900
2.000000, 0.800000, 0.500000, 0.768300
2.000000, 0.800000, 0.600000, 0.768100
2.000000, 0.800000, 0.700000, 0.772800
2.000000, 0.800000, 0.800000, 0.765900
2.000000, 0.800000, 0.900000, 0.765900
2.000000, 0.800000, 1.000000, 0.758800
2.000000, 0.900000, 0.000000, 0.760800
2.000000, 0.900000, 0.100000, 0.766400
2.000000, 0.900000, 0.200000, 0.776500
2.000000, 0.900000, 0.300000, 0.755700
2.000000, 0.900000, 0.400000, 0.764500
2.000000, 0.900000, 0.500000, 0.777800
2.000000, 0.900000, 0.600000, 0.769300
2.000000, 0.900000, 0.700000, 0.767100
2.000000, 0.900000, 0.800000, 0.761800
2.000000, 0.900000, 0.900000, 0.773300
2.000000, 0.900000, 1.000000, 0.767800
2.000000, 1.000000, 0.000000, 0.763900
2.000000, 1.000000, 0.100000, 0.766000
2.000000, 1.000000, 0.200000, 0.765900
2.000000, 1.000000, 0.300000, 0.762300
2.000000, 1.000000, 0.400000, 0.772400
2.000000, 1.000000, 0.500000, 0.773500
2.000000, 1.000000, 0.600000, 0.760900
2.000000, 1.000000, 0.700000, 0.768000
2.000000, 1.000000, 0.800000, 0.768700
2.000000, 1.000000, 0.900000, 0.758400
2.000000, 1.000000, 1.000000, 0.768700
2.250000, 0.000000, 0.000000, 0.827300
2.250000, 0.000000, 0.100000, 0.831800
2.250000, 0.000000, 0.200000, 0.824300
2.250000, 0.000000, 0.300000, 0.832000
2.250000, 0.000000, 0.400000, 0.834000
2.250000, 0.000000, 0.500000, 0.825100
2.250000, 0.000000, 0.600000, 0.835500
2.250000, 0.000000, 0.700000, 0.832600
2.250000, 0.000000, 0.800000, 0.828800
2.250000, 0.000000, 0.900000, 0.832300
2.250000, 0.000000, 1.000000, 0.829000
2.250000, 0.100000, 0.000000, 0.827200
2.250000, 0.100000, 0.100000, 0.826000
2.250000, 0.100000, 0.200000, 0.831400
2.250000, 0.100000, 0.300000, 0.828300
2.250000, 0.100000, 0.400000, 0.826300
2.250000, 0.100000, 0.500000, 0.834000
2.250000, 0.100000, 0.600000, 0.831500
2.250000, 0.100000, 0.700000, 0.828300
2.250000, 0.100000, 0.800000, 0.833700
2.250000, 0.100000, 0.900000, 0.832600
2.250000, 0.100000, 1.000000, 0.825800
2.250000, 0.200000, 0.000000, 0.839300
2.250000, 0.200000, 0.100000, 0.827700
2.250000, 0.200000, 0.200000, 0.833200
2.250000, 0.200000, 0.300000, 0.823300
2.250000, 0.200000, 0.400000, 0.833200
2.250000, 0.200000, 0.500000, 0.828400
2.250000, 0.200000, 0.600000, 0.827500
2.250000, 0.200000, 0.700000, 0.834700
2.250000, 0.200000, 0.800000, 0.825300
2.250000, 0.200000, 0.900000, 0.828500
2.250000, 0.200000, 1.000000, 0.826500
2.250000, 0.300000, 0.000000, 0.826000
2.250000, 0.300000, 0.100000, 0.832000
2.250000, 0.300000, 0.200000, 0.823900
2.250000, 0.300000, 0.300000, 0.832500
2.250000, 0.300000, 0.400000, 0.833900
2.250000, 0.300000, 0.500000, 0.830800
2.250000, 0.300000, 0.600000, 0.829500
2.250000, 0.300000, 0.700000, 0.838400
2.250000, 0.300000, 0.800000, 0.825800
2.250000, 0.300000, 0.900000, 0.828700
2.250000, 0.300000, 1.000000, 0.833300
2.250000, 0.400000, 0.000000, 0.834300
2.250000, 0.400000, 0.100000, 0.828900
2.250000, 0.400000, 0.200000, 0.832100
2.250000, 0.400000, 0.300000, 0.833800
2.250000, 0.400000, 0.400000, 0.832500
2.250000, 0.400000, 0.500000, 0.832400
2.250000, 0.400000, 0.600000, 0.829400
2.250000, 0.400000, 0.700000, 0.829700
2.250000, 0.400000, 0.800000, 0.833500
2.250000, 0.400000, 0.900000, 0.825600
2.250000, 0.400000, 1.000000, 0.834500
2.250000, 0.500000, 0.000000, 0.829200
2.250000, 0.500000, 0.100000, 0.831600
2.250000, 0.500000, 0.200000, 0.831600
2.250000, 0.500000, 0.300000, 0.827900
2.250000, 0.500000, 0.400000, 0.824600
2.250000, 0.500000, 0.500000, 0.830700
2.250000, 0.500000, 0.600000, 0.827700
2.250000, 0.500000, 0.700000, 0.828500
2.250000, 0.500000, 0.800000, 0.833700
2.250000, 0.500000, 0.900000, 0.831500
2.250000, 0.500000, 1.000000, 0.832200
2.250000, 0.600000, 0.000000, 0.825200
2.250000, 0.600000, 0.100000, 0.830100
2.250000, 0.600000, 0.200000, 0.831500
2.250000, 0.600000, 0.300000, 0.828000
2.250000, 0.600000, 0.400000, 0.825000
2.250000, 0.600000, 0.500000, 0.830800
2.250000, 0.600000, 0.600000, 0.830900
2.250000, 0.600000, 0.700000, 0.827300
2.250000, 0.600000, 0.800000, 0.829500
2.250000, 0.600000, 0.900000, 0.832000
2.250000, 0.600000, 1.000000, 0.827400
2.250000, 0.700000, 0.000000, 0.832900
2.250000, 0.700000, 0.100000, 0.828200
2.250000, 0.700000, 0.200000, 0.830200
2.250000, 0.700000, 0.300000, 0.833800
2.250000, 0.700000, 0.400000, 0.832800
2.250000, 0.700000, 0.500000, 0.828900
2.250000, 0.700000, 0.600000, 0.833800
2.250000, 0.700000, 0.700000, 0.829300
2.250000, 0.700000, 0.800000, 0.838000
2.250000, 0.700000, 0.900000, 0.826000
2.250000, 0.700000, 1.000000, 0.826000
2.250000, 0.800000, 0.000000, 0.826600
2.250000, 0.800000, 0.100000, 0.834200
2.250000, 0.800000, 0.200000, 0.833800
2.250000, 0.800000, 0.300000, 0.821500
2.250000, 0.800000, 0.400000, 0.823400
2.250000, 0.800000, 0.500000, 0.826000
2.250000, 0.800000, 0.600000, 0.830400
2.250000, 0.800000, 0.700000, 0.826000
2.250000, 0.800000, 0.800000, 0.832300
2.250000, 0.800000, 0.900000, 0.826700
2.250000, 0.800000, 1.000000, 0.831700
2.250000, 0.900000, 0.000000, 0.830700
2.250000, 0.900000, 0.100000, 0.836000
2.250000, 0.900000, 0.200000, 0.834800
2.250000, 0.900000, 0.300000, 0.829900
2.250000, 0.900000, 0.400000, 0.824300
2.250000, 0.900000, 0.500000, 0.831200
2.250000, 0.900000, 0.600000, 0.830200
2.250000, 0.900000, 0.700000, 0.833000
2.250000, 0.900000, 0.800000, 0.833800
2.250000, 0.900000, 0.900000, 0.835900
2.250000, 0.900000, 1.000000, 0.829300
2.250000, 1.000000, 0.000000, 0.833900
2.250000, 1.000000, 0.100000, 0.829100
2.250000, 1.000000, 0.200000, 0.832100
2.250000, 1.000000, 0.300000, 0.832100
2.250000, 1.000000, 0.400000, 0.831100
2.250000, 1.000000, 0.500000, 0.831500
2.250000, 1.000000, 0.600000, 0.826900
2.250000, 1.000000, 0.700000, 0.834500
2.250000, 1.000000, 0.800000, 0.832700
2.250000, 1.000000, 0.900000, 0.823600
2.250000, 1.000000, 1.000000, 0.829900
2.500000, 0.000000, 0.000000, 0.889500
2.500000, 0.000000, 0.100000, 0.885000
2.500000, 0.000000, 0.200000, 0.895500
2.500000, 0.000000, 0.300000, 0.892500
2.500000, 0.000000, 0.400000, 0.895100
2.500000, 0.000000, 0.500000, 0.887100
2.500000, 0.000000, 0.600000, 0.891900
2.500000, 0.000000, 0.700000, 0.893100
2.500000, 0.000000, 0.800000, 0.890400
2.500000, 0.000000, 0.900000, 0.892200
2.500000, 0.000000, 1.000000, 0.890500
2.500000, 0.100000, 0.000000, 0.890100
2.500000, 0.100000, 0.100000, 0.886400
2.500000, 0.100000, 0.200000, 0.887800
2.500000, 0.100000, 0.300000, 0.890900
2.500000, 0.100000, 0.400000, 0.892000
2.500000, 0.100000, 0.500000, 0.886800
2.500000, 0.100000, 0.600000, 0.894900
2.500000, 0.100000, 0.700000, 0.884800
2.500000, 0.100000, 0.800000, 0.888300
2.500000, 0.100000, 0.900000, 0.892600
2.500000, 0.100000, 1.000000, 0.880900
2.500000, 0.200000, 0.000000, 0.891800
2.500000, 0.200000, 0.100000, 0.890000
2.500000, 0.200000, 0.200000, 0.890200
2.500000, 0.200000, 0.300000, 0.890000
2.500000, 0.200000, 0.400000, 0.891600
2.500000, 0.200000, 0.500000, 0.892200
2.500000, 0.200000, 0.600000, 0.890600
2.500000, 0.200000, 0.700000, 0.893100
2.500000, 0.200000, 0.800000, 0.888800
2.500000, 0.200000, 0.900000, 0.888300
2.500000, 0.200000, 1.000000, 0.889300
2.500000, 0.300000, 0.000000, 0.889700
2.500000, 0.300000, 0.100000, 0.885900
2.500000, 0.300000, 0.200000, 0.885300
2.500000, 0.300000, 0.300000, 0.883900
2.500000, 0.300000, 0.400000, 0.885700
2.500000, 0.300000, 0.500000, 0.888400
2.500000, 0.300000, 0.600000, 0.889700
2.500000, 0.300000, 0.700000, 0.894000
2.500000, 0.300000, 0.800000, 0.891100
2.500000, 0.300000, 0.900000, 0.884300
2.500000, 0.300000, 1.000000, 0.894600
2.500000, 0.400000, 0.000000, 0.891100
2.500000, 0.400000, 0.100000, 0.889000
2.500000, 0.400000, 0.200000, 0.888600
2.500000, 0.400000, 0.300000, 0.894300
2.500000, 0.400000, 0.400000, 0.891300
2.500000, 0.400000, 0.500000, 0.893100
2.500000, 0.400000, 0.600000, 0.888100
0.000000, 0.500000, 1.500000, 0.108600
0.000000, 0.500000, 1.600000, 0.085800
0.000000, 0.500000, 1.700000, 0.064900
0.000000, 0.500000, 1.800000, 0.039500
0.000000, 0.500000, 1.900000, 0.020100
0.000000, 0.500000, 2.000000, 0.000000
0.000000, 0.600000, 0.000000, 0.358700
0.000000, 0.600000, 0.100000, 0.354900
0.000000, 0.600000, 0.200000, 0.346800
0.000000, 0.600000, 0.300000, 0.348700
0.000000, 0.600000, 0.400000, 0.336900
0.000000, 0.600000, 0.500000, 0.325000
0.000000, 0.600000, 0.600000, 0.311500
0.000000, 0.600000, 0.700000, 0.296400
0.000000, 0.600000, 0.800000, 0.277900
0.000000, 0.600000, 0.900000, 0.256400
0.000000, 0.600000, 1.000000, 0.232500
0.000000, 0.600000, 1.100000, 0.212300
0.000000, 0.600000, 1.200000, 0.183100
0.000000, 0.600000, 1.300000, 0.157100
0.000000, 0.600000, 1.400000, 0.136800
0.000000, 0.600000, 1.500000, 0.113600
0.000000, 0.600000, 1.600000, 0.087900
0.000000, 0.600000, 1.700000, 0.058800
0.000000, 0.600000, 1.800000, 0.038700
0.000000, 0.600000, 1.900000, 0.019100
0.000000, 0.600000, 2.000000, 0.000000
0.000000, 0.700000, 0.000000, 0.360100
0.000000, 0.700000, 0.100000, 0.364400
0.000000, 0.700000, 0.200000, 0.345700
0.000000, 0.700000, 0.300000, 0.345300
0.000000, 0.700000, 0.400000, 0.342000
0.000000, 0.700000, 0.500000, 0.320900
0.000000, 0.700000, 0.600000, 0.313000
0.000000, 0.700000, 0.700000, 0.292900
0.000000, 0.700000, 0.800000, 0.275200
0.000000, 0.700000, 0.900000, 0.256400
0.000000, 0.700000, 1.000000, 0.234000
0.000000, 0.700000, 1.100000, 0.204800
0.000000, 0.700000, 1.200000, 0.188100
0.000000, 0.700000, 1.300000, 0.152300
0.000000, 0.700000, 1.400000, 0.138400
0.000000, 0.700000, 1.500000, 0.109400
0.000000, 0.700000, 1.600000, 0.088400
0.000000, 0.700000, 1.700000, 0.067700
0.000000, 0.700000, 1.800000, 0.044100
0.000000, 0.700000, 1.900000, 0.022100
0.000000, 0.700000, 2.000000, 0.000000
0.000000, 0.800000, 0.000000, 0.362300
0.000000, 0.800000, 0.100000, 0.358000
0.000000, 0.800000, 0.200000, 0.360700
0.000000, 0.800000, 0.300000, 0.344900
0.000000, 0.800000, 0.400000, 0.332400
0.000000, 0.800000, 0.500000, 0.333600
0.000000, 0.800000, 0.600000, 0.313400
0.000000, 0.800000, 0.700000, 0.301900
0.000000, 0.800000, 0.800000, 0.269800
0.000000, 0.800000, 0.900000, 0.253000
0.000000, 0.800000, 1.000000, 0.225900
0.000000, 0.800000, 1.100000, 0.200600
2.500000, 0.400000, 0.700000, 0.894400
2.500000, 0.400000, 0.800000, 0.888700
2.500000, 0.400000, 0.900000, 0.888300
2.500000, 0.400000, 1.000000, 0.893500
2.500000, 0.500000, 0.000000, 0.890600
2.500000, 0.500000, 0.100000, 0.892300
2.500000, 0.500000, 0.200000, 0.893600
2.500000, 0.500000, 0.300000, 0.889000
2.500000, 0.500000, 0.400000, 0.885200
2.500000, 0.500000, 0.500000, 0.892600
2.500000, 0.500000, 0.600000, 0.889500
2.500000, 0.500000, 0.700000, 0.887500
2.500000, 0.500000, 0.800000, 0.890400
2.500000, 0.500000, 0.900000, 0.888800
2.500000, 0.500000, 1.000000, 0.889500
2.500000, 0.600000, 0.000000, 0.886700
2.500000, 0.600000, 0.100000, 0.884200
2.500000, 0.600000, 0.200000, 0.894200
2.500000, 0.600000, 0.300000, 0.896500
2.500000, 0.600000, 0.400000, 0.891900
2.500000, 0.600000, 0.500000, 0.891700
2.500000, 0.600000, 0.600000, 0.887900
2.500000, 0.600000, 0.700000, 0.891400
2.500000, 0.600000, 0.800000, 0.891300
2.500000, 0.600000, 0.900000, 0.894600
2.500000, 0.600000, 1.000000, 0.888500
2.500000, 0.700000, 0.000000, 0.889000
2.500000, 0.700000, 0.100000, 0.891600
2.500000, 0.700000, 0.200000, 0.887100
2.500000, 0.700000, 0.300000, 0.894200
2.500000, 0.700000, 0.400000, 0.893000
2.500000, 0.700000, 0.500000, 0.889600
2.500000, 0.700000, 0.600000, 0.894500
2.500000, 0.700000, 0.700000, 0.889500
2.500000, 0.700000, 0.800000, 0.889700
2.500000, 0.700000, 0.900000, 0.882300
2.500000, 0.700000, 1.000000, 0.890400
2.500000, 0.800000, 0.000000, 0.894600
2.500000, 0.800000, 0.100000, 0.891400
2.500000, 0.800000, 0.200000, 0.882100
2.500000, 0.800000, 0.300000, 0.889400
2.500000, 0.800000, 0.400000, 0.888700
2.500000, 0.800000, 0.500000, 0.890400
2.500000, 0.800000, 0.600000, 0.887000
2.500000, 0.800000, 0.700000, 0.891900
2.500000, 0.800000, 0.800000, 0.889800
2.500000, 0.800000, 0.900000, 0.892000
2.500000, 0.800000, 1.000000, 0.889100
2.500000, 0.900000, 0.000000, 0.887100
2.500000, 0.900000, 0.100000, 0.889400
2.500000, 0.900000, 0.200000, 0.888400
2.500000, 0.900000, 0.300000, 0.886600
2.500000, 0.900000, 0.400000, 0.892900
2.500000, 0.900000, 0.500000, 0.891400
2.500000, 0.900000, 0.600000, 0.886100
2.500000, 0.900000, 0.700000, 0.887500
2.500000, 0.900000, 0.800000, 0.883800
2.500000, 0.900000, 0.900000, 0.888700
2.500000, 0.900000, 1.000000, 0.894600
2.500000, 1.000000, 0.000000, 0.889700
2.500000, 1.000000, 0.100000, 0.893300
2.500000, 1.000000, 0.200000, 0.896800
2.500000, 1.000000, 0.300000, 0.884600
2.500000, 1.000000, 0.400000, 0.892500
2.500000, 1.000000, 0.500000, 0.893800
2.500000, 1.000000, 0.600000, 0.893600
2.500000, 1.000000, 0.700000, 0.893000
2.500000, 1.000000, 0.800000, 0.887400
2.500000, 1.000000, 0.900000, 0.887800
2.500000, 1.000000, 1.000000, 0.889100
2.750000, 0.000000, 0.000000, 0.947600
2.750000, 0.000000, 0.100000, 0.946500
2.750000, 0.000000, 0.200000, 0.944500
2.750000, 0.000000, 0.300000, 0.947400
2.750000, 0.000000, 0.400000, 0.948600
2.750000, 0.000000, 0.500000, 0.950300
2.750000, 0.000000, 0.600000, 0.944700
2.750000, 0.000000, 0.700000, 0.944300
2.750000, 0.000000, 0.800000, 0.946800
2.750000, 0.000000, 0.900000, 0.947800
2.750000, 0.000000, 1.000000, 0.950800
2.750000, 0.100000, 0.000000, 0.948500
2.750000, 0.100000, 0.100000, 0.946200
2.750000, 0.100000, 0.200000, 0.945300
2.750000, 0.100000, 0.300000, 0.946800
2.750000, 0.100000, 0.400000, 0.943900
2.750000, 0.100000, 0.500000, 0.946400
2.750000, 0.100000, 0.600000, 0.947900
2.750000, 0.100000, 0.700000, 0.947300
2.750000, 0.100000, 0.800000, 0.948300
2.750000, 0.100000, 0.900000, 0.949100
2.750000, 0.100000, 1.000000, 0.947000
2.750000, 0.200000, 0.000000, 0.947400
2.750000, 0.200000, 0.100000, 0.946200
2.750000, 0.200000, 0.200000, 0.953700
2.750000, 0.200000, 0.300000, 0.944100
2.750000, 0.200000, 0.400000, 0.946600
2.750000, 0.200000, 0.500000, 0.947100
2.750000, 0.200000, 0.600000, 0.946000
2.750000, 0.200000, 0.700000, 0.950200
2.750000, 0.200000, 0.800000, 0.944800
2.750000, 0.200000, 0.900000, 0.945600
2.750000, 0.200000, 1.000000, 0.947100
2.750000, 0.300000, 0.000000, 0.947800
2.750000, 0.300000, 0.100000, 0.946100
2.750000, 0.300000, 0.200000, 0.945600
2.750000, 0.300000, 0.300000, 0.944600
2.750000, 0.300000, 0.400000, 0.948600
2.750000, 0.300000, 0.500000, 0.945400
2.750000, 0.300000, 0.600000, 0.945300
2.750000, 0.300000, 0.700000, 0.942400
2.750000, 0.300000, 0.800000, 0.946500
2.750000, 0.300000, 0.900000, 0.944600
2.750000, 0.300000, 1.000000, 0.946700
2.750000, 0.400000, 0.000000, 0.947600
2.750000, 0.400000, 0.100000, 0.945800
2.750000, 0.400000, 0.200000, 0.947600
2.750000, 0.400000, 0.300000, 0.944000
2.750000, 0.400000, 0.400000, 0.947300
2.750000, 0.400000, 0.500000, 0.943800
2.750000, 0.400000, 0.600000, 0.946000
2.750000, 0.400000, 0.700000, 0.947200
2.750000, 0.400000, 0.800000, 0.943300
2.750000, 0.400000, 0.900000, 0.948000
2.750000, 0.400000, 1.000000, 0.948400
2.750000, 0.500000, 0.000000, 0.948200
2.750000, 0.500000, 0.100000, 0.946300
2.750000, 0.500000, 0.200000, 0.949600
2.750000, 0.500000, 0.300000, 0.949000
2.750000, 0.500000, 0.400000, 0.945500
2.750000, 0.500000, 0.500000, 0.944500
2.750000, 0.500000, 0.600000, 0.948200
2.750000, 0.500000, 0.700000, 0.948200
2.750000, 0.500000, 0.800000, 0.949000
2.750000, 0.500000, 0.900000, 0.945800
2.750000, 0.500000, 1.000000, 0.948400
2.750000, 0.600000, 0.000000, 0.943400
2.750000, 0.600000, 0.100000, 0.949700
2.750000, 0.600000, 0.200000, 0.948200
2.750000, 0.600000, 0.300000, 0.945000
2.750000, 0.600000, 0.400000, 0.945900
2.750000, 0.600000, 0.500000, 0.948900
2.750000, 0.600000, 0.600000, 0.953700
2.750000, 0.600000, 0.700000, 0.947600
2.750000, 0.600000, 0.800000, 0.945800
2.750000, 0.600000, 0.900000, 0.946700
2.750000, 0.600000, 1.000000, 0.948300
2.750000, 0.700000, 0.000000, 0.944000
2.750000, 0.700000, 0.100000, 0.948800
2.750000, 0.700000, 0.200000, 0.948400
2.750000, 0.700000, 0.300000, 0.949000
2.750000, 0.700000, 0.400000, 0.950300
2.750000, 0.700000, 0.500000, 0.945400
2.750000, 0.700000, 0.600000, 0.947800
2.750000, 0.700000, 0.700000, 0.947600
2.750000, 0.700000, 0.800000, 0.944100
2.750000, 0.700000, 0.900000, 0.947400
2.750000, 0.700000, 1.000000, 0.942800
2.750000, 0.800000, 0.000000, 0.948400
2.750000, 0.800000, 0.100000, 0.943900
2.750000, 0.800000, 0.200000, 0.946700
2.750000, 0.800000, 0.300000, 0.947600
2.750000, 0.800000, 0.400000, 0.948100
2.750000, 0.800000, 0.500000, 0.946400
2.750000, 0.800000, 0.600000, 0.946800
2.750000, 0.800000, 0.700000, 0.947800
2.750000, 0.800000, 0.800000, 0.947900
2.750000, 0.800000, 0.900000, 0.946200
2.750000, 0.800000, 1.000000, 0.946900
2.750000, 0.900000, 0.000000, 0.945100
2.750000, 0.900000, 0.100000, 0.945000
2.750000, 0.900000, 0.200000, 0.945800
2.750000, 0.900000, 0.300000, 0.942600
2.750000, 0.900000, 0.400000, 0.946800
2.750000, 0.900000, 0.500000, 0.943800
2.750000, 0.900000, 0.600000, 0.947600
2.750000, 0.900000, 0.700000, 0.948700
2.750000, 0.900000, 0.800000, 0.943200
2.750000, 0.900000, 0.900000, 0.945100
2.750000, 0.900000, 1.000000, 0.947700
2.750000, 1.000000, 0.000000, 0.945800
2.750000, 1.000000, 0.100000, 0.949900
2.750000, 1.000000, 0.200000, 0.948100
2.750000, 1.000000, 0.300000, 0.946700
2.750000, 1.000000, 0.400000, 0.945200
2.750000, 1.000000, 0.500000, 0.946000
2.750000, 1.000000, 0.600000, 0.943400
2.750000, 1.000000, 0.700000, 0.947200
2.750000, 1.000000, 0.800000, 0.949900
2.750000, 1.000000, 0.900000, 0.949300
2.750000, 1.000000, 1.000000, 0.949800
3.000000, 0.000000, 0.000000, 1.000000
3.000000, 0.000000, 0.100000, 1.000000
3.000000, 0.000000, 0.200000, 1.000000
3.000000, 0.000000, 0.300000, 1.000000
3.000000, 0.000000, 0.400000, 1.000000
3.000000, 0.000000, 0.500000, 1.000000
3.000000, 0.000000, 0.600000, 1.000000
3.000000, 0.000000, 0.700000, 1.000000
3.000000, 0.000000, 0.800000, 1.000000
3.000000, 0.000000, 0.900000, 1.000000
3.000000, 0.000000, 1.000000, 1.000000
3.000000, 0.100000, 0.000000, 1.000000
3.000000, 0.100000, 0.100000, 1.000000
3.000000, 0.100000, 0.200000, 1.000000
3.000000, 0.100000, 0.300000, 1.000000
3.000000, 0.100000, 0.400000, 1.000000
3.000000, 0.100000, 0.500000, 1.000000
3.000000, 0.100000, 0.600000, 1.000000
3.000000, 0.100000, 0.700000, 1.000000
3.000000, 0.100000, 0.800000, 1.000000
3.000000, 0.100000, 0.900000, 1.000000
3.000000, 0.100000, 1.000000, 1.000000
3.000000, 0.200000, 0.000000, 1.000000
3.000000, 0.200000, 0.100000, 1.000000
3.000000, 0.200000, 0.200000, 1.000000
3.000000, 0.200000, 0.300000, 1.000000
3.000000, 0.200000, 0.400000, 1.000000
3.000000, 0.200000, 0.500000, 1.000000
3.000000, 0.200000, 0.600000, 1.000000
3.000000, 0.200000, 0.700000, 1.000000
3.000000, 0.200000, 0.800000, 1.000000
3.000000, 0.200000, 0.900000, 1.000000
3.000000, 0.200000, 1.000000, 1.000000
3.000000, 0.300000, 0.000000, 1.000000
3.000000, 0.300000, 0.100000, 1.000000
3.000000, 0.300000, 0.200000, 1.000000
3.000000, 0.300000, 0.300000, 1.000000
3.000000, 0.300000, 0.400000, 1.000000
3.000000, 0.300000, 0.500000, 1.000000
3.000000, 0.300000, 0.600000, 1.000000
3.000000, 0.300000, 0.700000, 1.000000
3.000000, 0.300000, 0.800000, 1.000000
3.000000, 0.300000, 0.900000, 1.000000
3.000000, 0.300000, 1.000000, 1.000000
3.000000, 0.400000, 0.000000, 1.000000
3.000000, 0.400000, 0.100000, 1.000000
3.000000, 0.400000, 0.200000, 1.000000
3.000000, 0.400000, 0.300000, 1.000000
3.000000, 0.400000, 0.400000, 1.000000
3.000000, 0.400000, 0.500000, 1.000000
3.000000, 0.400000, 0.600000, 1.000000
3.000000, 0.400000, 0.700000, 1.000000
3.000000, 0.400000, 0.800000, 1.000000
3.000000, 0.400000, 0.900000, 1.000000
3.000000, 0.400000, 1.000000, 1.000000
3.000000, 0.500000, 0.000000, 1.000000
3.000000, 0.500000, 0.100000, 1.000000
3.000000, 0.500000, 0.200000, 1.000000
3.000000, 0.500000, 0.300000, 1.000000
3.000000, 0.500000, 0.400000, 1.000000
3.000000, 0.500000, 0.500000, 1.000000
3.000000, 0.500000, 0.600000, 1.000000
3.000000, 0.500000, 0.700000, 1.000000
3.000000, 0.500000, 0.800000, 1.000000
3.000000, 0.500000, 0.900000, 1.000000
3.000000, 0.500000, 1.000000, 1.000000
3.000000, 0.600000, 0.000000, 1.000000
3.000000, 0.600000, 0.100000, 1.000000
3.000000, 0.600000, 0.200000, 1.000000
3.000000, 0.600000, 0.300000, 1.000000
3.000000, 0.600000, 0.400000, 1.000000
3.000000, 0.600000, 0.500000, 1.000000
3.000000, 0.600000, 0.600000, 1.000000
3.000000, 0.600000, 0.700000, 1.000000
3.000000, 0.600000, 0.800000, 1.000000
3.000000, 0.600000, 0.900000, 1.000000
3.000000, 0.600000, 1.000000, 1.000000
3.000000, 0.700000, 0.000000, 1.000000
3.000000, 0.700000, 0.100000, 1.000000
3.000000, 0.700000, 0.200000, 1.000000
3.000000, 0.700000, 0.300000, 1.000000
3.000000, 0.700000, 0.400000, 1.000000
3.000000, 0.700000, 0.500000, 1.000000
3.000000, 0.700000, 0.600000, 1.000000
3.000000, 0.700000, 0.700000, 1.000000
3.000000, 0.700000, 0.800000, 1.000000
3.000000, 0.700000, 0.900000, 1.000000
3.000000, 0.700000, 1.000000, 1.000000
3.000000, 0.800000, 0.000000, 1.000000
3.000000, 0.800000, 0.100000, 1.000000
3.000000, 0.800000, 0.200000, 1.000000
3.000000, 0.800000, 0.300000, 1.000000
3.000000, 0.800000, 0.400000, 1.000000
3.000000, 0.800000, 0.500000, 1.000000
3.000000, 0.800000, 0.600000, 1.000000
3.000000, 0.800000, 0.700000, 1.000000
3.000000, 0.800000, 0.800000, 1.000000
3.000000, 0.800000, 0.900000, 1.000000
3.000000, 0.800000, 1.000000, 1.000000
3.000000, 0.900000, 0.000000, 1.000000
3.000000, 0.900000, 0.100000, 1.000000
3.000000, 0.900000, 0.200000, 1.000000
3.000000, 0.900000, 0.300000, 1.000000
3.000000, 0.900000, 0.400000, 1.000000
3.000000, 0.900000, 0.500000, 1.000000
3.000000, 0.900000, 0.600000, 1.000000
3.000000, 0.900000, 0.700000, 1.000000
3.000000, 0.900000, 0.800000, 1.000000
3.000000, 0.900000, 0.900000, 1.000000
3.000000, 0.900000, 1.000000, 1.000000
3.000000, 1.000000, 0.000000, 1.000000
3.000000, 1.000000, 0.100000, 1.000000
3.000000, 1.000000, 0.200000, 1.000000
3.000000, 1.000000, 0.300000, 1.000000
3.000000, 1.000000, 0.400000, 1.000000
3.000000, 1.000000, 0.500000, 1.000000
3.000000, 1.000000, 0.600000, 1.000000
3.000000, 1.000000, 0.700000, 1.000000
3.000000, 1.000000, 0.800000, 1.000000
3.000000, 1.000000, 0.900000, 1.000000
3.000000, 1.000000, 1.000000, 1.000000
0.000000, 0.800000, 1.200000, 0.180500
0.000000, 0.800000, 1.300000, 0.154100
0.000000, 0.800000, 1.400000, 0.131300
0.000000, 0.800000, 1.500000, 0.105600
0.000000, 0.800000, 1.600000, 0.081600
0.000000, 0.800000, 1.700000, 0.061800
0.000000, 0.800000, 1.800000, 0.038600
0.000000, 0.800000, 1.900000, 0.021600
0.000000, 0.800000, 2.000000, 0.000000
0.000000, 0.900000, 0.000000, 0.369500
0.000000, 0.900000, 0.100000, 0.360200
0.000000, 0.900000, 0.200000, 0.352400
0.000000, 0.900000, 0.300000, 0.343700
0.000000, 0.900000, 0.400000, 0.343100
0.000000, 0.900000, 0.500000, 0.322600
0.000000, 0.900000, 0.600000, 0.313900
0.000000, 0.900000, 0.700000, 0.288600
0.000000, 0.900000, 0.800000, 0.274200
0.000000, 0.900000, 0.900000, 0.247800
0.000000, 0.900000, 1.000000, 0.230800
0.000000, 0.900000, 1.100000, 0.201800
0.000000, 0.900000, 1.200000, 0.180000
0.000000, 0.900000, 1.300000, 0.162800
0.000000, 0.900000, 1.400000, 0.136500
0.000000, 0.900000, 1.500000, 0.107800
0.000000, 0.900000, 1.600000, 0.086200
0.000000, 0.900000, 1.700000, 0.065900
0.000000, 0.900000, 1.800000, 0.041200
0.000000, 0.900000, 1.900000, 0.018800
0.000000, 0.900000, 2.000000, 0.000000
0.000000, 1.000000, 0.000000, 0.361500
0.000000, 1.000000, 0.100000, 0.354100
0.000000, 1.000000, 0.200000, 0.353100
0.000000, 1.000000, 0.300000, 0.350300
0.000000, 1.000000, 0.400000, 0.336700
0.000000, 1.000000, 0.500000, 0.318500
0.000000, 1.000000, 0.600000, 0.306700
0.000000, 1.000000, 0.700000, 0.292700
0.000000, 1.000000, 0.800000, 0.272500
0.000000, 1.000000, 0.900000, 0.243400
0.000000, 1.000000, 1.000000, 0.226400
0.000000, 1.000000, 1.100000, 0.215000
0.000000, 1.000000, 1.200000, 0.188300
0.000000, 1.000000, 1.300000, 0.160900
0.000000, 1.000000, 1.400000, 0.133900
0.000000, 1.000000, 1.500000, 0.107700
0.000000, 1.000000, 1.600000, 0.086700
0.000000, 1.000000, 1.700000, 0.064000
0.000000, 1.000000, 1.800000, 0.042300
0.000000, 1.000000, 1.900000, 0.018400
0.000000, 1.000000, 2.000000, 0.000000
0.250000, 0.000000, 0.000000, 0.372300
0.250000, 0.000000, 0.100000, 0.374000
0.250000, 0.000000, 0.200000, 0.354300
0.250000, 0.000000, 0.300000, 0.349300
0.250000, 0.000000, 0.400000, 0.347600
0.250000, 0.000000, 0.500000, 0.339600
0.250000, 0.000000, 0.600000, 0.319500
0.250000, 0.000000, 0.700000, 0.300700
0.250000, 0.000000, 0.800000, 0.287300
0.250000, 0.000000, 0.900000, 0.266600
0.250000, 0.000000, 1.000000, 0.227500
0.250000, 0.000000, 1.100000, 0.207900
0.250000, 0.000000, 1.200000, 0.184100
0.250000, 0.000000, 1.300000, 0.156100
0.250000, 0.000000, 1.400000, 0.142700
0.250000, 0.000000, 1.500000, 0.115300
0.250000, 0.000000, 1.600000, 0.090200
0.250000, 0.000000, 1.700000, 0.065900
0.250000, 0.000000, 1.800000, 0.040300
0.250000, 0.000000, 1.900000, 0.019400
0.250000, 0.000000, 2.000000, 0.000000
0.250000, 0.100000, 0.000000, 0.367400
0.250000, 0.100000, 0.100000, 0.364000
0.250000, 0.100000, 0.200000, 0.370500
0.250000, 0.100000, 0.300000, 0.362700
0.250000, 0.100000, 0.400000, 0.353600
0.250000, 0.100000, 0.500000, 0.328500
0.250000, 0.100000, 0.600000, 0.324300
0.250000, 0.100000, 0.700000, 0.297800
0.250000, 0.100000, 0.800000, 0.279700
0.250000, 0.100000, 0.900000, 0.262400
0.250000, 0.100000, 1.000000, 0.238100
0.250000, 0.100000, 1.100000, 0.210600
0.250000, 0.100000, 1.200000, 0.187500
0.250000, 0.100000, 1.300000, 0.154200
0.250000, 0.100000, 1.400000, 0.129500
0.250000, 0.100000, 1.500000, 0.112800
0.250000, 0.100000, 1.600000, 0.086100
0.250000, 0.100000, 1.700000, 0.062800
0.250000, 0.100000, 1.800000, 0.044000
0.250000, 0.100000, 1.900000, 0.021100
0.250000, 0.100000, 2.000000, 0.000000
0.250000, 0.200000, 0.000000, 0.369300
0.250000, 0.200000, 0.100000, 0.358100
0.250000, 0.200000, 0.200000, 0.368900
0.250000, 0.200000, 0.300000, 0.352200
0.250000, 0.200000, 0.400000, 0.346500
0.250000, 0.200000, 0.500000, 0.329300
0.250000, 0.200000, 0.600000, 0.310400
0.250000, 0.200000, 0.700000, 0.294500
0.250000, 0.200000, 0.800000, 0.286200
0.250000, 0.200000, 0.900000, 0.261500
0.250000, 0.200000, 1.000000, 0.231600
0.250000, 0.200000, 1.100000, 0.210400
0.250000, 0.200000, 1.200000, 0.188400
0.250000, 0.200000, 1.300000, 0.156000
0.250000, 0.200000, 1.400000, 0.132100
0.250000, 0.200000, 1.500000, 0.119500
0.250000, 0.200000, 1.600000, 0.090400
0.250000, 0.200000, 1.700000, 0.061100
0.250000, 0.200000, 1.800000, 0.045400
0.250000, 0.200000, 1.900000, 0.019900
0.250000, 0.200000, 2.000000, 0.000000
0.250000, 0.300000, 0.000000, 0.366900
0.250000, 0.300000, 0.100000, 0.377200
0.250000, 0.300000, 0.200000, 0.365400
0.250000, 0.300000, 0.300000, 0.348000
0.250000, 0.300000, 0.400000, 0.337500
0.250000, 0.300000, 0.500000, 0.337300
0.250000, 0.300000, 0.600000, 0.323100
0.250000, 0.300000, 0.700000, 0.294400
0.250000, 0.300000, 0.800000, 0.274800
0.250000, 0.300000, 0.900000, 0.257100
0.250000, 0.300000, 1.000000, 0.235900
0.250000, 0.300000, 1.100000, 0.214600
0.250000, 0.300000, 1.200000, 0.189800
0.250000, 0.300000, 1.300000, 0.161900
0.250000, 0.300000, 1.400000, 0.132200
0.250000, 0.300000, 1.500000, 0.111800
0.250000, 0.300000, 1.600000, 0.088000
0.250000, 0.300000, 1.700000, 0.062000
0.250000, 0.300000, 1.800000, 0.041800
0.250000, 0.300000, 1.900000, 0.019200
0.250000, 0.300000, 2.000000, 0.000000
0.250000, 0.400000, 0.000000, 0.368300
0.250000, 0.400000, 0.100000, 0.365000
0.250000, 0.400000, 0.200000, 0.362500
0.250000, 0.400000, 0.300000, 0.353900
0.250000, 0.400000, 0.400000, 0.335400
0.250000, 0.400000, 0.500000, 0.330700
0.250000, 0.400000, 0.600000, 0.316500
0.250000, 0.400000, 0.700000, 0.302400
0.250000, 0.400000, 0.800000, 0.291200
0.250000, 0.400000, 0.900000, 0.254700
0.250000, 0.400000, 1.000000, 0.232100
0.250000, 0.400000, 1.100000, 0.208700
0.250000, 0.400000, 1.200000, 0.186500
0.250000, 0.400000, 1.300000, 0.158400
0.250000, 0.400000, 1.400000, 0.137300
0.250000, 0.400000, 1.500000, 0.114800
0.250000, 0.400000, 1.600000, 0.089600
0.250000, 0.400000, 1.700000, 0.063700
0.250000, 0.400000, 1.800000, 0.039400
0.250000, 0.400000, 1.900000, 0.020300
0.250000, 0.400000, 2.000000, 0.000000
0.250000, 0.500000, 0.000000, 0.373200
0.250000, 0.500000, 0.100000, 0.371300
0.250000, 0.500000, 0.200000, 0.356500
0.250000, 0.500000, 0.300000, 0.335600
0.250000, 0.500000, 0.400000, 0.340800
0.250000, 0.500000, 0.500000, 0.338600
0.250000, 0.500000, 0.600000, 0.320600
0.250000, 0.500000, 0.700000, 0.296600
0.250000, 0.500000, 0.800000, 0.283200
0.250000, 0.500000, 0.900000, 0.260900
0.250000, 0.500000, 1.000000, 0.233800
0.250000, 0.500000, 1.100000, 0.216100
0.250000, 0.500000, 1.200000, 0.188300
0.250000, 0.500000, 1.300000, 0.158500
0.250000, 0.500000, 1.400000, 0.137200
0.250000, 0.500000, 1.500000, 0.111600
0.250000, 0.500000, 1.600000, 0.092600
0.250000, 0.500000, 1.700000, 0.062700
0.250000, 0.500000, 1.800000, 0.043500
0.250000, 0.500000, 1.900000, 0.020300
0.250000, 0.500000, 2.000000, 0.000000
0.250000, 0.600000, 0.000000, 0.364200
0.250000, 0.600000, 0.100000, 0.361400
0.250000, 0.600000, 0.200000, 0.359700
0.250000, 0.600000, 0.300000, 0.359700
0.250000, 0.600000, 0.400000, 0.348600
0.250000, 0.600000, 0.500000, 0.338200
0.250000, 0.600000, 0.600000, 0.323700
0.250000, 0.600000, 0.700000, 0.298700
0.250000, 0.600000, 0.800000, 0.283600
0.250000, 0.600000, 0.900000, 0.265900
0.250000, 0.600000, 1.000000, 0.232700
0.250000, 0.600000, 1.100000, 0.210900
0.250000, 0.600000, 1.200000, 0.185600
0.250000, 0.600000, 1.300000, 0.155600
0.250000, 0.600000, 1.400000, 0.136600
0.250000, 0.600000, 1.500000, 0.115800
0.250000, 0.600000, 1.600000, 0.087200
0.250000, 0.600000, 1.700000, 0.067400
0.250000, 0.600000, 1.800000, 0.040100
0.250000, 0.600000, 1.900000, 0.020200
0.250000, 0.600000, 2.000000, 0.000000
0.250000, 0.700000, 0.000000, 0.365600
0.250000, 0.700000, 0.100000, 0.364400
0.250000, 0.700000, 0.200000, 0.367500
0.250000, 0.700000, 0.300000, 0.365600
0.250000, 0.700000, 0.400000, 0.348700
0.250000, 0.700000, 0.500000, 0.335300
0.250000, 0.700000, 0.600000, 0.324500
0.250000, 0.700000, 0.700000, 0.307500
0.250000, 0.700000, 0.800000, 0.275700
0.250000, 0.700000, 0.900000, 0.262200
0.250000, 0.700000, 1.000000, 0.238000
0.250000, 0.700000, 1.100000, 0.218800
0.250000, 0.700000, 1.200000, 0.187900
0.250000, 0.700000, 1.300000, 0.156100
0.250000, 0.700000, 1.400000, 0.139100
0.250000, 0.700000, 1.500000, 0.115900
0.250000, 0.700000, 1.600000, 0.091300
0.250000, 0.700000, 1.700000, 0.063900
0.250000, 0.700000, 1.800000, 0.046800
0.250000, 0.700000, 1.900000, 0.023900
0.250000, 0.700000, 2.000000, 0.000000
0.250000, 0.800000, 0.000000, 0.358500
0.250000, 0.800000, 0.100000, 0.376500
0.250000, 0.800000, 0.200000, 0.361100
0.250000, 0.800000, 0.300000, 0.353200
0.250000, 0.800000, 0.400000, 0.344300
0.250000, 0.800000, 0.500000, 0.330400
0.250000, 0.800000, 0.600000, 0.314600
0.250000, 0.800000, 0.700000, 0.299400
0.250000, 0.800000, 0.800000, 0.276500
0.250000, 0.800000, 0.900000, 0.260900
0.250000, 0.800000, 1.000000, 0.232200
0.250000, 0.800000, 1.100000, 0.209600
0.250000, 0.800000, 1.200000, 0.186400
0.250000, 0.800000, 1.300000, 0.161700
0.250000, 0.800000, 1.400000, 0.135900
0.250000, 0.800000, 1.500000, 0.112700
0.250000, 0.800000, 1.600000, 0.084600
0.250000, 0.800000, 1.700000, 0.066300
0.250000, 0.800000, 1.800000, 0.039400
0.250000, 0.800000, 1.900000, 0.018400
0.250000, 0.800000, 2.000000, 0.000000
0.250000, 0.900000, 0.000000, 0.367500
0.250000, 0.900000, 0.100000, 0.372600
0.250000, 0.900000, 0.200000, 0.358800
0.250000, 0.900000, 0.300000, 0.354800
0.250000, 0.900000, 0.400000, 0.339600
0.250000, 0.900000, 0.500000, 0.331600
0.250000, 0.900000, 0.600000, 0.328000
0.250000, 0.900000, 0.700000, 0.305000
0.250000, 0.900000, 0.800000, 0.282700
0.250000, 0.900000, 0.900000, 0.261300
0.250000, 0.900000, 1.000000, 0.235800
0.250000, 0.900000, 1.100000, 0.216600
0.250000, 0.900000, 1.200000, 0.184800
0.250000, 0.900000, 1.300000, 0.160500
0.250000, 0.900000, 1.400000, 0.137600
0.250000, 0.900000, 1.500000, 0.111500
0.250000, 0.900000, 1.600000, 0.089400
0.250000, 0.900000, 1.700000, 0.065200
0.250000, 0.900000, 1.800000, 0.043100
0.250000, 0.900000, 1.900000, 0.021700
0.250000, 0.900000, 2.000000, 0.000000
0.250000, 1.000000, 0.000000, 0.374700
0.250000, 1.000000, 0.100000, 0.372000
0.250000, 1.000000, 0.200000, 0.352400
0.250000, 1.000000, 0.300000, 0.360100
0.250000, 1.000000, 0.400000, 0.351800
0.250000, 1.000000, 0.500000, 0.329300
0.250000, 1.000000, 0.600000, 0.328600
0.250000, 1.000000, 0.700000, 0.300900
0.250000, 1.000000, 0.800000, 0.286600
0.250000, 1.000000, 0.900000, 0.259000
0.250000, 1.000000, 1.000000, 0.241300
0.250000, 1.000000, 1.100000, 0.215800
0.250000, 1.000000, 1.200000, 0.185300
0.250000, 1.000000, 1.300000, 0.160400
0.250000, 1.000000, 1.400000, 0.129600
0.250000, 1.000000, 1.500000, 0.109600
0.250000, 1.000000, 1.600000, 0.089000
0.250000, 1.000000, 1.700000, 0.064600
0.250000, 1.000000, 1.800000, 0.039400
0.250000, 1.000000, 1.900000, 0.020300
0.250000, 1.000000, 2.000000, 0.000000
0.500000, 0.000000, 0.000000, 0.395600
0.500000, 0.000000, 0.100000, 0.397700
0.500000, 0.000000, 0.200000, 0.378700
0.500000, 0.000000, 0.300000, 0.375300
0.500000, 0.000000, 0.400000, 0.366600
0.500000, 0.000000, 0.500000, 0.360400
0.500000, 0.000000, 0.600000, 0.340300
0.500000, 0.000000, 0.700000, 0.327100
0.500000, 0.000000, 0.800000, 0.301500
0.500000, 0.000000, 0.900000, 0.271900
0.500000, 0.000000, 1.000000, 0.253000
0.500000, 0.000000, 1.100000, 0.224200
0.500000, 0.000000, 1.200000, 0.196200
0.500000, 0.000000, 1.300000, 0.163800
0.500000, 0.000000, 1.400000, 0.146100
0.500000, 0.000000, 1.500000, 0.111300
0.500000, 0.000000, 1.600000, 0.088500
0.500000, 0.000000, 1.700000, 0.068300
0.500000, 0.000000, 1.800000, 0.043400
0.500000, 0.000000, 1.900000, 0.018900
0.500000, 0.000000, 2.000000, 0.000000
0.500000, 0.100000, 0.000000, 0.396100
0.500000, 0.100000, 0.100000, 0.393300
0.500000, 0.100000, 0.200000, 0.385100
0.500000, 0.100000, 0.300000, 0.384200
0.500000, 0.100000, 0.400000, 0.368700
0.500000, 0.100000, 0.500000, 0.363300
0.500000, 0.100000, 0.600000, 0.342700
0.500000, 0.100000, 0.700000, 0.324000
0.500000, 0.100000, 0.800000, 0.303800
0.500000, 0.100000, 0.900000, 0.281500
0.500000, 0.100000, 1.000000, 0.255700
0.500000, 0.100000, 1.100000, 0.222500
0.500000, 0.100000, 1.200000, 0.196100
0.500000, 0.100000, 1.300000, 0.161900
0.500000, 0.100000, 1.400000, 0.140700
0.500000, 0.100000, 1.500000, 0.110500
0.500000, 0.100000, 1.600000, 0.085600
0.500000, 0.100000, 1.700000, 0.069400
0.500000, 0.100000, 1.800000, 0.041400
0.500000, 0.100000, 1.900000, 0.020300
0.500000, 0.100000, 2.000000, 0.000000
0.500000, 0.200000, 0.000000, 0.391300
0.500000, 0.200000, 0.100000, 0.385200
0.500000, 0.200000, 0.200000, 0.387100
0.500000, 0.200000, 0.300000, 0.380900
0.500000, 0.200000, 0.400000, 0.375900
0.500000, 0.200000, 0.500000, 0.363500
0.500000, 0.200000, 0.600000, 0.349100
0.500000, 0.200000, 0.700000, 0.326700
0.500000, 0.200000, 0.800000, 0.300700
0.500000, 0.200000, 0.900000, 0.277000
0.500000, 0.200000, 1.000000, 0.261300
0.500000, 0.200000, 1.100000, 0.222000
0.500000, 0.200000, 1.200000, 0.193900
0.500000, 0.200000, 1.300000, 0.169300
0.500000, 0.200000, 1.400000, 0.137300
0.500000, 0.200000, 1.500000, 0.112600
0.500000, 0.200000, 1.600000, 0.084600
0.500000, 0.200000, 1.700000, 0.063700
0.500000, 0.200000, 1.800000, 0.041600
0.500000, 0.200000, 1.900000, 0.020500
0.500000, 0.200000, 2.000000, 0.000000
0.500000, 0.300000, 0.000000, 0.396300
0.500000, 0.300000, 0.100000, 0.393800
0.500000, 0.300000, 0.200000, 0.389600
0.500000, 0.300000, 0.300000, 0.382600
0.500000, 0.300000, 0.400000, 0.360600
0.500000, 0.300000, 0.500000, 0.360100
0.500000, 0.300000, 0.600000, 0.342700
0.500000, 0.300000, 0.700000, 0.320600
0.500000, 0.300000, 0.800000, 0.301300
0.500000, 0.300000, 0.900000, 0.276300
0.500000, 0.300000, 1.000000, 0.248500
0.500000, 0.300000, 1.100000, 0.221200
0.500000, 0.300000, 1.200000, 0.199600
0.500000, 0.300000, 1.300000, 0.171600
0.500000, 0.300000, 1.400000, 0.138000
0.500000, 0.300000, 1.500000, 0.112400
0.500000, 0.300000, 1.600000, 0.086600
0.500000, 0.300000, 1.700000, 0.063100
0.500000, 0.300000, 1.800000, 0.045000
0.500000, 0.300000, 1.900000, 0.022000
0.500000, 0.300000, 2.000000, 0.000000
0.500000, 0.400000, 0.000000, 0.391800
0.500000, 0.400000, 0.100000, 0.394700
0.500000, 0.400000, 0.200000, 0.391200
0.500000, 0.400000, 0.300000, 0.379200
0.500000, 0.400000, 0.400000, 0.372000
0.500000, 0.400000, 0.500000, 0.364800
0.500000, 0.400000, 0.600000, 0.339400
0.500000, 0.400000, 0.700000, 0.327500
0.500000, 0.400000, 0.800000, 0.308900
0.500000, 0.400000, 0.900000, 0.277300
0.500000, 0.400000, 1.000000, 0.246700
0.500000, 0.400000, 1.100000, 0.220900
0.500000, 0.400000, 1.200000, 0.196400
0.500000, 0.400000, 1.300000, 0.164900
0.500000, 0.400000, 1.400000, 0.140400
0.500000, 0.400000, 1.500000, 0.120300
0.500000, 0.400000, 1.600000, 0.090200
0.500000, 0.400000, 1.700000, 0.065800
0.500000, 0.400000, 1.800000, 0.043500
0.500000, 0.400000, 1.900000, 0.018900
0.500000, 0.400000, 2.000000, 0.000000
0.500000, 0.500000, 0.000000, 0.387900
0.500000, 0.500000, 0.100000, 0.393600
0.500000, 0.500000, 0.200000, 0.389600
0.500000, 0.500000, 0.300000, 0.380100
0.500000, 0.500000, 0.400000, 0.375100
0.500000, 0.500000, 0.500000, 0.356700
0.500000, 0.500000, 0.600000, 0.337800
0.500000, 0.500000, 0.700000, 0.329200
0.500000, 0.500000, 0.800000, 0.308600
0.500000, 0.500000, 0.900000, 0.279900
0.500000, 0.500000, 1.000000, 0.248700
0.500000, 0.500000, 1.100000, 0.220700
0.500000, 0.500000, 1.200000, 0.193600
0.500000, 0.500000, 1.300000, 0.172300
0.500000, 0.500000, 1.400000, 0.142400
0.500000, 0.500000, 1.500000, 0.113000
0.500000, 0.500000, 1.600000, 0.086800
0.500000, 0.500000, 1.700000, 0.067100
0.500000, 0.500000, 1.800000, 0.043000
0.500000, 0.500000, 1.900000, 0.021100
0.500000, 0.500000, 2.000000, 0.000000
0.500000, 0.600000, 0.000000, 0.395800
0.500000, 0.600000, 0.100000, 0.398300
0.500000, 0.600000, 0.200000, 0.392400
0.500000, 0.600000, 0.300000, 0.371200
0.500000, 0.600000, 0.400000, 0.372800
0.500000, 0.600000, 0.500000, 0.364100
0.500000, 0.600000, 0.600000, 0.342600
0.500000, 0.600000, 0.700000, 0.323700
0.500000, 0.600000, 0.800000, 0.305200
0.500000, 0.600000, 0.900000, 0.278100
0.500000, 0.600000, 1.000000, 0.250500
0.500000, 0.600000, 1.100000, 0.217100
