299888
300226
300303
300046
300573
300616
299649
300274
300350
299824
300157
300024
300405
300540
299441
300390
300326
300217
299364
300025
299733
299692
299721
299670
299844
300335
299569
301095
300156
299320
299538
299794
300220
300973
299574
300669
299940
300219
300389
300614
299988
299652
299635
300093
300140
300624
299602
300309
299691
299787
299726
300186
299785
300465
299755
299975
299921
300137
299692
300000
299480
300336
299991
300437
300426
299902
299346
299450
300369
299974
299933
299639
300461
300553
300322
300805
300167
300711
299997
299683
299687
300283
300265
300121
300506
300118
300104
299451
300483
299877
300184
300487
299214
299397
300148
300564
299848
299803
299724
300032
300509
299795
300569
300382
300282
299851
300714
300285
300680
299277
299588
299409
300131
299654
301472
300109
299874
300085
299661
299817
300226
300349
299506
300664
299692
300768
300372
300006
299643
299201
299716
299619
299848
299750
300342
299496
299486
300063
300106
299979
299731
299973
300073
300029
299813
300072
299368
300048
300121
301165
299252
300497
299981
299871
300245
299727
299784
300319
299751
300462
300327
299173
299412
299782
299538
299814
299566
299465
299350
299656
299871
298575
300074
300276
300079
299541
299381
299999
299431
299696
299832
299964
300168
299530
300060
299494
301076
299712
299570
299587
300192
300235
299913
300027
299988
299729
299879
299999
299988
299825
300780
299359
299693
300091
299386
300113
300666
300181
299868
299694
300651
299411
301432
301024
299906
299173
300225
299864
300472
299848
299305
299423
299690
299627
299598
300095
299593
300052
300172
299962
300567
299396
299567
299400
299606
300314
299166
299546
300022
299368
300169
300019
300335
299574
300003
300180
300438
299952
299828
299130
300559
300338
299884
300230
299242
299955
299653
299334
299341
299602
299325
299158
299398
299267
299489
299867
299934
299903
299874
299845
299983
300475
299818
300363
299702
300785
299936
299950
299940
299692
300353
300398
299442
299916
299749
299567
299856
299829
299589
300175
299472
300220
300264
300128
300166
300312
299564
299598
299731
300017
299380
299208
299671
300050
300107
299617
300024
300810
300205
299105
299888
299986
300674
300500
300088
300181
300262
299860
299714
300407
300119
299333
300004
299747
299553
299838
299267
300131
299687
299929
299588
299720
299592
300235
299397
299363
300304
299769
299399
300363
299805
299575
299654
300448
299853
299211
299289
299874
300766
299425
300462
299853
299942
300253
300451
299521
300110
299888
300348
300184
299982
300610
299813
300368
299527
299329
300452
299481
299476
300258
299842
300246
298959
299959
300681
299082
300872
298846
299859
299449
300684
299843
300291
299626
300653
300415
299922
300807
300095
299776
298988
299177
300122
299779
299589
299900
299346
300350
300555
299861
299523
300674
300328
300197
299676
299572
300311
301003
299775
300588
299767
300946
299390
299985
299826
300370
299681
300515
299707
300226
300552
299214
300235
298920
299880
300070
300306
299959
300157
300108
300504
299733
299975
300372
299869
299372
299878
299712
299686
300426
299447
300186
300270
300670
300531
299273
299840
299539
299527
299991
299747
300130
299417
299885
300086
299501
299344
299983
299948
300214
299972
300033
299974
299985
300106
300213
301370
299871
299852
299521
300669
300336
300366
300257
299917
300173
300244
299082
300114
299953
299631
299112
299905
299377
300356
300356
298796
300498
299591
299944
299636
300162
300633
299928
300248
299913
299994
300091
299551
299567
300101
300304
299866
300652
300705
300917
300132
300336
300435
300341
300357
299778
299495
300051
300224
301014
299099
300877
299635
300643
300255
299696
300209
299991
299207
299826
300967
300679
299773
300931
299892
300424
300379
299724
300575
300135
299821
299511
300071
299567
300141
299324
300277
300134
299762
300008
299645
300069
299690
299783
299932
299664
298855
300482
300242
300020
299508
299515
299347
300284
299329
299458
299909
300217
300277
299048
300021
300423
299215
299597
299941
299794
299296
299667
299783
299710
300148
299779
299088
299933
300164
300597
300058
300540
300234
300493
300768
298946
299731
299271
299716
300003
299345
299751
299250
300383
299964
300251
300079
299983
299971
299909
300329
300092
300044
300346
299870
300671
300216
299901
300193
300411
300383
300132
300644
300081
299712
299874
300761
300260
300022
300265
299988
300324
299272
300327
300610
300318
300107
299852
299927
299640
299612
300099
299664
299755
299543
299367
300054
300012
299131
299828
300129
300297
299585
300120
300265
299409
300059
300026
299787
298928
299900
300778
299953
299785
299901
299668
300377
299933
299171
299874
299220
299518
300389
299799
300079
300200
299890
300028
299680
300483
299951
300520
300669
299178
300431
300457
299954
300507
299901
300374
300569
300014
299821
299780
299448
298788
300248
300017
300454
300250
300929
300507
299997
300471
299993
300221
300007
299629
299969
298966
299220
299978
299814
300312
299950
299997
300004
300522
300091
300221
299856
299935
300424
299415
299845
299933
300744
300682
299709
299938
299324
299732
299454
299817
299296
299722
299323
301024
300124
300610
300378
301128
300411
300486
299973
299756
299822
299718
300311
299678
300038
299739
300473
300140
299049
299898
299565
299956
300156
300330
300265
300405
299464
300189
300204
300181
299450
300131
299710
299959
300124
299927
299904
299830
299584
299751
299757
300103
299500
300131
299311
299667
299747
300195
299660
299791
300207
299764
299955
299928
300072
300097
300236
299513
300207
300377
300339
299912
299364
299404
300051
299942
300736
299587
299570
299972
300680
299982
300018
299950
300045
299442
299982
300882
299596
300128
299221
300454
300920
300656
300581
299720
300368
299747
300009
299139
299460
299548
300130
299627
299687
299641
300594
299402
299675
300248
299950
299983
300522
300446
300200
299989
299726
299981
299858
299793
299662
300189
300627
300039
300720
300713
300868
298807
300083
299951
300388
300266
300392
300311
299996
300113
300199
299770
300127
300286
299644
299680
298848
300511
300682
299191
300199
299863
299932
299514
299853
299704
299733
300031
300394
299581
300326
300926
299079
300098
300569
300265
300380
299686
299601
300808
300719
300159
299763
300194
300546
299577
300123
299301
299845
299335
299260
300540
300057
299424
300040
299843
300080
300179
299526
299466
298984
300435
299515
300322
299843
301149
300292
299714
300493
299862
299446
299493
300210
299905
299602
299998
299932
299045
299958
300163
299656
300174
299198
300227
299655
300263
299776
299496
299609
300191
299449
299884
299774
299920
300170
299558
300657
300681
299021
299382
299319
300837
299270
300372
300027
299537
300611
299351
300037
300536
300249
299495
300189
300600
299693
300935
299713
299917
300602
300709
300021
300844
300828
299406
300352
299375
300168
299738
299501
299652
299829
299559
299930
299455
299806
300527
299974
299735
300064
299432
299841
299950
300670
299880
299835
300035
300191
300023
299965
299612
300372
299561
299322
300018
300075
300015
