400313
400313
399438
400420
400170
400594
400229
400116
400516
400539
399731
399248
399615
399133
400297
400182
400170
399796
400480
400021
401258
400658
399998
400403
399966
400394
400283
400525
400020
400452
400682
401223
400132
399505
399888
399589
400081
400307
399780
399779
399519
400537
399483
400663
400642
400181
399922
400402
400418
400032
400357
400263
400604
400265
399799
399661
400109
400683
399452
399438
399558
400352
400480
400206
400073
399724
400317
400216
399217
399617
399733
399305
399917
400062
400266
399546
399610
399910
399958
400364
400358
400454
400424
400436
399804
400569
399192
400450
400731
400107
399707
399682
399660
400072
400127
398785
400783
399273
400400
399987
400290
399543
399459
399849
400117
400356
399991
400362
400215
399727
399741
399827
399061
400363
399958
399930
400213
400092
399680
399796
399971
400756
400504
400524
400585
399857
400002
400830
399855
399364
399902
400440
400196
400668
399717
399886
399951
400152
400627
400088
400350
399628
399849
400082
399846
399437
399541
399437
400675
399957
400696
399978
399391
398535
400169
399232
399980
400017
400155
400209
400758
399462
400720
400197
399948
400722
400266
399400
400157
399792
400909
400393
400679
399761
399344
399075
399217
399357
399493
399580
399615
399107
399814
400038
400547
399549
400209
400075
399784
400162
400210
400542
399896
400440
399371
399661
400221
400177
399861
399750
400610
401094
400045
399427
400363
399984
399701
400257
400262
398956
399832
400239
400355
400379
399426
400240
399812
399794
400258
399203
399987
398675
399852
401086
399777
399998
399503
399820
399600
399582
400370
400206
400235
400990
399374
400148
399209
400417
399494
400094
399519
400597
399131
400453
400078
400510
400102
400231
399538
399323
399053
399456
399391
400088
400601
400577
400148
400365
399354
399282
400677
400001
401454
400072
400542
399628
399864
400411
400600
399566
399272
399375
400906
400232
400400
399522
400169
400552
400383
399875
400925
400339
399900
400519
399750
399180
399641
400918
400324
399356
398907
400890
399354
399301
400397
400333
400455
399536
400571
400484
399540
399842
400041
400370
399264
400316
400538
400806
399935
399644
399816
399779
400136
399495
400370
399846
399949
399956
399686
400491
400735
400482
400286
399480
399997
400212
400404
400509
400144
399895
399587
399246
400766
399434
400495
400638
399777
401229
399750
399306
399221
399822
399764
399859
400426
399928
399624
399892
400227
399384
399736
401067
399999
399126
399864
399971
399235
400193
399758
399996
399098
400783
400056
400265
400610
400096
398931
399890
399804
399960
400261
400672
399360
400000
400279
400380
399874
400407
400360
400284
399890
399835
400411
399789
399681
399740
400300
399660
400015
400536
399527
399263
399142
400749
399181
400809
399337
399648
399580
400461
400844
400365
400594
399716
399772
399906
400126
399913
400058
400027
400259
399033
400417
400087
400262
399731
399608
400433
400616
400520
399983
399729
400420
399249
399166
399933
400276
400690
399080
399808
400649
399904
399307
400920
400095
400312
400119
400416
400617
399899
400154
399667
400339
400648
399190
400033
400192
399874
399885
401037
399562
400076
399987
399947
399538
399507
400124
400525
399300
399255
399664
400201
399451
399685
399825
400042
400535
399646
399497
398977
400206
400061
399539
399196
399149
400097
399414
399825
400132
400633
400513
399767
399630
399793
400327
399152
400505
400352
399924
399674
400012
399320
400062
400118
400070
399508
399772
399770
399724
400354
399695
400311
399536
400238
399810
399677
401122
399702
399565
400249
400219
399470
400182
400365
400433
401106
400066
400268
400591
400403
399252
400446
400762
399720
399606
399699
400441
399670
400439
399619
400339
400000
400013
399687
399560
400208
398859
399424
399402
400481
400095
400319
400334
399787
400298
399081
401145
399494
400075
399967
399981
400050
400241
400672
399853
399663
400105
400404
399965
400048
399152
400021
399228
399587
399874
400116
399556
400697
400634
399412
400142
400039
399832
399325
400350
400248
400586
400814
399906
399891
400511
401190
400133
399558
399729
399997
400211
399897
399245
399961
399975
400530
400114
400284
399068
400284
400471
399869
400140
399855
399833
400293
399779
400784
399612
400241
400564
400599
400418
400192
398921
400673
399580
400016
400860
399299
400520
399742
399144
399956
400029
399346
399726
400844
400285
399701
399844
399683
399773
400385
400725
400527
399906
401046
400546
400401
400386
400636
400460
399503
399116
399350
399765
399658
400289
399937
400526
400275
400226
400569
399391
399699
400932
399492
400710
399765
400403
400020
400102
400170
399878
400517
400212
399900
399640
399258
399964
400237
399997
400280
400114
398977
399319
400832
400276
399501
400287
400396
399381
400555
399952
400045
399988
400282
400258
398989
400246
399830
399692
400349
400266
400222
400463
400295
399227
399315
400379
399648
400130
400337
399803
400266
399872
399655
399587
399682
401137
400995
399973
399756
400295
400119
399905
400430
400434
399115
399877
400293
399849
400075
400061
400001
400096
399378
399914
399752
400340
400351
399462
400383
401183
400351
400120
400288
400517
399725
400117
400223
399684
400766
399399
399820
400898
399736
398389
400103
400478
399836
400537
400181
399636
400082
400675
398986
400572
400924
399445
399724
399338
400013
399859
400483
399703
400440
399859
399680
400367
400855
398813
401022
399713
400750
399766
399877
399129
400016
400073
399908
399490
399445
399808
399434
399520
400301
399711
399715
400472
400572
400539
400048
399667
399728
400307
399778
399616
400276
399802
399870
400742
398934
400250
400125
400594
399828
399825
400134
399225
399862
399862
399179
400223
399862
399644
399808
399667
399899
400968
399322
400325
399091
400649
400220
399919
401172
399528
400228
400080
400652
400703
400560
400727
400638
400040
400078
399851
399406
399455
400331
400459
400417
399809
400124
401089
400807
399064
400602
399856
399858
400375
399808
400618
399940
400295
399634
400127
400075
400136
400922
400002
400392
400371
399820
399397
399605
399805
400251
399181
400014
401167
401075
399725
400184
400419
399932
399627
400160
400053
400154
399485
399113
400634
400006
400837
400524
399243
400120
399441
401033
400154
399706
400115
399794
400059
399869
400549
399676
400380
400825
399532
399894
399314
400007
399586
400248
400555
399662
400212
400429
400000
399527
399653
399799
399966
400064
399889
400013
399745
399837
400282
401310
399780
400582
399630
401542
400610
400049
399687
401040
400711
400334
399635
399771
399975
399807
400371
400358
399563
399893
400240
400208
400097
401004
399446
400469
400317
400970
400976
399698
399968
399894
399184
399886
400500
400123
401208
400727
400604
399859
399386
401066
399991
400563
400208
400562
399540
400140
400100
400952
400075
400136
400375
400609
399841
399122
399925
399985
400017
399436
399905
399364
399491
400176
399497
399308
399686
399508
400878
399994
400159
399923
399833
399753
399623
400221
400250
400236
399649
399817
400225
399573
