699281
700334
700121
700340
699886
699434
700811
700289
700090
700079
700333
700024
700261
699386
699490
699959
699612
700027
699997
699975
699980
700486
699893
700091
700145
699725
700818
700055
699943
700774
700225
700155
700585
699391
699810
700844
698664
699896
700184
699948
699919
700760
700385
700235
700068
699962
699748
699475
699633
700279
700753
700597
699380
700261
700028
699856
699620
699892
699926
700116
700739
699627
699888
699740
699966
700298
700194
700300
700136
700482
699873
700176
700308
700277
700466
700182
700860
699305
700837
700840
699653
700208
700454
699708
699930
700433
699589
699441
700478
699893
700547
700184
699821
700558
699960
700616
700492
700384
699701
700188
699875
700017
700441
700176
699888
699593
700600
700394
700007
700391
700488
699503
700477
700195
699621
699773
700033
699848
699677
700163
699840
699997
699667
700633
699512
700139
700133
699377
699951
700549
700214
699717
699814
698883
700493
699781
700116
700479
699655
700218
700416
699848
699804
700819
698922
700121
700367
699568
700140
700374
700525
699339
700683
700507
700367
700865
699925
700088
700008
699559
699762
700284
699824
699192
699972
699813
699734
699927
700393
700032
700454
700519
700487
700375
699702
700266
700985
700222
700347
700176
700107
699478
699993
699925
700791
700089
700529
699540
699947
699507
700354
699947
700202
700575
699990
700658
699428
700425
699581
699931
700335
700325
699682
699772
700055
699996
700016
698914
700599
699787
699587
700311
699928
699675
700199
700534
699572
700021
700160
700181
699898
700047
699592
699828
699016
700417
699558
699429
700172
700322
700275
700272
699858
699272
700019
701332
699844
699754
699204
699149
700476
699946
699665
700454
700135
699922
699520
700493
699977
700683
700246
700385
700541
700034
699942
699760
699794
700159
700335
699933
700447
699835
699871
700495
699857
700433
699503
700501
699813
699291
699346
699969
700342
700791
700117
700319
700045
700462
699179
700427
698959
700145
700068
700141
699758
700578
700258
700138
700711
700087
699779
699760
700178
700047
700261
699818
700699
699761
699700
700253
699456
700915
700848
699814
699734
699682
699752
700559
700539
699612
699456
699801
700516
699916
700138
700036
699430
700168
699626
700800
700730
699578
700555
700213
700893
699166
699872
699320
699691
700310
700408
700426
699522
699666
700422
699542
700132
699853
699306
699983
699345
699273
700835
700238
701016
700231
699846
699658
700246
699966
700351
700608
700807
700130
700561
700163
700331
700359
701024
700013
700162
699836
699666
700113
700326
701353
700378
699975
699281
700167
699675
699231
700147
700441
699323
700662
699987
700041
700038
699436
700965
699457
699402
700022
700364
699840
699810
699869
699456
700322
699626
699208
699366
699966
700066
699041
699931
700868
700365
699747
699636
700641
700198
700628
700280
700432
699546
699607
700904
700187
700019
699775
700963
700500
699828
698937
699714
699114
699645
699993
699934
700646
700425
699229
699201
699870
699641
700147
698679
700196
700392
699013
700291
699933
699164
699919
699872
700136
699580
700032
700379
700007
698831
700233
700343
699341
700296
699618
700403
699966
699626
699077
700012
700554
699923
700363
699535
699145
700493
700824
699737
700265
700556
699632
700203
700284
701037
699576
699781
700177
700370
699974
699800
700292
700582
700160
700372
700317
700225
700062
699744
699412
700422
699805
700057
700120
699649
700138
699372
699905
699927
699653
699598
699935
700473
699966
700225
700072
699899
699991
699239
699434
699877
699759
699735
699938
700890
699503
699569
700033
699016
699721
699486
700337
699400
699802
699774
699661
699968
700370
699741
699109
700390
700566
699438
700146
699535
700500
700104
699225
700007
699743
699603
700670
700012
699767
699648
699798
699677
699467
700397
699583
700458
699727
700035
700364
699629
700464
699945
699350
699424
699714
699043
700207
700422
699917
700168
700336
700290
700075
700314
699918
700667
700136
699307
699058
700114
699826
699428
700559
699688
699823
699564
699972
700241
700125
699924
699938
699983
699295
700245
700042
700977
700003
699675
698969
699120
700660
700107
699930
700344
700111
699522
699611
699260
700074
700661
700053
699151
700416
699126
699696
700055
700037
699421
700873
700336
699084
699933
700063
699575
699936
699664
699301
700849
700423
700419
699730
700454
699601
699806
700369
700001
699729
700127
699975
700224
700752
700309
700171
699558
699361
700003
699484
700841
699855
700034
700307
699545
699777
699778
700728
699407
700255
700635
700669
700366
699728
700013
700427
700573
699848
700106
700040
700874
699692
699936
699650
699879
700108
700495
700055
699303
699535
700336
699982
699094
699223
699933
699763
700678
700210
700622
700519
700436
699998
699699
699846
700460
699311
699949
699860
700321
699257
699891
699470
699421
699846
700218
700828
699734
699547
700243
699330
699584
699679
699108
700778
699813
699971
699903
699825
699851
699249
700106
699908
700299
700609
700123
700494
699123
700267
700165
699991
699808
700243
699899
700414
699344
700528
699971
700652
699750
699933
699284
700189
700290
699392
699565
699437
699631
700169
699966
699492
700019
699869
700229
699767
700003
700274
701095
699916
699521
700467
700100
700158
699695
700189
700188
699924
700439
700407
700207
700129
699924
700521
700575
700574
699942
700356
699804
700649
700002
699982
699580
699313
699245
700192
699397
700044
700171
700988
699787
700486
699781
700165
700844
700209
699726
700731
699912
699653
699617
699670
701028
700122
699935
699654
699600
700255
700782
701081
700458
700084
700229
699281
699933
699679
701130
699868
699139
699383
699570
699781
699308
699335
700369
699327
700130
699200
699879
699546
699746
699797
699975
699860
699764
699583
700063
700734
700463
699595
700313
699711
701272
700488
700494
699628
700046
699726
699872
700811
699780
700442
700800
699787
700417
700321
699842
699116
699351
700665
699985
699108
700439
700373
700186
700390
699835
699479
699998
700370
700055
699454
700217
699514
699820
700849
699722
700685
699590
699099
699581
700896
699589
700074
699912
699784
700078
699651
700530
700517
699837
700473
700384
700355
699585
700643
700713
700181
699338
700110
700288
700435
700002
699892
699529
700203
700165
700003
699289
700098
699940
700946
700027
699587
699319
700417
700276
700061
699562
700404
700061
699671
699696
700359
700249
700002
699882
700455
700005
699714
700179
700256
700397
699738
700173
699383
700046
700520
700367
699801
699644
700002
700510
699784
700178
699474
699902
700331
700590
700092
701017
699737
699795
700255
699650
700650
700280
699931
700164
699835
699379
700316
699637
700135
699539
699481
700135
700149
700020
700077
699994
700400
699805
699483
700307
700303
699995
700201
699614
700050
699643
700009
700274
700262
700188
700488
699916
700351
699609
699885
700113
699929
699828
699766
699734
699448
700656
699348
699725
700313
699987
700233
699833
699757
699596
699682
700084
700370
699567
699256
700231
699806
699968
699728
699768
700649
700127
699987
