599922
600595
600355
600647
600136
599479
599974
600252
600144
600722
599746
600581
600190
600041
600621
599134
600465
600329
599628
599302
599529
600255
600530
599440
600342
600474
599990
600453
599914
600648
599981
600213
599932
601098
599595
600321
600008
600270
599801
599901
599794
599891
600390
600041
599282
600370
600100
600281
600568
599715
599556
599769
599343
600649
600763
600498
599371
600561
599716
600700
600435
599879
599544
599535
599567
600993
601214
600445
599774
599887
600570
600291
600040
600450
599877
598800
600060
599959
599978
600342
599909
599738
599952
600683
599547
600255
600751
599006
600278
599550
600315
600460
600086
599325
599329
601042
599572
600313
599895
600788
600093
600527
599102
600139
600984
599446
599187
599874
600006
601080
600200
599957
599948
599840
599958
599405
599252
599818
600082
600316
599914
599736
599112
599544
599277
599099
599459
600119
600685
600664
600169
599706
600183
599651
599297
598964
600612
599804
599952
599924
599197
600884
599840
600169
599786
600435
599925
600314
599637
599663
599908
599298
599350
600038
599710
599718
600108
599415
600173
600621
599240
599757
600067
599900
600400
599968
599819
600577
599719
599801
600108
599707
600675
600528
600808
599458
599678
600409
600408
599544
599421
600317
599301
599488
599891
599756
599927
599696
600203
599895
599430
599688
599406
599438
600312
599728
600138
598864
599984
600207
600643
600058
600103
599856
600296
600082
599966
601043
599638
600329
600018
599874
598519
600228
600830
600554
599719
600611
599832
599778
599959
599324
599232
599762
600473
600720
600652
600242
599798
600681
600448
600051
600173
600609
599859
599543
599408
599789
599955
599852
600023
600145
600336
600349
600194
599900
600060
600103
599480
600214
599836
600345
599396
600419
598967
599755
600235
599144
600197
600475
599935
599204
600071
600146
600392
600833
600261
599191
599296
598614
599277
600601
599743
601014
599791
600244
600481
600142
600837
599706
599334
598871
599234
600180
600258
600595
600909
600449
599930
598989
600917
599760
600125
599526
599366
601006
599622
599054
599357
600144
600024
599976
599481
598711
599678
600056
600243
599988
599092
600360
600615
600438
600092
600287
599343
599964
600476
599449
600533
599861
599139
600472
599949
600837
600213
600340
601309
600959
599161
600141
599913
600503
599257
600121
599811
599826
600210
600566
599599
599977
600033
600592
599761
599983
600096
599261
600695
600087
599727
599832
600031
599960
599711
599555
599647
599878
599766
600773
600219
600346
599956
599715
600049
599888
599614
600106
600241
600186
599307
599499
598824
599413
599754
600276
600033
600163
600277
600371
600295
600044
599938
598801
599857
600294
600752
600988
600393
600677
600128
599526
600057
599630
599487
599478
599370
600605
599579
600189
599536
600491
599903
599725
600010
600560
599783
599822
600168
599407
599880
600697
600500
600101
599939
598721
600183
599397
599908
600440
600855
599946
600520
600648
601152
600308
599751
599230
600194
599532
600142
598832
600038
600405
599701
599651
599728
599551
600323
600386
599492
599851
600181
600438
600073
599798
599750
600030
600274
599933
600246
599737
600603
599640
601187
599599
600670
600257
599721
599982
599804
599311
599842
600756
599364
600052
600828
600066
600669
599240
599469
600334
600125
600160
600654
599643
600464
600003
599940
600444
600280
600301
599403
600540
599923
600217
600089
599849
600236
599535
600442
600080
600443
600715
599965
600532
600826
599357
599832
600350
600019
599849
599350
599864
599854
599739
600464
600368
600162
599941
599605
598785
600365
599237
600134
599573
599456
600283
600068
599773
599965
599323
599201
599848
600662
600416
599115
599483
599327
600534
599635
600554
600684
600292
599476
600805
599009
600495
599629
600889
599438
600092
600555
600590
600194
599344
599588
599900
600008
600382
599957
600262
600572
600188
598953
599916
599354
600595
599779
598989
600297
600873
599919
600440
600611
599898
600756
600469
599744
600818
600956
600053
599611
599906
600556
600291
600235
599670
600004
600125
600070
600231
600429
599881
599235
600390
599530
600230
599487
600819
599253
600170
599683
599293
600239
599942
600555
600251
599788
599624
600036
600287
600175
600154
599656
600214
601335
599713
599592
599783
599715
599428
600220
599719
600156
599466
599465
600945
599681
598764
599837
600357
599616
600375
599695
599003
600035
600263
600288
600462
599912
600230
599407
600675
600140
599617
600124
599550
600507
600354
599994
599225
599772
600013
600246
600148
599252
600089
600413
599657
599395
599668
600017
599730
600267
601104
599645
599749
599823
600605
600267
600414
599629
599799
600566
600333
600133
599538
600593
599249
599732
599505
599796
599743
600359
599244
599928
598974
600095
600104
599748
599356
599699
599660
600606
599987
600325
599223
600033
599717
600205
600042
600662
600153
600225
600027
600042
599667
600308
600273
600003
600478
599232
600302
599647
600150
599751
600019
600317
599550
599625
599124
600553
599017
600733
599823
599557
600812
599233
599529
599472
599595
599895
599606
599883
600217
599710
600339
599579
600052
599623
600437
600910
599149
599531
599613
599665
599902
600316
600841
599513
600217
600343
599893
600802
600148
599080
599564
599992
600976
599284
599815
600128
600177
600052
600241
599342
600171
600309
600513
599519
599848
601383
600117
599607
599818
600581
599744
600138
599410
600428
599518
599500
600004
600021
599465
600296
599555
600527
599915
599851
600065
600192
600069
599552
600023
599370
600164
600319
599089
600296
599818
600553
599616
600059
600077
599949
600398
599901
598755
600027
600607
600467
599649
601418
599951
599407
599701
600906
600812
600690
599986
600599
600557
600616
599046
599574
599227
599345
599599
600172
599415
600444
600108
600315
599908
599507
599490
600151
599449
600527
599618
599204
600068
599981
599511
600450
599476
600239
599813
600592
600186
599672
600097
600029
599935
599765
600248
599731
600251
600436
600487
600301
599743
600388
600429
600132
599958
599383
601020
599634
599587
600031
600456
600278
599197
599866
599579
600070
600464
600152
599731
600366
600680
600154
600642
600107
599416
600560
600130
599160
599786
600060
600164
599344
599941
599392
600011
599483
599175
599961
599701
599308
600717
601020
600471
599853
600293
600183
600445
600928
601063
600112
600329
600184
600056
599754
600009
598939
600368
599670
600273
599793
600853
600133
599964
599937
599169
600777
600285
599561
599787
599436
600425
600549
599818
599621
599527
600072
600151
599835
600304
600674
600188
600094
600590
600629
599982
600652
599573
599697
599137
600058
599394
599895
600713
599156
600101
599456
599676
599011
600395
600036
600057
599451
599695
599734
599908
600366
600510
599899
599990
599478
600170
599412
599815
600368
599794
599165
599401
600538
599638
599275
600215
599408
600266
600320
600070
600114
599754
599416
599653
599998
600282
599994
599912
599890
599149
600261
599595
601153
599015
600254
599883
600229
599803
600247
600749
600848
599416
599961
600266
