300022
299775
300272
300093
299509
300390
300211
300235
300446
299664
299508
300123
300459
299625
299696
300311
300188
300092
300279
300737
300692
300125
300146
300014
300329
299666
299575
299990
300847
300126
299332
299892
300528
299488
299844
299223
299862
299946
300086
300822
300053
300898
300414
300371
300540
299776
299790
300384
298904
300616
300162
300230
299709
300029
300963
300139
300370
300751
299568
299902
299587
299747
300297
300600
300823
300385
299779
300130
299939
299732
299036
299647
300724
300236
300488
299635
299943
300402
300243
299727
300082
300100
299791
299703
300031
299626
300044
300726
300217
299697
300067
299503
299317
299899
300141
300211
300068
300265
300281
300243
300165
299851
300129
299865
300206
298743
299886
299930
300580
300131
299577
299332
299805
299966
299630
299826
300063
300090
299625
299354
299771
300119
299451
299459
299941
299444
300629
300606
299737
299948
300242
300130
300264
300281
300090
299929
299585
300418
299961
300510
300754
300369
299668
299904
299544
300207
300484
300486
299130
300512
300201
300274
299539
300069
300062
299956
300004
300145
300160
300280
301165
299949
300072
300140
300451
300374
300087
300692
300186
299296
300053
299858
300205
299621
299774
299446
300365
300373
299969
299908
300146
300092
299603
300219
299925
300190
300165
300205
300562
300917
300912
299418
299682
300107
299161
300508
300203
299991
299478
300317
300052
299828
301326
300396
300320
300296
299969
299735
299493
300051
299826
299868
300219
300541
299805
300375
300235
300147
299383
299252
300924
300790
299482
299012
300029
300035
299836
300052
299788
299554
299522
300577
300413
300346
299946
300191
299949
300015
299387
300471
300344
299566
299713
300482
299917
299692
299352
300329
300408
299388
300440
299652
300010
300011
300493
300336
300103
299653
299677
299019
299594
300209
299749
299651
300124
300614
301088
300212
300312
299906
299488
300136
299997
299888
299333
299990
299927
299802
300509
299706
300741
300337
300710
299599
300065
299846
299610
300230
300339
300694
300563
300199
300099
299770
300581
299569
299592
299960
299663
300640
299944
300899
299704
300822
299919
299983
299888
300419
299286
300164
300098
301111
299932
300079
299731
299770
299790
300042
300699
300008
299777
300014
299465
299955
299992
299774
299376
300359
300143
299886
299708
300104
299718
300081
300155
299627
300083
299235
299601
299376
300602
299914
299995
300197
299988
300357
299328
300255
299113
299278
299595
299874
300355
299460
300097
299712
300195
299463
299422
300123
300237
300230
299780
300003
299452
300442
300460
299938
300166
299894
300568
300040
299223
300079
301064
300217
299918
299107
300470
300014
299934
299334
300459
299514
298545
299560
300281
299299
299934
299891
299517
299568
300044
300526
299769
299876
299743
300669
299466
299922
299692
300186
300033
300835
300150
299739
299949
299270
299846
299852
300511
300518
299984
299861
299155
299664
299361
300315
299916
299473
300734
299591
299106
299415
300318
300020
300482
300112
300787
300445
300136
299636
300194
299614
299466
299569
299504
300672
300066
300324
300598
299502
299649
300186
299423
301229
299134
300386
299180
299991
300394
300204
300167
299225
299640
300223
299620
300518
299346
299299
299399
299825
300708
299866
299491
301220
299050
299729
299987
299412
299471
300046
299991
299314
299398
299381
300277
299748
299456
299663
299736
300614
299498
299799
300010
300580
300771
300085
300167
299667
299931
300816
300691
299709
299748
300507
299839
300329
299474
299629
300829
299898
300977
300201
299764
300114
300787
300146
300399
299670
301033
300616
300075
299382
300068
300144
299531
300157
300617
299714
300038
300298
299599
299059
299708
300004
300106
299601
299215
299960
299989
300047
300828
300430
299557
299340
299907
300129
298961
299809
299952
299954
299665
298921
299995
300287
300470
299126
300615
300014
300423
298978
299164
300670
299342
299431
299467
300923
300323
301811
299792
299977
300506
300083
299894
300812
300608
299278
300100
300780
299961
299958
300191
299926
299725
300680
300210
299323
300491
300063
300178
299850
300141
300015
300523
299061
299744
300071
300221
300558
299893
300458
299614
300683
299445
299838
299389
299589
299769
299891
299888
299400
300718
299963
300622
299219
299043
300165
299655
300160
300442
299669
299759
300186
300094
299675
300089
299454
299766
300188
300048
299853
300102
299841
300107
299845
299751
299759
301009
300570
299117
300366
300104
300402
300044
300078
299977
300237
299556
299786
300051
299339
299722
299984
299754
299844
300121
300129
300635
299977
300318
299932
299750
299170
300115
299981
299783
300099
299546
300154
300907
299656
299124
299614
300190
299789
300035
300352
300221
299875
299530
299758
300055
300427
299691
300188
299877
300204
300175
300033
300788
299167
300208
299736
301436
301148
300048
300060
300031
300531
300299
299584
300646
300123
298902
300982
300047
300121
301089
300244
300454
300044
300034
300186
300447
300302
298995
300579
300065
300021
300004
300400
300942
300130
299353
300241
299826
299772
299508
300514
300551
300033
300903
299997
300304
299725
300547
300224
299257
299646
300402
300257
300171
300275
300499
299670
299748
300211
300513
299627
300680
299819
299882
299766
300305
300037
300147
299707
299977
300752
300066
300193
300168
299491
299729
300477
299800
299953
299592
299630
299038
300084
300071
299932
299661
300965
300098
300240
300634
299817
299115
299317
300116
300019
299268
299613
300010
300141
300027
299728
299760
299393
299721
299711
300347
300587
300074
299668
300155
300420
300355
299866
299172
300241
299385
299480
299470
299742
300506
300289
300447
299867
299191
299819
300748
299745
299438
299725
299909
300433
300384
299706
300706
300147
300002
300175
299275
299373
299645
300527
299750
300566
299955
299558
299750
300089
300109
299277
300102
300448
300206
300240
298976
299481
299625
299613
299460
300174
299378
300802
299471
299489
299931
299376
300672
300004
300020
300124
299621
300011
299996
299003
299964
300079
300255
299199
300297
300666
300055
299769
299897
299965
300590
299418
300135
299765
300127
299747
300271
299837
299898
300219
300316
300544
299849
299577
300270
300048
299549
300224
299600
300107
299969
299896
299918
300787
299701
300944
299550
299063
300209
299124
300068
299438
299705
300865
299515
299310
299380
299621
299788
300783
299972
299615
299818
300026
300091
300070
299330
299907
300311
300507
300228
299949
300350
299871
299073
299428
300073
299324
300226
299283
299094
299764
300407
299993
299337
300201
301292
298680
300694
300695
299121
300435
299845
300040
299957
300699
300310
300337
300437
299965
299659
300924
300358
298716
300186
299791
300157
299435
299551
300246
299659
300486
300195
300088
300400
299567
300061
300635
300394
300197
299836
299892
299900
299174
299750
300471
298399
299675
299855
299868
300089
301122
299804
300359
299049
299667
300295
300203
299762
299918
300556
300659
299399
300537
299744
299579
300223
300297
300362
299801
299477
300181
299741
299134
300523
300532
299344
299492
