398717
399293
399987
400430
400827
399471
398933
399681
400086
399390
400025
400482
400358
400959
399503
399752
399459
399291
400466
400545
401002
399364
399511
399479
399596
399005
399204
399640
400213
399914
399847
400116
399749
399683
400601
399951
400339
399844
399658
399701
399661
400568
400610
399512
400642
399598
399641
400195
400414
399916
399106
399621
399252
401147
400302
399200
400147
399883
400309
399492
399894
399197
400050
399876
400551
399442
400058
399587
400398
400645
400906
399959
400389
399638
400390
399790
400199
399809
399583
398992
399610
399849
399325
400325
401079
400805
400817
400534
400217
400180
400326
400263
400236
399547
400310
399383
399945
400755
400585
400335
399750
400026
399734
399878
399756
399544
399696
400088
399812
400655
399520
399823
399971
399815
399196
399815
399526
400648
398922
399963
400461
399449
399398
400662
400872
400157
400360
399777
399677
400565
399928
399002
399089
400016
400174
399678
400366
400818
400148
399737
400105
399921
401194
400177
400642
400162
400329
400127
399834
400959
400299
399498
399890
399204
400890
399970
400463
400336
400455
399403
399313
399526
400718
399541
400174
400746
399416
399108
399640
399972
399962
400432
399727
399776
399931
400128
400788
400835
399880
399939
398769
399846
399870
400547
399665
400819
398988
400756
399818
400302
399754
401313
399598
399382
398782
399605
400686
401257
400111
400037
399877
400172
399366
401280
400701
399172
399498
400504
400935
398849
399356
399812
400084
399600
400320
400698
400931
400392
399620
399907
400021
399806
400292
400421
399161
399326
399722
400576
400306
400546
400090
399570
400351
400036
399639
400786
398820
400297
399820
400308
399991
399780
399978
399076
399668
400211
399418
399557
400008
399456
400288
399990
399478
400043
398785
400187
400575
401361
400268
399695
399448
400623
399738
400253
400218
400122
400572
400946
399670
399406
400368
400213
400090
400556
399791
400223
399533
399512
399865
400258
400140
400123
399711
399570
399649
399678
400029
399511
400086
399971
400597
400279
399313
399630
399724
400253
401164
399420
400380
399236
400281
400516
399446
399840
399665
400300
401378
399930
400069
399895
399769
399764
400667
399965
400238
399717
400496
400091
399771
400739
400373
399601
399910
399900
399508
399637
399514
400380
400426
399928
400303
400225
400181
400073
400244
399543
399094
399450
400202
400727
399976
400308
400136
400419
400281
399594
399360
399514
400325
399954
399044
400069
400122
399821
399362
400284
400655
400073
399673
400257
400208
400053
400429
400542
399917
399639
398761
399689
400055
399813
399507
399674
399193
400014
399951
400499
399200
399108
400440
399914
400703
399883
400031
399154
400844
399062
400756
400281
399674
399856
400228
399729
400181
399883
400141
399617
400540
400015
400249
400802
399070
400320
399853
399670
399904
399527
400547
400278
400033
400395
400157
400773
399076
399904
400060
400766
400306
400428
399955
400420
400364
400021
399518
400949
399915
400356
400330
400485
399462
399418
399026
400285
399864
400145
400127
400107
400345
400217
399460
400544
400032
400257
399721
400213
399907
401537
400473
400341
400198
400436
399721
399808
399740
400490
399895
401059
400374
399415
399197
400656
399736
400349
401084
400082
399720
399488
400842
399699
400680
399983
399672
399324
399590
399380
398688
400378
399773
399526
399876
399790
399487
399577
399976
400665
400027
400526
399378
399519
399952
400708
399874
399469
400391
399831
399992
399946
400223
400045
400087
399965
400407
400099
400135
399388
400448
399564
399696
400470
400174
399988
400107
400785
399979
400080
399580
399946
400042
400842
399943
399985
399128
400251
399787
399692
399828
399844
399923
399214
400573
400469
399696
400127
399799
398958
399479
400109
400408
400299
401048
398844
400009
400211
400555
398662
399345
399753
400333
399922
400452
399958
398902
399643
400178
400488
399620
400296
400609
400475
399522
401087
399268
401641
399727
400493
399406
399895
400033
400294
400770
399757
399361
400381
400789
400622
399741
399491
399924
400038
400225
400413
400156
400368
399428
400443
399764
399415
399351
400956
400009
400799
400144
399148
399760
399308
400371
400032
400200
400461
398733
400300
400378
399116
399311
399665
399433
400407
399960
399929
399682
400541
399908
400028
399038
400120
400149
399320
400719
400358
400988
399959
399761
400480
400002
400409
400616
400254
400078
399620
400769
400566
399985
400287
398914
399604
400891
399820
400656
399973
399440
400244
399547
400405
400509
399632
399630
399082
398990
400130
399735
399377
400702
400233
399998
399749
399224
400588
399473
399958
400344
399340
400661
400160
399896
400243
399163
400457
400258
400804
399545
399347
399073
400390
400349
400380
399794
399697
399589
399557
399180
400049
399254
400098
399866
399301
401079
400485
399744
399723
399848
399198
401052
400488
400176
400138
399746
400428
400267
400113
400906
399907
399680
400760
399698
399553
400124
399983
401220
399414
399559
399816
400000
400384
400066
399711
400311
400710
400668
398652
400447
399542
400354
399642
400296
400097
399574
399367
399928
400257
400179
400001
399943
400347
399484
401050
399717
399690
400429
399580
399890
400021
399745
399927
399716
399831
400525
399149
399746
400079
400386
400523
399020
398689
400165
400017
400372
399884
399890
399801
400131
400247
399329
399828
400359
400408
400100
400253
400413
400296
400012
400019
400364
400618
400405
399797
399785
398735
399417
399836
400436
399720
399771
399540
399332
400083
400380
400694
401008
399475
399841
399496
400937
399769
399827
400396
399923
399911
400678
400041
399396
399586
400214
400561
400829
400096
399868
399864
399398
400351
399451
400364
401048
399931
400038
399621
399842
400205
400239
400123
400791
398981
401363
399929
400182
400504
399726
399764
399381
399861
399426
400253
400415
399931
399915
399453
400145
399935
400645
399697
400536
399789
399373
400388
399833
400051
399594
399556
399550
400273
399886
399623
400134
400242
399429
399962
399969
400179
399908
400689
400626
399848
399478
399932
399740
399848
400432
399974
399633
400526
399666
399006
400770
399941
400496
399859
399793
400001
399416
400262
400005
399832
399669
399385
398991
399869
399383
399934
400523
399550
399812
400755
400249
399668
398921
400121
400495
399726
400116
400163
400041
400010
399816
399458
399819
399232
399781
400741
400808
399558
400480
399647
400386
400283
400493
399914
400414
399880
400040
400549
399113
400059
399578
400794
400655
400551
399935
400663
400238
400069
399254
400140
400000
399314
400223
399526
399664
400102
399936
399732
399220
399839
400061
399878
400004
399820
400354
400992
399490
400508
399963
400269
400983
401366
400125
400320
399781
400396
399694
400370
399985
400409
400383
400299
399346
399591
400123
400123
399905
399618
399911
400965
400090
399213
399865
400568
400445
398948
398366
399535
400280
400157
399066
400566
399626
400522
400441
400275
399992
400376
400506
399710
400304
399216
399418
399834
400274
399650
400136
399434
400201
399443
