599796
599417
599867
600099
599563
599925
599962
600164
599955
599626
599364
600269
599924
599783
598525
600065
599471
600731
599369
599992
599947
599397
599946
599715
599406
599519
600031
599838
599945
600199
600072
600141
600348
599425
600330
599364
599820
599760
600134
600801
599990
600495
599880
599554
600180
600591
600118
600622
600096
600154
599527
600152
600145
598908
600008
600035
599842
599671
598986
600735
599818
599529
600604
600147
600223
600370
600007
601423
599875
599635
600041
600162
599760
600276
600782
599392
600415
600104
600018
600889
600037
599264
599614
599623
599049
600046
600289
599689
600292
599492
600530
599904
599221
600460
599452
599760
600503
599929
599780
600245
599700
600409
600563
600152
599444
600263
600316
599489
600082
600517
600009
599358
600302
599825
599491
600889
599940
600388
599736
600420
600292
599994
599815
599311
600284
599770
600434
600142
600052
599941
600353
600420
599396
599638
599931
599090
599972
600395
599287
599911
599752
600923
600554
600591
600753
599985
600302
600016
600611
600414
600463
599623
600599
599879
599720
600096
599845
600271
599338
600250
599413
600068
599977
599928
599984
600334
598954
599865
599829
600346
599558
599576
599224
599903
600553
600189
599149
600404
600055
599920
600098
599376
601013
600688
599566
599900
599935
599475
599972
600519
599397
599357
599751
599872
600279
599465
599908
600197
599937
600102
600150
599881
599634
600240
601110
599964
599609
599977
598516
600196
599972
599557
600347
600317
599757
599953
599768
600201
600380
600255
599431
599629
599653
599982
599758
600405
599259
599884
599257
601516
599548
600043
598856
599902
599221
599506
599496
599603
599517
599164
599113
599236
600711
599228
599673
599659
600846
600776
599436
599192
600412
600334
599680
600266
599951
600444
599499
600245
600414
599343
599767
600030
599869
599803
600202
600114
599678
600630
600094
600548
599654
599854
599853
599947
599979
600124
599609
600561
599603
599649
599959
600008
600560
601150
600709
599969
600109
599115
599966
599512
599483
599403
600342
600302
599975
599128
599811
600715
600986
600120
599391
600376
599331
599907
600147
599765
600068
599369
600482
600473
599882
599984
600137
600318
600562
601321
599858
600646
600131
599928
600642
599587
600157
600259
600041
600247
600713
600349
599936
600113
600242
600219
600042
599814
600909
599885
599807
599266
600390
598958
600704
600212
599819
600093
599684
599844
599357
599968
600321
600119
599567
599785
600153
599859
599753
599893
600226
600141
600815
600673
600335
600332
599844
600487
598848
600141
600025
599967
600304
600004
598967
600501
599222
599700
599481
599849
600319
599471
599802
600652
600395
599818
599784
599817
599673
599094
599971
600928
599675
599951
599525
599712
598888
599736
599809
599367
599491
599480
600974
599893
599681
600016
599657
600734
600176
600230
599753
599887
600496
599959
600559
600403
599943
600043
599492
601157
599584
599330
599928
600589
600529
599422
599893
600086
599748
600345
599876
599206
599638
599591
599867
599201
599757
600306
600018
599542
600343
599907
599281
599272
600825
599744
598991
599468
601335
600043
599714
599521
599661
599947
599791
600416
600980
599999
599948
599410
600246
599774
600319
600391
600344
599916
600455
599982
600141
599526
599892
600362
600351
599287
600570
599389
600239
600441
600134
599853
600464
599534
599982
600048
600389
599957
599186
599846
599588
599254
599790
600222
600258
599833
600167
599941
600241
600543
600258
599041
600270
599236
598615
600147
600785
599917
600108
599768
600223
599638
598794
600259
600391
600257
600122
601235
600139
599939
599899
600789
600159
600540
600357
599697
599817
599407
600416
600580
599468
600474
599636
600129
600102
600198
599902
600359
599967
599714
599962
600015
599239
598966
599776
599554
600794
600369
599514
599789
600189
600526
599731
600410
599660
600327
600051
600996
600715
599241
599224
600545
600108
599282
599753
599934
600407
600299
600029
600286
599756
600456
601208
600291
600219
600022
599804
600685
600384
599733
600662
601193
600076
600151
599773
599884
599240
599808
600066
600001
599398
600404
599670
599864
600790
600582
600275
599514
599741
599364
600354
600405
600314
599888
600543
600797
599777
600028
599743
600561
600455
600570
599617
600429
599977
599482
599761
599845
600018
600197
600076
599790
599877
600202
600085
600060
600465
600245
600322
599568
600624
599431
599642
599671
599040
599658
599856
600137
599976
600500
599835
599702
600224
600740
599577
599666
600210
601005
599728
600414
600339
600094
600153
600145
599877
599873
600391
599828
600514
600032
599488
599717
599851
599683
599196
600045
600973
600623
600580
600241
599802
600187
599974
600121
601153
599654
599968
600175
599745
599962
599430
600388
600102
599780
599706
600526
600144
599586
600284
601057
599695
600250
600327
600162
600558
600776
600021
600451
599795
600460
599859
600843
600094
599633
600605
599953
600386
599801
599393
600228
599217
599773
599167
599705
600598
599543
599436
599244
599379
600100
600333
600973
599664
600544
600255
600534
599379
599676
599670
600102
600595
599612
600988
600195
599421
599492
599972
598967
599782
600570
599673
600802
599302
600290
599984
599697
600104
600112
599845
600085
600048
599661
600208
599126
599596
599907
600234
599612
600759
601042
600328
599370
600809
600362
599635
600788
600381
599971
600171
599882
600708
599896
599113
600169
600624
600617
600139
599752
600785
600042
601091
599662
600247
600757
600117
599350
600135
600612
600457
600392
600209
598947
600663
600416
599264
599116
599958
600084
599949
600329
600057
600313
600688
600166
600070
600342
600412
600006
599731
600795
600306
599661
600572
600311
600319
599314
600027
599999
600527
600361
599366
599338
599570
599661
599743
599681
599865
599988
600166
599446
600574
599545
599652
599635
601463
599412
600180
599622
598937
599509
599703
600120
598869
599708
599759
599988
600084
600060
600676
599759
600017
600493
599859
600643
599999
600982
600143
599643
600155
599742
600697
599684
600211
599912
599473
599644
599874
599467
599875
600332
599632
600482
600363
600302
599543
599144
600625
600486
600071
599786
600728
599297
599351
600300
598885
599415
600169
599524
600325
600442
600963
600254
600948
600259
600552
600147
600282
598714
600407
599544
599595
599286
600857
600669
599827
599292
600071
599947
600189
600368
600407
600864
598683
600192
599961
600039
599072
600059
599336
599454
599404
599229
600035
600622
599818
599729
600621
600613
600636
600202
600142
599093
600280
599885
600372
599458
599726
599958
599624
599723
600257
600100
599758
599332
599476
599768
599285
599451
600362
600083
600062
599488
599917
599980
600177
599443
600029
599390
600635
599034
599656
599694
600351
600173
599182
600100
600505
600899
600685
600245
600148
599197
600112
599958
599481
600008
600331
599640
599281
600073
600525
599801
599830
599630
600091
599474
599536
600049
600139
600693
599439
600638
599868
600199
600426
598776
600105
599852
600146
599711
601072
599485
599871
600107
599285
599521
