333859
333995
333693
333076
333087
333529
332914
333468
333129
333588
333030
333304
332492
332916
333449
333543
332980
333600
333285
333877
333267
333324
333504
333174
333498
332451
332834
332643
332924
333317
332978
332750
333591
332759
334131
333430
333904
332395
333752
333513
333022
333478
333441
333209
332621
333665
332905
333084
334059
333079
333955
332924
333825
332681
333907
333324
333032
333202
333961
333340
333131
332557
332826
333539
332637
333067
333476
333659
333390
333490
334147
333239
332136
333938
332901
334337
333573
333443
334019
333269
332763
333735
333134
334030
332518
333474
332590
333311
333407
333729
333614
332871
333806
332551
333547
332493
333119
333260
333148
334088
332537
333398
333358
333265
333456
333331
333587
333545
333307
333496
333538
333134
333299
333638
333008
332326
333557
333157
333602
333103
333338
333148
333928
333228
332726
333217
333474
332209
333271
332162
332838
333815
333464
332628
333435
333043
333369
332934
332862
333059
333391
332674
332999
333622
333837
333198
333496
333679
332078
333792
333127
334040
333397
333193
333720
333008
333284
334014
333057
334062
334098
332386
333319
333112
333524
333275
333610
333135
333465
333748
333648
332767
333240
333745
333146
333488
333416
332568
334162
333884
333815
332298
334058
332828
333495
333131
333662
333712
333432
333380
333452
333006
333320
333088
333139
333950
333512
333537
333753
332473
333352
333230
333777
333873
333985
334508
334234
333283
333497
333224
333632
332820
332889
334118
333651
333531
333436
333400
333245
332785
333833
333739
333541
333621
333716
333456
333185
333809
333758
333633
333314
332908
332372
333740
334007
332995
333101
333732
333169
332442
333515
333395
333644
333289
333510
334047
333234
333626
333475
333005
333961
333290
333917
334197
333766
333137
333653
333468
333284
333715
334273
333836
333025
332649
333214
333706
333730
333742
333565
332797
333307
333562
332609
332887
333282
333263
333054
333724
333847
333670
332762
333124
333210
333442
333513
333173
333347
332549
333399
333045
333814
334305
333696
333245
332987
333036
333810
333449
334021
333584
334054
333444
333389
332948
332614
333519
334607
333413
334237
333303
332836
333455
333148
334052
332694
333624
333075
333289
331767
333298
332222
333838
333361
332895
332998
333216
332993
333114
333222
333060
333667
333208
334153
333991
333207
333564
334473
332761
333318
333541
333003
333432
334069
332694
333103
333277
333894
333473
333155
333019
333307
333056
333084
333159
333165
333326
333698
333238
334040
334139
332571
332906
333852
333578
333246
333013
333645
333435
332565
333278
334268
333493
333584
333327
333350
333254
333760
333402
333263
333187
332898
333178
333403
332526
332522
334435
333269
333042
333302
332931
333452
333290
334762
333464
332844
333033
332845
333858
333495
333549
332885
333029
333546
332777
333632
333432
332920
333799
331832
333291
332634
333586
333781
332905
333472
332974
333924
334101
332450
333276
332903
333109
333134
332724
333439
333477
333167
332565
333200
332003
334889
332471
333891
333914
333055
334272
334840
332487
333632
333680
333694
332833
333378
333467
333161
333485
333751
333160
333571
333702
332845
333580
332750
332711
334082
332977
332636
333335
333881
333560
333589
333208
333174
333791
333216
332019
332241
333030
333739
333178
333428
333874
332729
333959
332780
333108
333862
333501
333139
333280
332141
333469
333236
333093
332970
333207
333042
333389
333327
333013
333456
333220
333116
333735
333366
333551
333373
333418
333267
333743
332874
332860
332696
332404
332973
333994
333722
333737
333319
333527
333691
332776
333434
333298
333772
332584
331745
333271
332712
333829
333969
334298
333575
333964
332557
333205
334171
333189
333003
333472
332916
333082
333141
333346
333233
333103
333692
333915
333485
333090
333005
333331
332897
334022
332702
333386
333058
333085
333123
333667
332893
333356
333322
333975
332372
331933
333789
333917
333470
333738
332826
332782
333803
333244
332823
333170
333615
333885
332891
333376
333428
333400
333399
333391
332894
333888
332820
333873
333530
333006
333812
333887
333060
333511
332884
333344
333794
333461
333009
333040
333945
333096
333463
333424
333001
333725
333818
333302
333674
333505
333556
333247
333150
333004
333210
333403
334017
333717
333744
333475
333067
333750
332781
333384
333226
333181
333422
333193
333007
332588
333445
333037
334124
333541
333574
332803
333304
333460
332773
333613
333545
333233
333808
332352
332969
333659
333992
333026
333568
332798
332772
332859
332905
333905
333642
332598
334068
333583
332917
334119
333665
333044
333792
333402
333058
333442
332864
332915
333441
333961
332687
332921
333019
333547
333562
332218
333743
333719
333396
334939
333376
333475
333639
332578
334231
332576
333243
333636
332240
333855
332978
333471
333542
333461
332656
333233
334542
333424
333184
333533
333098
333345
332564
333665
332455
332827
333641
333196
332770
334331
333225
333743
333267
333556
332743
333036
332760
333908
333945
333283
333305
332838
332934
333405
334499
332527
333071
333697
333690
334132
332884
333277
332713
333385
333335
333308
333023
334090
333620
332764
332925
333905
333807
334001
333064
333722
333883
333048
332882
334001
333519
333639
332360
333173
333449
333684
333436
333333
332785
333457
333652
334216
333356
332982
333277
333533
333119
333084
333527
332176
333465
333570
333956
333399
333276
333661
333949
333477
334558
332884
333179
332880
333353
333789
333357
332937
333411
333904
333260
334101
333994
333612
333879
333339
333657
333807
332361
332519
333728
333649
333624
332830
332787
333567
333689
333477
333474
333636
332780
333436
333930
332778
333089
332914
334107
333736
332805
333722
333210
333934
332361
333369
333730
333006
332968
332989
333245
333235
332987
333658
333406
332664
332614
333465
334155
333898
332905
333444
333681
334359
334097
332687
333557
333150
332828
333900
333145
332861
332621
333276
334354
332418
332998
333510
333915
333590
333813
333005
333268
333206
333292
332823
333477
333376
333812
334776
332975
332819
333177
333753
332754
332875
332510
332941
333617
333538
333050
333669
333305
332727
333579
333756
333328
332739
333160
333466
332988
333138
333652
332869
333939
334135
333449
333521
333055
333106
334010
334238
332914
333412
333377
333716
334027
334506
334137
332770
333196
333751
333487
333380
332828
333394
333281
332343
333176
333032
333563
333301
332618
333170
333326
333869
332402
333226
333418
334090
333069
333448
333146
332953
333182
332967
333310
333164
333252
333617
333659
332519
333395
333750
333207
333850
333321
333628
333414
333641
333333
333272
332480
333286
333070
332954
333681
333217
333226
333057
332891
333152
333091
334164
333365
333437
332513
332503
333096
334040
333265
333437
332987
332807
333523
333126
334391
333803
332544
334337
332999
333334
332734
333185
332710
333487
333360
333201
333867
333144
333075
334155
333265
333608
332776
333971
333362
333609
332239
332780
332909
333594
333388
333943
332873
332393
332658
333707
333566
333243
332713
332495
332945
333601
