833122
832477
833291
833090
833431
833547
832463
833682
833496
833716
833408
833110
832959
833504
833426
832979
833325
833634
833546
833072
832828
833249
833014
833294
833301
833061
833360
833794
833399
833349
832963
833381
833361
832915
833347
833493
832873
832966
833193
833442
832986
833507
833181
833152
832886
833694
833344
833783
833019
832758
833535
833366
833062
832651
833829
833055
833432
833471
833111
832845
832938
833321
832805
833487
833426
833388
833662
833400
832744
833195
833358
833080
833458
832774
833654
833240
833089
832863
833469
833559
833092
833606
832887
833614
833244
833178
833436
832616
833004
833557
833375
833947
833409
833651
833276
833539
832797
833490
833692
833743
833451
833116
833603
833070
833527
833292
833789
834072
833621
832801
834001
832807
833130
833739
833020
833668
833529
833051
833906
833764
833243
833502
832929
833047
833911
833237
833305
833356
833313
833407
833207
833443
833396
832841
833094
833181
833649
833850
833657
832784
833969
832832
833890
832940
833820
832976
833286
833620
833866
833281
833191
833801
833135
833118
833044
833361
833117
833283
832522
833310
834176
833434
833103
833518
833123
833292
833403
833473
833646
832635
833592
833470
833394
833514
832879
833183
833629
833060
833074
833162
833375
833233
832466
832894
833610
833420
833263
832927
833570
832997
833184
833376
833078
833059
833219
832787
833744
833089
832975
833133
833235
832938
833253
833611
832912
833381
833909
833337
832570
833441
833291
833421
832465
833163
833690
833055
833878
832386
832829
833183
832958
833189
832984
833877
833128
832976
833387
833092
832947
832992
833549
833221
833806
833509
833340
833642
833194
833337
833821
833441
833365
833371
833855
833355
832602
833292
833011
833600
833404
833303
833684
834011
833623
833083
833977
833021
833358
833674
832607
832714
833942
833469
833626
832739
833433
833415
833287
833004
832864
833507
833419
832895
832938
834006
832712
833165
833784
832891
833663
833597
832933
833717
833551
833112
833546
832989
833390
833364
833749
833893
833332
834105
833546
832999
832946
832727
833436
832752
833368
834072
833125
833194
833189
833554
832726
834166
833029
833455
832615
833995
833282
832975
832656
833471
833529
833833
832887
833713
833218
832200
833139
833382
833577
833420
833300
833074
833446
832970
832959
833602
833723
833505
833611
833736
833040
833529
832805
834277
833290
833096
832787
833529
832799
833089
833221
833150
833296
832993
833222
833138
833973
833049
833311
834267
833110
833529
833350
834366
832758
834128
833364
833344
833454
833275
833301
833614
833146
833724
833590
833624
833301
833595
833519
833618
833185
833642
833250
833748
833466
832737
833560
833646
833032
833721
833663
833053
832719
833615
833860
832943
832941
833813
833709
833284
833519
832637
833758
832968
833107
833781
833347
833786
833144
833817
833513
833329
833631
833459
833118
833360
833075
833155
833172
833230
833994
833114
833371
832615
833377
833166
833419
833065
832456
833824
833311
832636
833113
833522
833701
833365
833402
833093
833015
833238
833359
832109
833335
833216
833588
833756
832755
833191
833828
833412
833488
833689
833727
833221
832988
833827
833659
833252
833631
833280
833098
833439
833869
832677
833620
833352
833075
833921
833266
834277
833263
833444
833721
832649
833615
833197
833479
833145
833263
833385
833487
833380
833472
832998
833778
833258
832716
833317
833856
833459
833135
833296
832930
833052
832853
833581
833924
833084
833778
832825
832931
833574
833137
833432
833474
834088
833592
832543
833331
833539
833486
833844
833752
832888
833594
833922
833535
832426
833678
832695
833283
832873
833710
833364
833241
833463
833358
833484
834112
833443
833252
833457
833616
833829
833596
832926
833134
833342
832838
833462
833457
832769
833523
832725
832919
833159
833310
832954
833758
833168
833354
833329
833084
833649
832915
833633
833443
833999
833697
832733
833006
833575
833978
833918
833379
833333
833252
832991
832635
833362
833385
832997
833577
833678
833112
833601
833173
832820
833404
833358
833216
833221
832561
834174
833429
833260
833068
833353
833447
833246
833248
832850
833377
833960
832858
833481
833097
833451
833464
833077
833618
833654
833602
833627
833610
833184
833282
833743
832624
833157
833234
833135
833033
833587
832915
832815
833119
834322
833117
833761
833502
833600
833319
832948
833231
833734
833104
833909
833159
833161
832712
832523
833101
833165
833574
832644
833164
833285
832919
833795
833635
833096
833560
833056
833074
833066
832689
832750
833459
833349
833128
833725
833413
833884
833106
832762
833119
833521
833218
833365
832986
833824
833063
833238
833488
833437
833040
832698
833208
832829
833016
833772
833915
833721
833265
833114
833209
833280
833384
833176
834060
832957
833189
833698
833203
833431
832635
833891
833038
833112
833321
833807
832937
832268
833171
832998
833177
833847
833258
833306
832815
833248
833798
833568
833750
833599
832920
833334
833926
832963
833287
833626
833212
833652
833335
833770
834022
833217
833899
833871
833381
832975
833918
832914
834086
833158
833063
833380
833183
833077
832236
832992
832862
833174
833747
833723
833962
833846
833628
833055
832730
833158
833146
833262
833078
832774
833979
833293
832912
833348
833055
833251
833408
833866
832541
833674
833014
833278
832636
833035
833188
833496
832993
833580
833544
833767
833362
833440
833130
832404
833738
833148
832856
833177
833849
833506
833362
832865
833575
833344
833432
833320
833223
832545
832810
833486
832989
833122
833687
832784
832532
833443
833514
833284
833436
833355
833458
833074
833164
833679
833798
833171
833898
833437
833295
833787
833432
833097
833239
833509
834206
833340
833941
833225
833223
833512
833443
833836
833437
834055
833306
833273
833092
833128
833862
833537
833658
833481
832937
833540
833017
832994
833179
834188
832686
833418
833230
832592
833387
833749
833218
833436
832898
833353
832919
833463
833340
833984
833706
833431
833587
833194
832827
833078
833830
832933
833288
832861
833052
833276
832941
832736
833171
833782
833670
833327
833384
833157
832772
832736
833977
832664
833446
833410
833578
833158
833618
834091
833672
833468
832894
833185
832831
833107
832980
833769
834450
833027
833321
833694
833136
833871
833318
833729
833930
833481
833462
833552
833279
832817
833666
833995
833136
833074
833464
833183
833527
833345
833607
833400
833625
832908
833774
833098
833138
833285
833405
833380
833531
832846
832859
832922
833537
833281
833368
833222
833309
833426
833228
832982
832939
833091
833401
832889
834089
833585
833104
833036
832870
833228
833210
833321
833630
832925
833002
833437
833382
833431
832771
832782
833115
833356
833357
833266
834119
833243
832945
833045
832604
833016
832538
833553
833515
833283
833410
834215
833540
833607
832909
834292
833505
833058
833855
833513
833360
833490
832924
833640
833117
833142
833022
833103
833807
833868
833101
833023
833164
833308
833492
832830
833246
833359
833074
834225
832910
833543
833547
833101
833604
833690
833379
833842
833598
833542
833939
833168
