666660
666563
667208
667120
666853
666432
667074
666597
667283
667539
666510
667378
667076
666726
666616
667165
667380
666056
666273
666465
666850
666776
667424
666978
667008
665720
666967
666912
666732
667494
667172
666520
666533
666196
666946
666568
666706
666490
667072
666920
667068
666375
666563
666605
666316
667262
665995
667168
666489
665962
665853
665529
667013
666604
665636
666497
667357
667278
666822
666637
667599
666129
667168
665826
666084
665808
666769
666808
666465
665645
666099
666716
666316
666297
666020
666534
667533
666087
667254
666446
666255
665581
666863
667067
666755
666326
667123
666331
666560
666340
666348
666731
666748
666419
666529
666987
666082
666928
666536
666806
666311
667017
666108
667234
666390
666651
666625
666425
666863
666560
667498
666182
666458
666873
666522
666618
665878
667309
667739
666980
666984
666313
666542
667156
666319
666690
667091
666064
666985
667062
666815
665897
666158
666572
666230
666440
667465
666560
665604
666505
667016
667768
666531
666770
666303
666759
666234
666716
666731
666845
666502
667465
666948
666174
666910
667154
667014
665895
667663
666534
667233
666046
666148
667025
666307
665410
666348
666186
666282
666844
666531
666840
666918
666453
666898
666758
667525
666447
667213
666601
666637
667847
666568
667282
666306
666157
666749
667416
667356
665213
666572
667075
666542
667116
667069
667243
666827
666992
666330
665881
667356
666740
666065
666484
666589
666555
666148
666390
666715
666409
666749
666201
666589
666259
666732
666668
666892
666696
667115
667596
666087
667589
666798
666732
666333
666414
666887
667623
665916
666452
666292
666458
666405
666477
667186
666953
667046
666998
666643
666915
666989
666900
666730
666062
667112
666803
666419
666275
666987
666775
665983
666935
666610
666945
666785
666353
666671
667039
666587
667147
666106
667198
667365
667133
667062
666907
666498
666584
665919
666818
666691
667137
666891
666547
665496
666604
666624
666385
667258
667049
666192
667896
666627
666813
666495
667019
667381
666971
666303
666770
666188
667574
666819
666937
666425
666099
666457
667014
667063
666090
667362
666258
666625
665819
666807
667222
666545
665723
666193
666813
666154
666498
667194
666445
666790
666132
666074
666071
666521
666112
666684
666821
666056
666395
666865
666479
667315
666359
667101
666985
667518
666944
666717
666990
666892
666549
665842
666244
666041
667004
667154
666908
666255
667017
666613
666522
667234
665957
666143
666772
666224
666141
666291
665718
666241
666909
667223
666788
667114
666446
666856
666346
667139
665923
666859
668052
667714
666948
667813
666268
666949
666582
667886
667518
665847
667142
667400
666642
666311
665863
665912
666480
666043
667439
666482
666233
666315
667424
666413
665962
665824
666345
667041
666834
666221
667493
666834
666502
667411
666509
666260
665994
666360
667003
666564
666666
666911
666448
666638
666161
667077
666926
666010
666321
666231
666239
667069
667527
666519
667098
667060
666931
666626
666760
666665
666488
665994
666401
666603
667004
667471
666699
666335
666949
665655
667321
667008
666621
666421
666538
666531
666419
667434
666762
666688
666381
666788
666054
666914
666214
665821
666535
666407
667324
667164
665234
666838
666119
667041
666206
667341
666762
666081
666645
666534
666333
666661
666881
666815
667266
667259
666614
667598
666940
666823
667171
666438
666489
666991
666696
666171
666646
666710
666439
667131
666729
666979
665779
666822
666018
667127
667488
666615
666580
665921
667282
666797
667338
667345
666332
667592
666711
666142
667128
666625
667098
666159
666455
666588
666609
667562
667046
666644
665929
666452
666153
667702
667152
667405
666284
666501
666579
667174
666707
667317
666906
666320
666240
666115
665813
666216
665563
667910
666502
666187
666522
666545
666939
666314
667278
666775
666561
667066
666029
666996
666984
666851
667107
666820
667038
666044
666316
666000
665882
666307
666509
665931
666997
666457
666047
667074
667006
667017
666087
665634
666135
666541
666363
666831
666847
666925
665770
666349
667204
666058
667330
666796
666685
666673
665390
666330
666737
666219
666915
666377
666491
667002
667019
666667
666826
666454
666863
666897
667058
666321
666707
667014
666953
667675
666771
666982
666285
667333
667844
667238
667262
666119
666587
666783
666610
666386
666923
667092
666775
666839
666415
665863
666901
666485
666367
666867
666831
667478
666553
667549
666849
665587
666543
666754
666276
666490
666624
666761
666927
666904
666579
667901
666539
667224
666864
666561
666958
666497
667017
666637
667333
666676
666598
667062
666783
666081
666286
666965
666911
666316
666493
666500
667423
666508
666521
666250
666738
667350
666680
666006
666599
666163
666451
666773
665972
666782
665900
666102
666316
665854
666175
666505
666703
666300
666472
666436
666752
666290
666248
667028
667113
667163
667122
666363
666828
666883
666501
666576
666770
666668
666645
666601
666728
666767
666704
666813
666355
666494
666723
666806
667091
666253
666630
666651
666236
666518
667097
666798
667123
667205
666834
666879
666753
667234
666707
666571
666442
666872
665909
666600
666853
667545
666142
666983
666767
666774
667017
665921
666802
667194
666242
666786
667371
667117
667061
666671
667867
667528
666215
666903
666078
667321
666607
666417
667209
666937
666457
666935
665943
666488
666605
667183
666242
666955
667099
665999
667684
666670
667289
665761
667457
666433
666660
665973
667428
667466
666644
666922
666782
666634
667838
666220
666383
666224
666474
666575
667337
666014
667183
665781
667001
667080
667521
666793
666413
666463
666478
666601
666773
666009
666748
666858
666789
667408
667460
666938
666325
666297
666977
666424
666079
666727
666404
667057
667719
666560
666920
666877
666610
666467
666757
666286
666144
666408
666190
666847
666856
666492
666423
666526
666102
666633
666391
666408
666202
666319
666804
666285
666410
666853
666461
666808
667293
667438
666661
666011
666485
666890
666710
666472
667537
667844
666259
665778
665609
666618
666727
666637
667065
666586
666463
666736
665630
666209
666800
666760
666506
666630
666047
666901
665983
666582
666145
667246
666382
666603
666924
666946
666695
666418
667333
666235
666583
666739
666386
666458
666561
666912
666686
666129
666146
666349
665986
666917
667034
665917
667138
666741
666940
667191
667106
666707
666442
667626
666918
666948
666495
666750
666922
667122
666531
667753
666584
667445
665914
666640
666616
666942
666540
667526
666625
667283
666296
666102
666565
666666
666408
666557
665744
667216
667265
666397
666895
666394
666280
666247
666905
666504
667129
666836
666138
666516
666812
667185
666923
666602
667270
666207
666928
666579
666725
667825
666658
667191
666733
667170
666941
666637
666453
666724
666573
666425
667857
666721
666449
666975
666269
666296
666787
666183
666952
666108
666878
665910
667087
666328
666188
666396
667858
666332
666561
665935
666308
666565
667319
666820
666616
667448
666780
666932
666555
666609
667165
666338
666614
666954
666415
666239
666257
666494
666021
666592
666405
667761
666586
