300623
300223
300608
300234
299628
300232
299680
300599
299266
300083
299415
300228
299527
299949
299614
299240
300363
300207
299428
298983
300041
299910
299957
300290
299828
300259
299360
300561
299874
299933
299171
299608
299813
299631
299730
300517
299147
300411
300124
300048
300043
299919
300249
300095
299926
300547
300439
300137
300585
300277
300725
300320
299949
299677
300222
300302
299882
299825
299735
299421
299659
299521
300153
299663
298532
299271
300235
299775
300334
300570
300169
300611
300345
301124
299985
299516
300911
299549
301036
300654
300101
300103
300539
300177
300074
299768
299811
299834
300200
300228
299529
300092
299464
299930
300504
300025
299565
299418
299876
299819
300103
300223
300515
299648
300664
299350
300009
299685
299932
300082
300460
299399
300509
299932
300334
300167
299731
300174
300040
299538
300581
300447
299959
299630
299844
299958
300352
299875
299902
299722
300469
300460
300468
299320
299419
299442
300167
299926
299792
300400
300236
299235
300179
300593
300295
299824
300750
300415
300271
300626
299022
300044
299511
300461
299474
299371
299969
299962
300391
299938
300062
300394
299719
299985
300176
300812
300433
299416
300756
301104
299634
300261
299917
299806
300065
300710
299754
300428
300485
299370
299681
299867
299782
300150
300097
299627
300298
300567
299914
299718
300213
300638
299877
300136
299565
299823
299771
299958
300129
300184
299319
299978
300048
300315
300088
301043
299284
299855
299265
299392
299722
300893
299121
300373
299258
300667
300065
300239
299356
299851
300008
299528
300724
299620
299927
299644
299551
300811
299861
299910
300408
299859
299851
300142
300433
300529
300289
300659
300558
299396
299736
299307
300053
300123
300299
299560
299605
299688
299846
299966
300345
301394
299423
299071
299753
299386
300421
300505
300312
300180
300649
300203
300233
299789
299961
299854
299779
298994
300192
300287
299937
300055
299831
300504
300457
300162
300598
300138
299978
300151
300187
300062
299513
300234
300252
300053
299623
299760
300095
299490
300204
299373
299856
299606
300537
300180
299944
299787
300217
299296
300096
299805
299875
300404
299533
299643
300120
300696
300422
300951
299479
299021
299714
300182
300032
300446
300211
299128
300173
299948
299258
300326
300917
300807
300278
299154
299324
300590
300325
299919
300307
300188
299739
299806
300058
300185
299985
300046
299396
298806
300218
300073
299919
299808
299955
299738
299999
300311
299554
300238
300480
300164
300432
300721
301000
301106
300516
300449
300450
299767
299780
300166
299556
299556
300485
300243
299773
299531
299205
300050
298541
299906
299205
300027
300231
299769
300105
300374
299876
300227
299611
299973
299929
299534
300001
299924
299249
299792
299804
300313
299388
299974
300019
299433
299943
299958
300430
299967
300395
299443
300053
300268
299867
299940
300821
300271
299891
299962
300058
300024
300420
299434
299998
299982
299894
300094
299481
299319
299898
299467
299870
300448
300322
300073
300533
300087
299528
300368
299406
299373
300460
300620
299827
300479
299888
299904
300011
299628
300457
299741
300790
299634
299720
299839
300074
300387
300724
300383
300236
300132
299305
299169
300930
300313
300169
300234
299591
300432
300281
300686
299842
300362
299935
300047
299767
301028
300367
299817
300459
299862
299361
298811
299945
300154
300385
300834
299920
300255
300279
299936
299301
299359
299800
299685
300337
300255
300074
299477
300231
300000
300166
299510
300268
299889
300225
299524
299625
299213
299646
299854
299323
299967
299388
298574
299866
300533
299762
299975
299708
300678
300446
300275
300514
299653
299532
300486
300100
299511
300733
299176
300120
299620
300522
300164
300518
299793
299958
300201
300877
300268
300067
300444
299956
300059
300359
300787
299949
300743
300032
299989
300097
299728
299303
299995
300760
299956
299993
299743
299939
300513
300285
300551
300312
299741
299666
300229
299517
299555
300200
299887
299147
299874
299190
299766
301236
300008
299834
300552
300663
299641
300382
300161
300262
299289
299893
298996
299814
300528
300157
299819
300122
299903
300387
300356
300426
300291
299666
300066
300747
299984
299550
299116
300148
300262
299418
299542
299930
299629
300819
300664
299794
300453
300419
300330
299309
300158
300014
299039
300754
300186
299490
299604
299870
298936
299611
299673
299725
299958
300391
299856
300373
301212
299349
299021
300493
300737
300784
299429
300110
300714
299771
300426
300639
299960
299692
300126
299592
299741
300288
300878
299961
300091
299853
299464
299983
299688
298970
300385
299785
299670
299744
299593
299930
299644
300142
300381
300187
300771
298940
299556
299899
298882
300806
299934
299616
300264
299866
299762
299575
300605
299355
299981
301269
300327
299858
300335
299975
298648
299627
299582
300958
300411
299732
299315
299659
300139
299959
299647
298780
299732
300359
300418
299124
299663
300216
300520
300246
299349
300392
300000
300380
299889
299188
300099
300500
299728
301064
299913
299053
300247
300243
298930
299814
299958
299639
300019
299564
299340
299836
298748
299828
299791
299938
300000
299247
299809
299988
299826
299616
300188
299764
300719
300943
300388
300284
300177
300805
299695
300433
300954
299885
300660
299938
299672
299656
300363
300280
299486
300195
299184
299929
299901
300243
299843
300840
300577
299940
300753
299301
300442
300505
300615
300311
300364
300045
300323
299000
299459
299571
298699
299974
299641
300443
299859
300092
299505
299233
299245
299829
300105
299345
299464
299893
299836
300041
299661
300494
299246
299351
300098
299486
299536
300256
300161
300291
299695
299658
300568
300407
300018
299647
299817
300313
299752
299719
300296
300232
299616
299757
299303
299914
300295
299795
299529
299963
300295
299912
299315
301284
300451
299860
299894
300501
299697
300543
299666
300659
299686
300129
300328
300331
300171
299827
299424
300012
298913
300509
299676
299197
299368
299967
300419
299872
299918
300134
300286
300268
300015
299783
299990
300595
300202
300095
300143
299922
299641
298924
300060
299859
299934
299445
299716
300732
300287
300127
299556
300126
300200
299915
300382
300607
300447
299808
299741
300524
299485
300317
299637
299834
300003
299966
299869
299627
299663
299420
300054
299994
299497
300637
300072
300561
300141
300378
301311
299917
300112
300470
299350
300339
300161
300713
299713
300618
299301
300634
299960
300641
300140
299363
299997
300191
298994
299808
300327
300392
299680
300117
300998
300072
300166
300068
300435
300181
299565
299698
300133
300310
299250
300040
299881
300621
300096
299884
299990
300181
301088
300178
300641
300386
300359
300332
299384
300385
299845
299936
299288
300301
299807
299362
299293
299714
300595
301016
300042
299301
299211
298809
299527
300201
299706
299797
299783
299318
299716
300189
300369
299381
299990
299643
299663
300430
300376
300479
300055
300614
301130
299929
300915
300619
299956
299154
299963
300165
300432
300099
299587
300512
300918
300066
300078
299283
299991
299638
300616
299917
299301
300208
299267
300157
299351
