400628
400086
400533
399897
399714
399547
399330
399523
400189
400191
399930
399369
399932
400738
399689
400273
400947
400351
400177
400141
399679
400904
399803
400631
399405
399310
399504
400856
399527
399862
399730
399814
400159
400309
399990
398976
400609
400148
400108
399878
400270
400299
399793
400431
398666
400407
400996
400097
401143
400417
399877
400562
399348
400618
400036
399615
401082
400279
399962
399791
400667
400043
399957
400048
399648
400304
399369
400325
400804
401084
399827
399635
399887
399410
399745
400583
400121
400280
399727
399509
398993
399287
400165
400191
399785
400108
400278
400055
401586
399971
400040
399956
401109
399222
399407
399100
400441
399722
400849
399643
400201
399458
400573
400099
400621
400178
399809
400657
399583
399522
400464
400197
399921
400134
400404
399833
400362
399596
400260
399777
399726
399769
399741
399744
398987
400235
399510
400795
399928
399482
399507
399980
400518
400403
399357
399163
400113
400354
399837
399356
400371
399781
399563
399825
398950
401071
399924
400725
399506
399831
399759
400209
400527
400106
400456
400167
400572
399896
399387
400539
400429
400156
400296
399276
399996
400490
399574
400217
399674
400509
399866
399863
400464
399664
400556
400400
399806
401016
400431
399495
399875
400025
400148
400090
399834
399387
400445
399634
399997
399900
399524
399510
400164
400001
399979
399507
399872
399632
400408
400626
399796
399806
400384
400211
400137
399192
399930
398956
400291
400079
399801
398935
400060
400084
401144
399900
400863
401022
400116
400447
400214
400254
399788
399889
399408
400431
400354
400308
400431
399551
399906
399600
400088
400149
400321
400358
399104
399457
399177
400267
400223
399511
399429
400599
400012
400329
400624
400502
399741
400361
400334
399471
399979
400079
399845
399443
399926
399218
399959
399897
399920
400011
399849
400147
400580
399435
400412
399764
399808
400569
400011
399775
398745
400335
399728
399943
399556
399696
399894
400197
399845
400091
400273
400821
400869
399721
400168
400897
400137
399736
400420
399700
399923
399911
399135
400130
399098
399649
400246
399859
400048
400838
399767
399514
400409
400551
399724
399745
401108
399196
399112
399221
400115
399565
399673
400142
400102
400666
400516
400196
400018
400139
400119
399340
400264
399853
399471
399457
400561
400315
399696
400074
400375
400644
399510
399661
400693
399440
399517
400325
400347
400272
399422
400437
400377
400973
399180
399464
400224
400332
400159
399480
398989
400964
400348
399396
399145
400280
400469
400251
399972
400250
400497
399964
399536
399478
400492
399338
400536
399831
399291
400175
399749
399925
399487
399277
399756
399457
399281
399698
400301
399572
399534
399314
400300
399616
399831
400708
399280
399343
399438
399436
400281
399498
399636
400076
399676
399896
399464
400153
399561
399409
400424
400600
399673
400456
400116
400436
399498
399937
400117
399851
399942
399949
400591
399905
400034
400386
401108
400950
399565
400117
400137
400651
400792
399768
399467
400483
400151
399949
400051
400617
400359
399225
400033
400121
399716
400293
399598
399822
399158
399996
399788
399545
399387
399701
400308
400594
399587
400364
400644
400230
399785
399665
400223
400051
399131
399802
398979
400880
399972
400728
399316
399553
399989
399686
399528
400701
399816
399709
400193
400208
400185
399184
399402
400193
399664
400151
399538
400218
400838
400154
399422
400045
400894
399747
399826
399973
399678
399418
400843
399904
400090
400493
400132
399215
399981
399278
399598
400357
400130
401050
399925
399277
399504
399353
399123
400492
399870
399927
400839
400410
399332
398114
400597
399539
400318
400112
400312
399357
399947
399981
400718
399449
399749
400137
399943
399777
399433
399945
400378
399975
399668
400503
399949
400187
399388
399348
399665
400287
400395
399941
399531
400262
398824
399724
400180
399927
399466
399241
400224
399902
399469
400945
401034
400470
400667
400970
400008
399802
399687
400351
400029
399728
401187
399075
399795
399648
400079
399980
400561
400762
399748
399810
399557
400771
399741
399959
400497
399897
400664
399573
399663
399660
399650
401120
399995
400165
399826
400599
400515
400583
399961
399104
400417
399934
399943
399742
399617
399987
400175
399432
399484
400401
399981
400535
400343
400107
399937
400795
399721
399833
400364
400263
400185
400553
400199
399780
400892
400022
400875
399945
399749
400097
399971
399494
399131
400276
399065
401029
399806
399466
400382
400082
399975
399583
400429
400160
399627
399932
399361
400280
399782
400487
400293
399538
399967
400655
400329
400075
399718
399296
400314
399967
400296
399873
399757
400171
400668
399752
399660
399295
399895
399526
399799
399881
400061
399390
399910
400288
399575
400123
399865
400474
400679
399972
400625
399427
400114
400265
400073
398941
399285
400184
399998
400344
399994
400498
399883
400363
399828
400460
399883
400527
399856
399753
399584
399554
399883
400030
399137
400596
400875
399894
400839
400136
400620
400075
399539
399991
400071
400476
400194
399338
399346
399747
400391
399521
400072
400190
400702
400402
401067
399991
400242
399622
400038
399806
399655
399646
399982
398651
400034
400178
399835
400654
399765
399525
400205
400195
399992
400453
399845
398785
400081
399265
400808
399164
399183
400964
400085
399227
400262
399663
400404
400321
400201
400194
399884
400001
399499
400812
399486
400217
399531
399823
400056
399850
400050
400459
400063
399793
400523
399762
400076
399148
400959
399947
400137
400252
399626
399220
399938
399544
400137
400050
401485
400611
399461
400068
400482
399567
400120
400403
400108
400445
400715
400558
400381
399740
399840
399692
400773
400085
400067
400759
399525
400519
400030
399278
399875
398857
399869
400670
399671
400190
400213
400356
399492
399760
400712
399945
399884
399019
400029
400459
400597
399369
400092
400992
400540
399749
399443
400063
400116
399857
399304
399811
399752
400648
400228
399818
400620
400734
400071
400262
399490
400949
400354
399664
399277
400643
400578
400345
400281
398915
400944
399310
400215
399334
399922
399784
399519
400003
399398
399741
400482
400024
399888
400125
400685
400895
400546
399622
400061
399344
399352
399892
399298
400546
401076
400539
400368
399938
400752
399483
399723
400056
400847
399844
399336
400341
399747
399115
399797
399471
399766
399679
400436
399600
399699
400907
400353
399812
400432
399971
399655
399880
400422
400583
399668
400047
400235
400268
400280
400185
399707
399804
399749
399734
400761
400171
400107
401257
399984
399825
399534
399871
400424
400233
400276
400148
399784
399349
399534
400663
399955
399904
400316
399041
399489
399923
399962
400178
399766
400613
400216
399714
400678
400167
399032
399756
400675
399566
399034
400288
400849
399775
400195
399677
400641
400654
400372
400043
400534
400271
399430
401083
399883
399863
399494
401056
400156
399705
401151
400316
399824
400356
400055
399637
400109
399565
399513
400540
399807
399998
400016
399995
399574
399148
399429
399809
399650
399720
399685
399387
399692
399601
399663
399665
