701032
699264
700191
700155
699655
699736
700355
699925
699942
700103
699034
699695
700040
699932
700337
700275
700638
698910
699091
699458
700367
699964
699853
700094
700040
699767
700540
699623
700077
700560
699695
700258
699930
699964
700732
700544
699689
700270
700164
700082
700797
699403
699697
700086
699772
699372
699573
700230
699524
699717
699727
699639
699731
699763
699626
699935
700437
699806
700230
699982
699646
700121
700189
700314
699437
698934
700401
700039
700252
699766
699351
700065
699516
700173
699532
700920
700219
699549
700534
699721
699571
699939
699898
700382
700114
699999
700455
700186
699795
700079
700314
699694
699794
699561
700134
699462
699966
701091
700868
699351
700034
700260
700037
700408
700175
700328
699807
699248
700478
699207
700146
701024
699740
699345
700812
699504
699763
700039
699771
700136
700298
700595
700222
699711
699800
700290
700074
699696
699720
700005
699991
699220
700124
700069
699754
699899
700723
699486
700546
700375
699957
699876
699475
699608
700564
699917
699265
699921
700422
700247
699792
699371
700313
699696
700572
700436
700205
700496
700552
700255
699936
700419
700132
698894
699420
700117
700547
699593
700126
699076
700701
699419
700444
700992
699828
699264
700162
700426
700579
699775
699282
699723
700192
700797
700017
699424
701276
700038
699987
700956
700227
700549
700106
700119
700394
700244
699801
700434
700248
699549
699634
700252
700528
700500
699773
699534
699475
700095
700356
699206
699516
700186
699728
699110
700140
699810
699333
700297
700208
701004
700493
701083
699892
700146
700214
700278
700241
700112
698871
700571
700833
700044
699824
699592
699734
700398
699881
699453
699267
700296
700022
700224
700503
699740
699712
700076
699356
699429
700617
700693
699938
699247
699120
699752
700630
699096
699846
699817
699753
700513
699864
699844
699504
700207
699988
699088
700131
700651
700439
699436
699826
699775
700514
700505
699946
700358
700411
699834
699928
699989
699835
699278
699473
700001
700772
700014
700237
699758
700105
700269
700298
700321
700686
699939
700808
699907
700665
699756
700045
699754
700056
699554
700036
699872
699361
699428
699692
699952
700242
701402
700498
699059
699755
700534
700237
700184
700310
700457
700924
700013
700392
699848
700085
700717
700046
699454
699794
699799
699618
699923
700705
700535
700098
700610
699312
699941
699935
699969
699993
699545
699934
700234
699699
700128
700226
700005
699621
700696
700206
700617
700025
700672
700017
699121
700163
699837
699639
699319
699806
699844
699823
700059
699482
700144
699713
699497
699400
700139
700084
699999
699679
699705
700666
700778
699414
698870
700624
699812
699726
700642
699504
699407
700105
700119
699914
700085
699719
699987
699968
700290
699322
698728
699836
700294
700286
698883
700058
699793
699370
700836
700144
700127
700429
700837
698654
699588
699497
700568
700499
700221
700298
700018
700921
699995
700552
699538
699635
698911
699552
700137
699070
699764
698864
699895
700350
700505
700159
700076
699506
700269
700235
699659
699519
700469
700666
700078
699738
700464
699858
699577
699776
700064
699095
699426
700122
700397
700008
699016
700393
700206
700297
700186
699220
700032
699996
699734
699052
699776
699501
700333
699751
698989
699736
699822
700171
700032
699649
699666
700205
699866
700730
700102
699540
700292
699156
699328
699434
700562
699650
699780
699610
699953
700211
699728
700365
700398
699945
699343
700365
700103
700095
699142
699204
699895
700117
700358
699871
699728
699278
699294
699906
700688
700356
699774
700542
699895
700225
699674
700203
700273
699660
700836
700838
700085
699960
700575
699664
699773
699472
700323
700515
700496
700648
700178
699859
700371
700413
699769
700021
699712
700243
699652
700033
699733
699609
700466
699964
699634
700331
699331
700323
700687
700659
700052
700325
700237
700714
700060
700039
700672
699796
699735
700568
700213
700275
699740
700379
699904
699540
700551
699999
700435
700162
699747
700089
700202
699670
699883
701559
699511
700303
700361
698858
701234
699666
699786
700596
700399
699558
700235
700314
700457
699419
699901
699995
700559
699958
700438
699865
699509
699612
700119
699636
699733
699439
700006
699845
699198
699418
699808
700427
700372
700288
700281
700240
699777
699993
700319
700289
699955
699857
699632
700163
700605
700147
700174
699545
700514
699447
699364
700504
698735
699102
699287
699567
699351
699672
699828
700079
700983
700181
699187
700472
700262
700251
699810
699372
700916
700269
700212
699508
700116
699920
700695
699400
700531
700254
699811
699292
700097
699644
700251
699989
699907
699984
699976
701041
699818
699842
699421
700284
700574
700033
699535
699359
700304
699930
699780
699320
699523
700448
699814
699320
700115
700184
699676
699984
699419
699936
700651
699944
700207
699612
700238
699948
700741
700149
700835
699846
699926
700164
699985
700271
699395
699668
700425
700068
699516
699174
700335
699997
700627
699813
699570
700036
700584
699493
701066
700484
699930
699754
700633
700141
700014
700020
700126
700489
699968
700540
700094
698968
700396
699481
700187
699741
699248
700386
700193
699984
699630
699808
700486
699704
699341
700113
699249
699787
700781
699655
699818
700000
700581
700063
699967
700413
699701
699637
700341
699743
700118
700797
699754
700383
699892
699754
699625
699307
699737
699906
700208
700009
700497
699787
700468
700214
699211
700499
699960
699307
699559
699642
700435
700170
700850
699860
700872
700985
700322
700372
700292
699845
700208
700205
699279
698989
699085
700161
699741
700628
699481
699878
700606
699922
700101
700004
700190
699511
700204
700513
699828
700484
700415
699019
700764
699591
700350
700147
699944
699761
700233
699448
700658
699656
700587
699900
700070
701146
699394
700398
699505
699649
700172
700346
700110
699300
699823
700226
700139
699790
700121
700242
699707
699364
700420
700122
700276
699669
701054
700607
699964
699324
699080
699983
699769
700744
700077
699697
699827
699944
699605
699272
699735
699210
699154
699953
700115
699626
699558
700850
700133
700001
700072
700440
701147
700104
699780
700077
699881
700161
699962
699931
701050
700645
699596
700447
700083
700213
699953
699404
700264
699904
699804
699866
699716
700862
700403
699643
699733
699415
700131
699118
700218
700714
699712
699954
699923
700182
700176
700132
699965
700297
700344
700420
699533
700404
700394
700086
700725
700684
700468
700642
700065
699283
701046
699944
700926
700332
699175
699613
699984
699843
699913
700370
700351
699487
699325
699694
700469
699399
699582
699778
699792
699642
700415
699923
699896
700588
699218
700103
699962
699567
700438
700177
699377
700483
700164
699060
699657
699405
700538
699541
700260
700023
699766
699648
699404
699655
699793
699937
699184
699546
699802
699683
699816
700121
699625
699719
700364
699833
700056
700378
700035
699776
699479
699667
699668
699450
700311
699895
699884
700057
699781
699441
699536
699510
700537
700075
699992
700084
699766
699010
700327
699664
699783
700243
700363
700758
700253
700163
699633
