600242
601169
599516
599686
600021
599814
600538
600338
599976
600328
599787
600231
600226
599344
600036
600298
600469
600454
600097
600198
600596
599746
599851
599930
600958
600036
599578
600600
599230
599484
600881
599902
600679
600429
600754
600386
598688
599098
600070
599606
600188
599538
599400
600130
600097
598997
600276
599796
600654
599540
600100
600558
600674
600125
599273
601604
600676
599886
599894
599903
600242
601174
599823
600464
600649
599295
599156
600442
600867
600478
600058
599205
600260
600045
599219
600089
599141
599641
600032
600148
600041
600219
600179
599950
599307
600340
600251
599950
599842
600158
599999
600717
599757
599899
600227
599886
600959
599847
598718
599748
600716
600173
600030
600189
600470
600458
600122
600094
600629
600089
600667
600020
600195
599782
599834
600046
601334
599828
599401
600441
599767
599732
598990
599107
600007
600553
600864
600790
599841
599861
599100
599154
600822
600163
599648
600292
598717
599405
599392
599396
600304
599692
600195
599932
599687
600193
600848
599648
599662
600074
599799
599153
599685
599617
600092
600142
600241
599741
600523
601092
599973
600475
600074
600039
600452
600352
600634
599428
599756
599471
600236
599843
599766
599633
599848
598781
600715
599933
599549
600691
599464
600092
599946
600134
600540
600375
599479
600245
600121
599708
600067
599445
599949
599551
599755
600208
600155
599867
600411
600257
599977
600877
600127
599756
600154
598657
600358
599933
600142
599326
600176
600616
599174
599130
600583
599793
600313
601343
599898
599980
600365
599798
599981
600702
599539
599955
599728
601127
599438
599986
600136
599822
599981
600081
599564
599255
600341
599848
599564
600923
599758
600407
600102
599533
599555
600360
601013
599306
600524
599794
600542
600331
600070
600306
599924
600845
599996
599873
600034
600506
601094
600411
600492
599987
599294
599854
600226
601466
598938
600303
600500
600215
599250
600381
600429
599830
599593
599597
599480
600062
600393
600100
600712
599423
599326
600390
600601
599174
600268
600134
599384
600076
600082
600202
600869
599974
599434
600058
600169
599343
599986
600371
600367
599742
599348
599580
600388
599493
600146
599461
600170
599781
599432
600684
599831
600677
599826
600100
600443
599246
599920
599667
599626
600120
599313
600212
600374
600013
599940
600155
599640
599477
600098
600362
599739
599534
599648
600523
599787
599882
599407
600363
600204
599789
599451
599850
599839
600419
600447
600872
599374
599302
601346
599951
601293
600183
599747
599989
600599
600089
600101
600224
599846
600051
601105
600368
599478
599890
599884
600349
600043
598980
600230
600180
600519
599532
599875
600032
599690
600281
600239
600262
599869
599259
600370
600428
599650
599936
600164
600007
600142
599758
599438
600118
600569
600708
599918
599039
599769
600515
599582
600917
599948
600252
599248
599573
600043
600227
599931
600304
599253
599647
600162
600554
599631
600891
599804
599517
600962
599531
600431
600265
600066
599845
600285
600639
600078
599973
599794
600159
600078
600169
599583
600068
599686
600658
600319
600350
599349
599499
600742
599327
600104
600595
599715
599460
599369
599939
599834
600142
599702
600078
600127
601187
600008
599959
600413
599863
600610
599493
599702
599978
599929
599649
600288
599238
599625
599637
600249
600594
600007
600260
598709
600727
599450
600271
599558
598980
599483
600152
600044
600983
600604
599494
600186
599856
599922
600939
599581
599867
600143
600408
599736
599700
599856
600060
600082
599918
600888
600576
600387
600062
600471
599387
600529
600624
600285
600208
599103
600379
599028
599938
600253
600934
599759
599833
600007
600652
600228
600035
600343
599934
599464
600704
600128
600441
599769
599288
599616
599687
599601
599960
600823
599644
600396
599587
599797
599635
600299
600131
601102
598990
601842
599722
599944
599026
599735
600045
599579
599386
599907
600675
599843
599892
600023
598980
600092
599883
600191
599391
600625
599494
601036
600035
599105
600270
599681
599294
600123
600188
600458
600486
599533
600184
600429
600213
599752
599576
601328
600594
599005
600681
600393
599586
600050
599974
600499
599825
601267
600098
599916
599605
600510
599553
599665
600736
599792
599713
600567
599937
600197
599307
598765
600315
600860
600625
599433
600037
600133
599885
600615
599688
599980
600114
599784
600277
599407
599820
600177
600761
599742
600344
600386
600054
600048
599441
600277
599936
600403
600168
600057
599668
599855
599897
599897
599942
599743
600349
599960
599348
599712
599782
599916
599675
599969
600203
599475
600572
600088
600371
600556
600190
600126
599984
599965
599231
600580
599433
600428
599923
599378
599426
600631
599861
600077
599422
600174
600617
599643
600400
600105
599716
599566
600242
599707
600312
599765
600062
599885
600375
600304
600696
599646
599652
600545
600366
600063
600110
600629
600827
601181
600044
600542
599719
599627
599911
599698
600391
599924
599594
600021
599378
600047
600091
600336
599914
600198
599994
600655
598943
600538
600605
600564
600450
599907
600198
600066
599707
600520
599788
600448
600819
600284
600137
600314
600535
600364
599638
599740
600104
600035
600240
599978
601238
599966
600875
599643
599747
600204
600981
599740
600021
600248
600692
599290
599944
600496
599685
600056
600057
600468
600259
599141
599477
599391
599817
599967
599909
599719
599728
599596
599892
599656
599427
600733
599989
600181
599840
600456
600601
599526
600001
601048
600106
599941
599608
599812
600518
600124
599519
599681
599691
600461
599424
599840
599923
600387
599548
599421
599363
600713
600530
600733
600112
599680
599886
600236
599899
600158
600103
599601
600749
599912
599709
599823
599311
599257
600032
600027
600280
600633
599997
598887
600316
600179
599310
599734
600974
599404
600554
599921
600584
599852
599316
599428
599467
601158
600460
600542
600576
599301
599456
600933
599674
599347
600133
600867
599176
599585
600837
598778
599813
599859
599952
599837
600406
599914
599649
600747
601203
600449
600207
599754
599591
600251
599743
600138
599880
600907
600044
599843
599852
599937
600788
600252
600322
600186
599939
599166
599859
599509
600307
599884
600584
600589
598871
600465
600313
600142
600223
599428
600093
599896
599733
599763
600197
600051
600996
600263
600516
600112
600747
600719
599574
599997
601061
599295
600507
601248
600185
600132
599726
600786
600513
599301
599191
600278
599538
599698
599055
600401
599699
600097
600881
600883
599664
600508
600616
599583
600263
600148
599308
600582
600160
600876
598842
599819
600046
599740
600879
599831
599504
600470
600861
600075
599505
598863
599907
600385
600082
599804
599200
600304
599606
600149
599627
599510
600115
599923
599740
599070
599078
599346
599041
599396
599142
600224
600382
600236
600008
600397
600191
599362
600275
598706
599873
600248
600288
600157
600383
600481
599870
599598
600166
600718
600752
600374
599538
599478
599781
599826
599959
599925
599935
599174
599770
599912
599280
600244
599738
599660
599921
599491
599892
599917
600653
599150
599713
599420
599412
