528539
528690
528601
528513
528996
528393
528961
529052
529019
528522
528645
529287
529977
530022
529790
528250
530099
529670
528247
528843
528714
528312
529267
528278
528382
527605
528331
528561
528933
528548
527984
527945
529342
529385
528832
529751
528456
528756
529068
528427
528349
528060
528325
528880
528492
527932
529111
528626
527853
528802
528712
529500
529027
528166
527908
528861
528323
528563
528131
528384
528801
529655
528762
528662
528834
529012
529185
529197
528694
527760
528118
528742
528211
528072
527650
529274
528016
528188
528814
527898
528835
528836
528293
527633
528390
528874
528193
528177
528212
528303
529067
528773
529093
528738
528375
529206
528570
527728
527951
529029
529218
527945
528232
529245
529026
528227
528518
529727
528108
528809
528071
529216
528698
528426
529619
528382
528922
528724
529598
528736
528399
528932
528493
528810
528174
528525
529591
528432
528278
528305
529529
528495
528780
529232
528532
527934
529165
528937
529060
528808
527662
529958
529207
529514
528870
528535
528923
528945
528914
529219
528958
528514
528834
528943
528939
528925
529218
528849
528942
529270
529559
528455
529237
528351
527945
529032
528338
528168
529087
527804
528854
529675
529289
527880
528864
529513
528113
528585
529136
528533
529148
528951
528768
528457
528974
529943
528677
527818
528650
527545
529096
528644
528491
528954
528508
528328
528442
528681
528079
528746
529013
528833
528072
529016
528840
528843
529347
528746
528493
529047
528993
529493
528524
527600
528649
528338
528819
528631
528853
528749
528861
529104
528827
528627
528552
529267
529309
528186
528993
528627
529619
528274
529264
529708
528549
528557
528658
528780
528862
527526
528656
528826
528131
528555
528336
528582
527776
528780
528595
528630
528429
528470
528115
528818
529173
527868
528297
528505
528459
528688
528989
528209
529314
528434
528734
528888
529081
528820
528749
528139
529614
527779
528334
527950
528524
529050
528163
528790
527877
528137
528427
528793
528879
529475
528372
527885
528500
529430
528522
528820
528765
528520
528716
529862
528652
528623
529017
528174
528283
528038
528848
528929
528515
528162
528902
528363
529316
528861
528134
529392
529270
529067
529006
528632
528735
529468
529032
528417
528415
529078
528532
528310
528566
529353
528394
528941
528735
529431
528862
528551
528098
528945
527719
528663
529133
528353
528981
528831
527748
529073
528085
529715
527718
529507
527467
528178
528396
527793
528225
529115
528107
528035
528463
529066
528692
528723
528893
529142
528282
528344
528164
528629
528387
528887
528205
528265
529139
527835
527866
528883
528994
528052
528411
528745
528194
528741
527919
528390
528377
527575
528719
528999
528727
528738
528550
528191
528938
528793
528877
528822
528371
528363
529405
528848
528959
528010
528762
528903
527989
529149
528929
528696
528392
529028
527848
528623
528483
529164
528456
528519
529123
529269
528042
528376
528351
528343
529613
528430
529433
529255
527929
528643
529762
528728
528483
529176
528742
529328
528921
529435
528045
529448
528737
528846
528574
528474
528227
528231
528119
528618
528443
528997
528506
528493
528705
528508
529027
528132
528540
529313
527912
529248
528699
528683
529000
529086
529135
529491
529200
528954
528741
528530
529458
527979
528347
528488
529486
528866
529000
528881
528776
528807
529017
528672
529113
528584
528060
529162
528720
528363
528403
527834
528912
528186
528941
527667
529173
529131
528088
528395
529466
528727
528755
529339
528737
528452
528188
528713
529516
528846
527486
528196
528667
528034
528920
527539
528813
528299
528401
528023
528240
529032
528732
527631
529791
529064
528548
528922
528585
528195
529361
528287
528165
528767
528217
528477
528487
528426
528859
528659
529409
528752
529244
528711
529808
529868
528580
528211
528376
528747
528316
528525
528633
528492
529293
528574
528881
528765
528184
528910
528282
528377
528660
529017
528067
528397
528459
528271
529293
528932
529017
529166
528662
528290
528436
529021
528998
528483
528768
527585
528492
528129
528032
528742
528612
528848
527717
528905
528890
529266
528768
529216
529470
529203
528422
528789
527935
529193
528211
528765
528791
529093
528788
529149
528146
527936
529079
527976
527976
529055
528801
529442
528303
528588
529016
528304
528741
529447
529507
528179
527984
529324
529259
528947
528030
529008
529414
528632
528581
528614
528999
528070
527806
529286
528868
528611
528572
529275
528791
529326
528537
529032
528872
528528
528369
528161
529715
529144
528251
528561
529642
528925
529102
528504
528414
528072
528889
528084
529652
528957
528898
528825
528871
528949
528137
529004
528963
528798
528767
528692
529283
529053
528161
528567
528438
528597
529244
529410
528846
529065
528774
528888
529498
528837
528729
529309
529245
529169
529605
528301
529162
528064
528406
527849
529141
528638
528637
528290
528941
528729
528942
528685
528911
528496
528748
528769
528853
528528
528656
528812
529193
528825
528668
528367
527944
529601
529820
528744
528512
527953
528129
528370
529496
528450
529003
528525
528544
528795
528505
527613
529942
528337
528379
528263
529010
528777
528695
528144
529579
528757
528315
528830
527758
529101
528935
528817
529508
528582
527542
529043
528128
528163
528051
528814
528694
529124
528649
528610
529006
528791
528514
528696
528682
529158
528004
528506
529562
528920
528403
528874
528109
529388
527811
529268
528266
528406
529337
528804
528943
529053
528682
528534
529248
527291
529060
528599
528549
528359
529396
528879
528852
528479
528425
528692
528723
528191
529291
528063
528991
528848
528950
527690
528936
529643
529414
528996
528710
528338
528453
528564
528883
528668
529687
528060
528298
529178
528450
527968
528763
528031
529996
528787
528618
528378
527701
529081
527889
528763
528984
528328
528818
528350
528855
528351
528975
529017
529217
528571
528705
529003
529367
528375
528053
528126
529265
529024
528400
528748
528264
528411
528624
528692
529043
528582
529528
529017
528614
529039
527671
529393
528561
528627
528829
529144
528808
527420
528488
529270
529436
529319
528844
528150
529232
529021
527966
527453
528956
528902
528673
527885
528915
528291
528587
527971
529329
528741
528549
528967
528568
529151
529072
527902
528891
528401
528569
528939
528546
528462
528249
528796
527584
528723
528087
527540
528613
528369
529345
528944
528618
528837
527840
528409
529346
529533
528435
528333
528958
528569
528556
527955
528395
528754
529080
529091
528752
528126
527914
529014
529132
528296
529099
529178
528317
528556
528582
528460
528544
528431
528507
528874
529201
528947
528887
529001
528749
528214
529572
528188
528522
527886
529691
528449
528651
528918
528991
527247
528245
527886
528426
528873
528615
528802
528454
528858
528503
528880
528557
528918
529051
529191
529232
528045
528793
528239
529211
528678
528439
528885
528215
528341
528298
528875
529137
529268
528351
527691
528449
528925
528418
528203
528556
528035
529114
529128
529428
528478
528811
528804
528575
529627
529308
529835
528903
528919
528590
527685
529302
528449
529129
528299
