600613
600620
600684
600713
600311
600576
601282
600792
600449
600615
601256
599221
601010
600549
600453
600994
601229
600117
600361
599439
600463
600958
600189
600153
599651
600378
600638
600149
601017
600354
600382
601037
600162
600518
600648
600817
599639
600707
599868
599748
600246
599911
600335
599740
600588
600266
600408
600527
600146
600772
600842
600909
600107
600199
600845
601198
600550
600267
600987
599294
600456
601144
600944
600147
600438
599764
600762
599829
600487
599740
600385
599453
601007
599420
600614
600487
600224
599896
600384
600459
600582
600480
601076
600309
600313
599786
600381
600835
599568
600128
600663
600211
601393
600764
599937
600419
601110
600130
599486
599752
600361
599566
600274
600029
600241
600291
600963
600648
600533
600943
601044
599663
600165
600366
601488
600366
600339
599387
600994
600452
600577
600670
600193
600069
600022
600370
600454
600620
600459
600345
601061
601307
600920
600625
600736
600478
601513
600390
600010
600336
600582
600986
600108
600693
600467
600385
600477
600244
600204
600531
600126
600313
600051
601317
600795
599761
600515
599868
600662
600088
600990
599978
600501
600016
600133
601081
601228
599482
600465
600169
600265
599944
600376
600040
600207
600866
600046
600815
600618
600491
600796
600073
599871
599634
600387
599678
600329
600856
600464
599825
600493
599952
599107
600661
600374
600708
600324
600424
599322
600378
600167
600868
601350
599899
600645
600283
600519
600538
600556
600144
600363
599904
600452
601290
600084
600627
600704
600470
600632
600963
600663
601034
600590
600357
601460
600082
601310
601009
600257
601196
600085
600212
600584
600732
599710
600528
600317
599881
600974
599916
600415
600253
600416
600821
600019
599837
600562
600358
600946
600386
599242
600283
600102
601546
600811
600715
600069
600369
600419
599726
600267
601027
600688
601162
601064
601112
600932
600790
599585
600237
601103
599587
601149
601212
600447
600567
599884
600834
600612
600077
600452
600750
600163
600081
599906
600550
600730
600682
600455
600681
601366
601049
600771
600834
599853
599195
600112
600743
601244
599445
600292
600883
600531
601265
600936
601396
599949
600550
599958
600283
600116
599907
600376
600921
600370
599674
600780
600512
600352
600441
600159
601686
600731
600808
600151
600906
600582
600670
600555
600553
601171
601457
601293
600493
600891
600161
600863
600593
600510
599903
600256
600416
600731
599927
600698
600971
600693
600534
600997
600679
600207
599666
600884
600418
601047
599642
600530
600869
600167
601481
599897
599896
600765
600961
601535
600660
600822
600245
600527
600533
600271
600349
600748
601401
600615
599561
601100
600564
600287
600093
600290
600079
599779
601252
600436
600786
600602
600938
600917
600560
599674
601468
600151
599431
600098
600578
600704
599456
600043
600102
600873
600405
599925
599568
600559
601077
599872
599794
600362
600412
600765
600553
599921
600310
600159
601357
600237
600971
600658
601072
600403
600995
599941
600975
601660
600978
600969
600829
599615
600158
600256
599848
600989
600772
600542
600137
600351
599898
601639
601182
600101
600696
600576
601138
600065
601066
600017
600662
599782
599586
600688
600506
600460
600582
600465
601603
599211
600155
600523
600624
600338
600180
599558
600056
600881
600646
600447
601026
601071
600827
600268
600311
599883
601124
600489
600387
600314
600859
600786
599919
600766
600826
600697
600271
600799
600544
600101
599363
600962
599917
600042
599729
600582
599848
599843
600713
600783
600200
599878
600459
599710
599607
600349
601838
599657
600519
599679
600097
601094
600370
600180
600814
599878
600509
600130
600835
600808
600662
600841
600275
601155
601001
600574
600664
601103
600933
600147
600593
600527
600595
600266
600230
600121
600670
600755
599290
600219
600951
601159
601120
600910
600149
601043
599658
599972
600186
599915
600861
600928
600590
599673
600556
600395
600343
600206
600033
601105
600407
600246
601450
599317
600269
600169
600875
599859
600035
601506
599457
600138
600492
601531
601179
600887
600821
600540
600572
600692
599826
601364
600727
599783
600775
600173
600666
600701
599730
599732
600543
600841
600899
599580
600769
599824
600907
600515
601554
601148
599826
600045
599946
599708
600765
600184
601176
600705
600642
600619
600593
601011
600433
600124
600971
600348
600570
601688
600461
600826
601002
600049
599920
599899
599982
600640
600455
600361
600638
599609
600481
600599
600313
601034
599376
599818
600470
600045
599945
600673
600351
600472
599244
599887
600313
599525
599580
601032
600603
600741
600690
601331
600264
601406
600967
599114
600472
599546
600623
600530
600349
599829
600865
600569
599784
600451
600468
600110
600693
600041
600927
599819
601459
599120
599971
600529
601645
600099
600649
600493
601538
598970
600696
599979
601045
600288
600162
600245
600457
600500
599918
599803
600909
600021
600258
600185
600684
600767
600380
600060
599665
600329
600063
600872
599699
600577
601363
600821
599988
600267
599793
600036
600484
599827
599721
600842
600679
600954
600657
600235
599716
599019
600825
600761
600736
600082
599686
600515
600744
599864
600192
601158
600125
600019
600070
600538
600763
600544
599915
600398
600592
600182
600269
601065
599991
600377
600611
600934
600410
601507
600018
600928
601006
600374
600406
600367
601102
600084
599927
601049
600328
599920
600258
599813
600119
599339
600439
600126
600054
600506
600860
600757
599175
600138
600995
600648
600588
600784
600733
600900
600733
599640
599931
600514
600712
600282
600200
600366
599896
600083
600052
600281
600371
600167
599850
600726
600214
599855
600332
600639
600513
599568
599996
600627
600349
600856
599925
599837
600004
601265
601030
600423
600351
599719
600377
600453
600287
601282
601055
600673
600007
600527
600113
600755
600567
600113
600690
600382
600190
600837
600271
600709
600037
600706
600722
599770
600067
599682
599455
601477
599810
600515
599495
600065
600263
601056
600332
601226
599807
600522
600277
600426
600751
599873
600293
600155
600822
600972
600948
601336
600092
600698
600974
600122
599831
601058
600221
600192
600817
600220
599682
600360
600654
600665
599770
601041
600348
600186
600155
600024
600400
600842
599621
601188
601139
600603
599735
600241
599799
600961
600165
600071
600706
600704
600626
601473
599787
600580
600390
600622
599791
600471
600856
601270
601391
600729
599979
600008
601444
600427
600296
600553
601326
599726
600498
600360
599902
600538
601093
600458
600681
600605
600670
601059
600033
600064
600057
601101
599961
600293
599437
601009
600558
600765
600891
599931
601686
599769
600233
600547
600773
601078
599750
600567
600397
599565
600352
599924
599813
599599
599299
600006
600482
600135
600575
600593
599996
599877
600700
599887
601148
599883
600749
600506
600503
600051
600710
600829
600642
601050
600228
601326
599554
599962
599336
600769
600376
600934
600479
599789
600281
600487
601046
600447
600271
600495
600721
601084
600346
600885
600257
600065
600621
599943
600193
599296
599580
601159
600286
599866
600060
600674
600268
