816969
816678
816549
817112
816961
817399
816988
816975
817752
816800
816791
817107
816854
817141
817072
817075
816914
816691
816922
816984
816215
816795
816550
816677
816389
816692
817089
816482
816794
816591
817741
818046
817306
816591
816020
817032
817006
816573
817307
817053
817187
817149
817016
817068
816600
816791
817113
816848
816589
816923
817230
816577
816452
817114
817195
816862
816878
817491
816574
816663
817262
817132
816957
817194
816166
816396
816593
816868
817041
816673
816688
816749
816426
816416
817421
816488
816438
816713
816752
816774
816569
816234
816055
816479
816917
816906
817276
816864
816489
816776
817598
817437
816865
817000
816826
815900
816764
816582
816340
816354
816854
817016
816809
817263
816835
817080
817129
817460
816721
817199
816594
817287
816480
817351
816760
816982
816633
816329
816680
816785
815783
817451
816669
816749
816978
816631
816248
816912
816398
817635
816943
816991
817050
817079
816554
816565
817142
816973
816654
816927
816987
816883
816942
816214
816890
817114
817384
816343
816861
815623
817198
816633
817181
816753
816708
816394
817031
816350
816723
816854
817154
816773
816910
817057
816488
816627
816569
817304
817496
816965
816818
817265
816188
817014
816966
816910
817282
816707
816965
817140
816874
816497
817122
817371
817008
816790
816868
816638
816910
817009
816551
817017
816296
817022
816589
816996
817430
816650
817217
816540
816270
816788
816808
816490
817297
816922
816360
816507
815800
816771
816663
816482
817818
816672
816586
817643
816609
816550
816552
816197
816999
816904
817180
816777
817156
816376
816663
817168
816679
817157
816526
816372
816959
817036
816641
817083
816877
817394
815999
816820
815730
816967
816704
816487
816953
816438
816300
816602
817133
817257
817148
816646
817425
817587
817372
817312
816890
816914
816658
816508
817614
817206
816458
817428
817354
816243
817105
817793
817018
816885
816858
817177
816877
816757
817243
817369
816478
816605
816486
815637
816506
816884
816944
816651
816159
816935
817221
816875
816259
816500
816658
816711
816816
817128
816653
817552
817177
816950
816488
816872
817479
816994
816877
816782
816489
816904
816883
817226
816902
817230
817317
817122
817649
816339
816515
816491
816317
817028
816586
816364
817144
816053
817881
816001
817107
817456
816883
817186
816277
816404
816968
816875
817415
816953
816862
816236
816770
816388
816196
816131
816079
817390
817168
817883
816767
816692
816815
817340
817178
816390
817128
816464
817669
816664
816518
817085
816425
816414
817408
817474
815915
816653
816685
817096
817078
817086
817262
817078
816630
816363
817243
816739
817105
816442
816827
816536
816527
816280
817338
817166
816611
816978
817055
816786
816659
817171
816882
817030
816548
816620
815988
816748
816138
816476
816257
816967
817039
817048
816831
817231
816460
817294
816880
816444
817283
817191
816857
816780
816328
816701
817045
816472
816889
817133
817229
817689
817421
816657
816746
816369
816858
816855
816498
816866
816396
816277
816957
816958
817117
817265
817631
816821
816669
816506
816797
815929
817036
816902
816600
816273
817005
817114
817528
817278
816497
816705
817231
816512
816745
817166
816642
817058
816612
817237
816587
816461
817012
816795
816447
816623
817074
816717
817490
817294
816691
816757
817114
817005
816284
816729
816597
817099
817272
817036
816879
817468
816569
816509
817266
816917
817246
817116
816775
816544
816741
816509
817131
817036
817257
816931
816697
816809
816665
816412
816697
817127
816958
816419
816617
817267
817000
816566
816735
817036
815928
816486
817031
816630
816578
815542
816616
817486
816074
816702
816465
815893
816533
817068
816322
816692
816833
816786
817214
817470
816277
817111
817146
817025
817453
816393
816678
816851
816656
817041
817143
816467
817312
817191
816419
816916
817305
816973
817646
817016
816678
816356
816885
816741
815857
817027
816676
817369
816576
816776
816959
816879
816679
816390
816324
816461
817051
817488
817479
816623
816536
816985
816672
817371
817414
816804
816962
816643
817368
817083
817269
818043
816439
817135
816939
817251
816772
816877
816955
816367
816758
817230
816209
816446
816841
816786
817153
816423
817059
816944
816512
816682
816555
816556
816934
816807
816913
817028
816602
816670
816838
817106
817348
817276
816808
816454
816627
817439
817249
816015
816859
816945
817328
817125
816805
815596
816929
816834
815645
816635
816698
816991
816501
816740
816923
817127
817433
816610
816702
817051
817209
816327
816807
817368
816876
817023
816759
816712
816156
816608
816038
816280
816751
817051
816963
816931
816688
816851
816984
816882
817436
817037
816310
816603
817237
816274
816717
816429
817215
816766
817182
816942
816815
817386
817212
817023
817571
817121
816207
817148
816720
816564
817124
816935
816976
816077
816711
816824
815958
817322
817499
816786
817219
816792
816473
817205
816419
816736
816249
817231
817128
817695
816652
816333
817012
817139
816723
817178
817165
817240
816728
816828
816033
816279
817406
816206
816738
816635
817338
817278
816563
817181
816835
816468
816094
817414
817624
816927
816696
816378
817020
816740
817194
817172
816943
817448
817053
816444
816439
817157
817092
816561
817031
816882
817722
816517
816616
817051
816270
816363
817078
817035
816925
817683
816886
816945
817285
816150
816988
816842
816894
817995
816182
816587
816940
816843
817094
816879
816628
816267
817433
817302
817108
817728
817700
817198
817080
816507
817247
817135
816946
817117
816757
817236
816461
816908
816417
817336
817003
817769
815787
817214
817242
816997
816897
816461
816785
817430
816680
817410
816918
817237
816624
817248
817228
816847
817111
817245
816186
816576
816646
817671
816909
816896
816879
816768
816138
816384
816910
817038
816753
816857
816510
816785
817480
817148
816448
816623
816322
816744
817225
816800
816532
816955
816733
817408
816335
816990
817922
816968
817273
816514
816827
816770
816460
817379
816915
816985
816951
816977
817070
816271
816992
817142
816263
816501
817266
816529
816935
816775
816498
817075
817430
816639
817360
817232
817273
817545
817143
817971
817331
817200
816911
817242
816700
816430
817178
816803
816845
816192
816664
816542
817478
817137
816432
817181
817062
817065
817077
816352
816925
817259
816907
816613
817924
816732
817110
817400
816576
817007
817171
817093
816679
816900
816584
816770
816801
816453
816744
816581
816952
817355
816954
817126
816533
816567
816824
817064
816889
816560
817200
817438
816687
817517
817208
816954
816770
817171
818052
816713
816567
816705
816474
816922
817072
816573
816324
816340
817108
817027
817080
817388
817383
816975
816838
817281
816350
817501
816721
816839
817216
817031
816699
816527
816885
817311
815999
817489
817059
816849
816537
817410
816290
817080
816350
816541
817184
816446
816867
817100
815848
817330
816955
816966
817381
817158
817045
816932
817104
816969
816002
815877
816860
817168
816501
817010
816508
816343
816290
816503
816475
816145
817112
816669
817132
816450
816576
816423
817393
816967
816465
817346
817176
816874
816277
816612
