746376
746310
746386
746046
746503
746591
745737
746867
745850
745293
746498
746309
747055
746667
747224
746468
746339
746430
745990
746487
746436
746014
746521
745993
746720
746102
746793
746294
746367
745999
746205
745282
745677
746598
746434
746409
746278
746568
746735
746798
747007
746506
745966
746785
746716
746364
746043
746277
746715
746531
746385
745385
746173
745841
746019
747091
745525
746387
746604
746042
746452
746514
746442
746631
746090
746888
746214
746497
745600
746787
745846
745656
746871
746164
746142
746421
746602
746329
745680
746787
746989
746620
746216
746331
746032
746426
746047
746261
746124
746171
746547
746585
746789
746259
745963
746288
746427
745956
746439
746440
747212
745976
746207
746494
747199
746690
745559
745973
746529
746127
746966
746021
746313
746365
746114
746420
746225
746550
747389
745949
746816
746283
746216
746017
745749
745989
745428
745232
747066
746518
746198
746574
745515
746505
746512
746791
746219
745814
748094
746450
745405
746285
745931
746218
746534
746230
746406
746677
746299
746650
746420
747104
746245
746741
745711
746523
746649
746370
746026
746038
746519
746618
746111
746540
746548
746311
746715
746393
746968
746266
746322
745474
745811
746236
746613
747020
746368
746746
747074
746169
745776
746586
746482
745664
746751
746825
746149
745278
746339
746262
745778
746942
747252
746293
746981
746268
746339
746382
745979
746230
746366
746953
746051
746322
746250
745800
746226
746605
746062
746721
746366
746085
746524
745941
746505
746386
746031
746400
746010
746528
747318
745944
746217
745271
746558
746715
746094
746788
746227
745787
747058
746503
746389
745974
746574
745729
746052
746061
745924
746634
746268
745643
746201
746518
745790
746513
746455
746835
746673
746253
746294
746284
746010
746939
745854
746874
745838
746853
746164
746883
746344
747284
746473
747381
746627
745822
745925
745929
746393
746341
746964
746683
746328
746258
745959
746034
747117
746036
746352
746597
746054
745933
746622
746515
746685
746831
746599
746157
745872
746120
745784
746872
746925
746627
746876
745866
747766
746704
746695
747337
746223
746407
746198
745912
746900
746373
746737
746954
746464
746277
746371
746628
745599
745808
746634
746112
745913
746708
746241
746004
746315
746804
746390
746301
746385
745902
746245
746878
746849
746771
746974
745998
746505
745611
746944
746344
746532
746543
746600
746664
746061
746705
746996
746612
745755
746774
746438
746518
746759
747001
746675
746337
746410
746576
746460
746696
746173
747167
746497
745963
746607
746402
745997
746202
745788
746927
746377
746975
746279
746158
746521
746377
746611
746801
746096
746601
746392
746523
746105
746686
746499
746749
745688
746656
745617
746207
746130
746397
746806
746769
746255
746611
746447
746598
745909
746811
746304
747028
746548
746113
746880
746578
746658
746214
745631
747712
746615
746013
745765
746183
746500
746473
746069
746509
746403
745295
745893
746404
746221
746643
746856
746010
745958
746979
745559
746649
746368
746324
745755
746595
747170
746421
745840
746135
745976
745692
746673
746162
746443
745548
746873
746612
745961
746315
745550
745819
746263
746134
746394
746846
746655
746454
747310
747006
746610
746244
746819
746259
747013
745809
745592
746399
746197
746199
746407
746274
747060
746644
746580
745774
746373
746146
747172
746723
746964
746770
745641
746455
747367
746321
745876
746565
746369
746640
746221
747244
745764
746598
746634
746165
746080
746599
746347
747472
746386
745783
745765
746994
746135
746719
747220
746350
746454
746031
746606
746207
746213
746821
746787
746628
746523
746520
746260
746180
744914
746883
746052
746315
746287
746648
746910
746849
746334
746176
745586
746328
746786
746139
745997
746659
746124
747021
747191
746500
746891
746311
746493
745974
747258
746481
746265
746717
746241
747069
746532
746133
746696
746350
746581
746445
745463
746133
746395
746492
746127
745669
746132
746093
746496
746739
745638
746932
747004
746281
745927
746339
745962
745980
746229
745330
745517
746167
746683
745470
746405
746117
746190
746131
746088
746549
746497
745927
745870
746232
746827
746220
746039
745612
745892
746858
746535
746397
745934
746932
745014
746188
746285
746035
745615
746576
746711
746366
745986
746372
746951
746868
746466
746266
745969
746729
746080
745919
745840
746487
745961
746629
747102
746256
745868
746606
746178
746161
745807
746150
746367
746728
746380
745982
746313
746315
747359
746735
746685
745815
746212
746710
746455
746192
745666
745932
746697
746462
746261
745752
745546
746008
747063
746476
746259
747498
745796
746818
746155
746159
745954
745945
746444
746409
745586
746675
746023
746932
746742
745826
746829
746110
746480
747577
745357
747037
746574
746601
746494
746379
746728
746527
745899
745567
746603
746332
745602
746234
746125
746273
745374
746528
746650
747095
747092
746040
746780
746060
746349
746536
746733
746418
745803
746058
746321
746370
746532
746159
746033
747041
745937
747065
745978
746595
746425
746814
746242
745843
745725
746513
746263
746647
745897
746459
745684
746373
745552
746569
745977
746529
746237
746012
746307
746670
746294
746266
746521
746349
746026
746230
745855
746694
746185
746319
746166
745949
746021
746534
746356
746945
746559
746386
746262
746384
747502
746809
746766
745682
747210
747032
746650
746333
746732
746251
746617
746634
746096
746142
745944
746827
746653
746201
746012
746543
746158
746012
746683
745880
746102
746613
746356
746322
746728
746177
746886
746222
746204
746058
746052
746037
746442
747355
746557
746107
746456
745989
746933
745920
746638
746146
745249
746694
745860
746574
745973
746387
746585
747110
746832
747082
746544
747136
745978
745646
745654
746059
746104
746598
746423
746005
746412
745977
745538
746281
747006
746693
746294
746250
746739
746235
746270
746629
746255
746586
746994
746827
746906
746039
747289
746056
747119
746344
746399
745969
745932
746076
746495
746040
746542
745862
745821
746499
746687
747045
746425
746217
746249
746223
746589
745299
746498
746205
746780
746245
745393
745786
746223
747583
746676
745836
746353
746667
746204
746596
746517
746450
746556
746435
746520
745826
745944
746161
746018
746855
746921
746189
746244
746577
745775
746005
746308
746833
746600
746448
746449
746610
746812
746062
746078
747323
746353
746381
746289
746551
746476
746229
746551
746004
745963
746467
746585
746122
745303
746255
746726
745561
744973
745526
746079
746059
746566
746293
746335
746949
746941
746324
746358
746356
745972
746133
746426
746804
746961
746008
745915
747139
746426
746547
746130
746168
746843
745768
746503
746518
746813
746641
747074
746450
746283
745846
746929
746042
746341
745749
746975
746357
746538
746286
745758
746897
746115
746024
746280
746483
746012
746356
746428
745992
746093
747211
746478
746332
746304
746690
746360
746021
746617
746792
746429
746480
747336
746480
746745
746335
745697
746247
745775
745884
745420
745921
746282
745804
746146
745622
746722
746212
746158
746079
746627
747616
745095
746846
746318
746349
746775
745561
