324323
325261
324778
324883
323765
323936
325456
324505
324199
323782
324294
325671
324700
324588
324333
324080
324653
325409
325057
324556
324549
324888
323923
324921
325154
324280
324412
323327
325106
325371
324647
325473
324797
324284
324359
324460
324157
324162
324912
325032
324447
324427
324533
324979
323552
324622
324121
324180
325440
324880
325016
324929
324560
323728
324582
325552
325440
325562
324559
323882
325067
324762
324948
324286
324449
324656
324610
326013
324679
325348
325215
324646
324947
324488
324519
325564
324624
325109
325469
323717
325000
324739
325023
325415
324459
323838
324478
325105
325051
325212
324460
324532
325199
324701
325578
324261
324844
325214
324907
324005
324317
324356
324125
324265
325015
324465
325045
324731
324818
324638
324190
324696
324424
324104
326354
325351
325902
324364
325361
324427
325252
324556
324505
325944
325314
324641
325224
324993
325128
325516
324323
325819
324340
325957
325133
324977
324871
324250
324763
324110
325434
325201
324623
325826
323981
325119
325043
324705
325291
324798
323926
325282
323745
324803
324595
324866
324641
324993
324479
324948
324771
324417
324918
324160
324412
324188
324353
324264
325188
325469
324877
325288
325325
324796
324828
324681
324883
324874
325174
324499
325170
324702
325237
324830
325150
324425
324962
324746
324110
324604
324435
324977
324988
324296
324393
324662
325786
325148
324617
324560
324331
324674
324636
325735
325206
324835
324445
324672
325096
324490
324828
324429
325676
325773
325000
325170
324486
324787
325379
325275
324977
325425
325122
324812
324395
324177
324901
324656
323570
323914
324735
325028
324485
323850
324849
323900
324593
325392
324444
324755
324026
324913
324647
324273
324354
324406
325125
324864
325087
324187
324887
324532
324365
324802
324669
325512
324477
324682
325049
324092
324974
324155
324592
324761
325398
323668
324905
324361
323993
325132
324833
324781
324749
325257
324909
325327
324679
323800
325523
323746
324766
324709
324254
324407
324632
323755
324270
324766
325030
324392
324870
324393
324573
325464
325396
325174
325296
324736
324151
324367
325275
324559
324875
324640
324885
324200
324116
324561
324349
324983
324009
325176
325555
324329
324885
324482
324260
324507
325745
323517
324680
324735
324104
325991
323596
324496
324438
324825
324688
325154
324392
325401
323950
324415
324101
323528
323895
324036
324410
324328
324806
324233
325414
324847
325020
324493
325215
324369
324668
323865
324831
324740
324680
325050
324071
324283
324458
324157
324443
324573
326015
324699
324389
325879
324476
324773
324707
324273
324439
325107
324767
324206
324310
325219
324467
323737
324455
324238
324691
324535
324542
324587
324592
324331
324706
325273
323987
324558
324565
324390
324689
324420
325016
324371
324435
324927
324519
324313
324685
324866
326058
324957
325802
325175
325806
325425
324893
325408
325857
325717
325562
325168
326155
325738
325233
325828
325938
324904
324960
325574
325931
326082
325269
325805
326095
324984
325956
325985
325648
325892
324895
325772
326241
325898
325517
326102
325383
326175
326508
325319
326079
324863
326131
326383
326278
325756
325978
325940
325976
326111
326024
325806
326383
326271
324909
325473
326187
325234
326274
325991
326794
325294
326988
325906
326947
326405
325741
325535
325336
325780
325956
325972
325486
325750
326443
325567
326720
326848
327179
325517
325283
326184
325734
325091
325610
326131
325478
326677
326352
326467
325198
326120
326087
326460
325239
325101
326119
326154
325564
325207
325207
325702
325896
326286
326397
325428
325874
325425
326423
325493
325181
327172
325637
325446
326005
326108
325765
325933
325676
326281
325754
326258
326728
325913
326361
326389
325538
325051
324463
324134
324483
325026
324668
325069
324441
325050
323665
324639
325301
324328
323767
324680
325133
325323
325474
326540
326515
325970
325736
325917
326655
326383
325769
326204
324776
326064
325934
326389
326241
325630
325523
326045
326206
325443
326687
326626
325929
326012
326694
326047
325446
325739
326113
325977
326816
325390
325793
325695
326509
325827
326103
326017
325127
326122
325816
325562
325793
325562
326393
325377
325991
325986
325351
326688
325103
325970
325916
326180
325643
325902
326073
325769
326373
326038
324379
324862
324675
324858
325167
324278
324831
324560
325411
324411
324249
324778
324739
324185
324384
324605
324865
324720
325084
324732
325187
324682
324496
325280
324945
325511
325603
325283
325187
325365
324390
324297
325390
324713
325237
325340
325082
324612
324458
324691
324627
323039
324901
324785
325030
324607
324632
324269
325562
324467
325300
323696
324601
325894
324393
325578
325092
325063
324938
324864
325532
324998
325385
325203
324541
325513
324047
325029
324726
325202
325285
324989
324614
325013
325728
324872
324293
324160
325242
324739
324844
324688
323911
324678
325362
325214
324445
324976
325190
324073
325462
325181
325609
324588
324283
324022
323660
324885
325358
324826
324050
325416
324327
325377
325196
324377
325135
325422
324685
325022
324274
325484
325335
324587
324868
325190
325106
325531
326282
324388
324986
324720
325091
324451
324810
325235
324587
325193
325043
325068
325001
325997
325067
325346
325075
324873
324459
324219
324918
325170
324760
324936
325497
324444
325374
325362
325204
325446
324519
324647
325362
325100
325319
324923
324550
324865
324042
325113
324542
324660
324870
324870
324796
325510
323811
324846
325223
324479
325608
325141
324318
325059
324698
325537
325342
325069
324948
325672
326342
324560
324812
325396
324559
324396
324700
324300
325382
324598
325437
324414
324933
324915
325010
324917
324384
324940
324276
325273
324965
324810
324256
325758
324820
324293
324563
324571
324766
324906
324091
324958
324354
325033
324584
324953
324265
325420
325397
325781
325120
325291
325630
324847
324687
325377
324923
324957
325039
325601
324235
325608
325530
325409
325569
325968
325145
325161
325280
324455
324471
324996
325605
324798
326210
325102
325362
325517
326002
324949
324911
325036
326049
325456
325833
325116
325294
324675
324769
323728
324394
325370
324595
324648
324765
325128
325397
325373
325159
325028
324813
325018
325160
324040
325624
325382
325245
325113
324938
325025
325127
326022
325115
325192
324491
324925
325138
324988
325344
325626
324379
324432
324519
325576
324791
324198
324939
325500
325003
324839
325035
325874
324966
324988
324319
324876
324558
325280
324675
324833
324706
325127
324377
325450
325331
324680
325143
324908
324705
324000
325101
324714
324577
325258
325705
324596
323911
324563
324113
324341
325662
325095
325337
324599
324841
324918
325047
324913
324186
324818
324626
324707
324551
325143
324950
324950
325838
324650
324385
325241
324650
324027
324299
325131
324560
324709
324797
325103
323644
324386
325046
324275
325137
324620
324552
324457
324435
324482
324914
324455
323993
325077
323741
323823
324831
324756
324325
324400
324653
324631
324551
324361
324415
324182
324782
324717
324953
324284
324164
324198
325011
324879
324740
325575
325069
324275
324892
324692
