410231
412391
410727
411579
410536
410079
411560
410950
410790
410037
410336
410662
410668
412226
410728
410111
411046
411081
410574
411916
410437
410724
411603
410737
410926
411387
411459
410815
410644
411518
411381
410401
411130
411136
410806
411237
410803
411019
410662
410272
411429
411225
410734
410551
411134
410995
411028
411069
412072
411427
411958
411376
411428
411227
412287
411505
411571
412139
411091
410926
411478
411199
411653
412384
411913
411601
412118
411732
411225
410693
411256
412169
410850
411549
411989
410897
411514
410439
411335
411186
410931
410516
410812
411242
411683
410509
411064
411229
411691
411215
411854
410462
410948
411258
410381
411602
412268
411470
410386
411570
411531
411051
411184
411549
410994
411271
411731
411205
411634
411558
411158
411326
412283
411532
411942
411320
411096
412709
411383
411460
411102
412566
410854
410644
411808
410633
412142
409889
411746
411113
411394
410376
410464
411506
411172
411476
411520
410773
411066
411866
411705
411073
411029
410615
411026
410929
411767
411720
410963
411623
410977
411744
411799
411707
411457
412536
410898
411470
411613
410485
410564
411593
411689
410761
411778
411159
411756
411183
410577
411385
410506
411013
411484
410827
410694
411736
410971
411266
410048
412483
411657
411023
411754
411302
410887
410004
410694
410751
410597
411575
411687
411903
411098
411431
412010
410894
411493
411448
410794
410576
410655
411080
411396
411204
412244
411208
411410
411698
411384
411576
411259
411171
411995
411382
411855
411427
411554
410994
412005
411068
411797
411077
411631
410528
411463
410690
410822
411215
410921
410165
411341
411479
409926
410682
410982
410788
410537
411374
410473
410897
410104
411441
411907
410510
411372
410492
411327
411235
411128
410908
411709
410870
409776
410812
410936
411453
410760
411210
411763
412288
411065
411234
410953
411520
411117
411125
411894
410483
410763
411076
411563
409437
410360
410573
410683
411459
411814
410732
410687
410408
410443
410836
410627
411131
411526
411009
411149
411629
411821
411255
411867
411155
410893
411595
410867
410818
410842
410961
411344
411241
410944
412156
411193
410756
410828
410300
411090
411818
410423
411632
410722
412134
410400
410803
410728
411062
410482
411273
411814
411527
411201
411194
410111
411060
410620
411614
411254
410882
411230
411579
410662
411910
411679
410944
410609
411478
411224
410661
411301
410509
411515
410839
411258
410681
411604
412026
410615
411997
411087
411746
411227
411807
411566
411061
410680
411532
411063
411037
411229
410771
411697
411495
411054
411182
410954
412267
411275
411382
410893
411122
410790
411170
411483
410820
411549
411115
411903
410304
411630
411606
411354
410361
411738
411406
411478
411252
410759
410011
410878
410811
410020
410950
411607
410627
411036
411417
410872
410351
410733
411106
412351
412716
411125
411506
412240
412822
411755
413080
411573
412731
412178
412009
412788
412593
412792
412102
411761
412282
413113
412716
412891
412409
411779
412704
413381
411811
411863
413008
413055
412810
412036
412708
412374
412268
413105
411978
412435
412130
412158
411947
412317
411687
412018
412879
412404
412202
411643
412157
411976
411800
411355
412920
412339
411646
412589
410857
411276
412297
412101
412104
411717
412097
411886
411414
412791
412280
411408
411375
412543
412033
412127
411746
412550
412614
412423
411335
411609
412957
411584
412167
412631
412145
411571
411987
411936
411975
411948
412607
412616
412874
412623
412465
411612
411652
412461
412473
412386
412296
411238
411526
411730
412256
412432
411781
411622
411936
411786
412049
411705
412395
412139
411897
412703
411830
412097
411503
411694
411070
412640
412939
411796
411837
413574
412471
411602
412095
411890
412287
411414
410740
411361
411284
410804
411595
410973
411048
411011
410621
410523
411431
411554
410884
411988
411869
411529
411967
412343
411330
412690
411922
411506
412045
411858
411627
412468
411791
411280
411228
411606
412616
410907
412103
411917
412608
412190
412038
412862
412907
412673
412142
411901
412968
411457
412460
410855
412259
412289
412578
411999
412860
411494
412993
412900
412033
411581
412793
412423
411994
411756
412158
412378
412166
411984
411704
411637
411862
412371
411594
412294
412939
411719
412789
412105
411463
411147
411210
410917
410774
411677
411534
411512
411344
411153
411451
412123
412127
411438
411174
411764
412007
411713
412721
411931
412250
411469
411534
411900
411144
411409
411860
410923
411618
412002
410979
410835
410830
410784
412848
411734
410983
411697
411395
411588
411102
411533
411105
411250
411423
411693
411003
410636
411074
411587
411397
411022
411445
411606
411197
411173
411347
411033
411964
410992
412077
411721
411575
411771
410593
411683
411822
411333
412151
410657
411498
411233
412898
410364
411399
412061
411797
411527
410978
411619
411723
411596
411617
411581
410972
411136
411209
410419
410682
410832
410736
410462
410577
411830
410979
411378
411828
411392
410300
410652
410117
411592
410989
411111
411074
410724
410657
411216
411877
411416
411356
411834
411556
412135
410977
410567
411445
412169
411925
412384
411597
411855
411608
411962
411701
412020
411851
412201
411687
412106
411402
411940
411937
409887
410946
410927
411485
412125
411818
411994
412364
409950
411579
411776
410511
410585
411635
411128
410131
410978
411257
410468
411119
410421
411604
412234
411377
409803
411130
411425
411382
411241
412008
411543
411392
411156
410183
411402
412434
411253
411194
412191
411500
411992
411997
411996
412599
411506
411472
412122
411970
411563
410589
410677
410919
411182
411775
411593
411416
411281
411374
410686
410811
410802
412103
412339
411440
411682
411144
411497
411532
412221
411857
411131
411330
410854
410927
412181
412065
411361
410818
411865
411620
411549
411197
410969
411472
411311
411286
411592
412050
412258
409957
411573
411669
410895
412037
411117
411299
412015
411010
412115
412280
411051
412243
411008
412090
411999
411150
412206
412721
410956
411275
412121
412526
411237
411393
411554
410832
411814
411801
410635
411969
411754
412058
411466
411331
411163
410529
410799
411428
411695
411195
411149
410378
410010
411350
410092
410760
411277
411431
410428
411447
411396
410727
411614
411653
411795
411234
411748
411734
410514
410922
411780
410981
410960
412334
412184
412708
412783
412094
412038
411120
411577
411659
410763
412004
411833
411903
411514
411972
411005
411145
410474
411021
411502
411366
411490
410753
410803
411606
410777
411092
410600
410683
410900
411218
410601
411663
411611
411240
411441
410931
410678
411044
411123
410968
411982
412209
410832
411996
411224
410949
410680
411358
410586
410857
411946
411835
411435
411455
410466
411139
411203
410542
410546
410973
411230
411282
412040
412197
410983
411840
410739
410764
411209
410857
411438
410625
410389
411037
410810
411043
411038
410592
411339
411204
411696
410703
411580
410737
410445
410866
411575
410787
410534
410871
411276
411305
411781
411401
410477
410751
410965
410502
410592
411703
411851
411004
411196
410566
410636
410890
411410
411572
410795
410086
