674042
673527
673581
673298
674218
674694
674151
673008
672948
673690
674267
674026
672634
673737
673247
674320
673330
674345
674114
673807
674207
673986
673652
673888
673177
673847
673565
674086
673232
673281
673867
673235
674152
673622
673971
673561
673165
673547
672532
674125
673777
673327
673971
674672
672770
673946
673457
674813
674471
673542
674732
674662
674287
673892
673810
673573
674759
674253
673997
673757
674155
674324
675177
674038
673771
674546
673545
674445
675250
674769
674224
673769
674123
674246
673668
674697
674284
673631
674370
673653
674142
672923
674193
675053
674461
674056
674419
674286
672996
673953
674235
674900
674084
674914
673394
674202
672709
673702
674459
674274
673605
674351
674036
673937
674182
673438
673693
673921
674007
674361
674247
673882
673978
674151
674420
674200
673695
674079
673793
674268
674070
673889
675198
674463
674131
674743
674715
674024
673851
674008
674635
673920
673582
674239
673699
674769
674449
674119
674306
673770
674154
674514
674328
673761
673306
674736
673809
674312
673963
674252
674053
674301
674327
674527
673992
673917
673316
673480
674039
674549
675286
674030
674641
674466
674177
673829
673558
674668
674929
674465
674957
673646
673548
673993
673369
674178
673667
673579
673359
673944
673816
673504
674311
673630
674157
673318
673934
674711
674331
674246
673688
673852
674196
673898
674066
673685
673828
674486
674282
674898
674538
673311
673996
673455
674402
674217
674746
674012
674468
674067
675219
674874
674414
674170
674487
674394
674512
673904
674110
673876
673280
673630
674068
673920
673708
674055
673760
674193
673448
674015
674928
674495
674390
673556
674447
674166
674295
673739
673986
673599
673432
673135
675804
675591
673861
673499
673617
673728
674360
674562
674310
674239
674085
673546
674524
673805
674431
674189
673685
673765
673646
672889
674519
674016
673780
672946
673279
674190
673592
674363
674217
673646
674055
674532
673623
673887
674496
673923
674206
674903
673584
673902
673657
673936
673865
674165
674358
674283
675540
675310
675756
676074
675794
675919
675170
675762
675866
675028
675210
675770
675332
675684
675549
675829
674299
673540
673801
674424
673255
673738
673712
673695
673759
674070
674018
674611
673069
673617
674343
673604
672935
673594
674087
673609
674404
673869
673878
674164
673805
673935
674244
674221
674486
674041
673292
674525
672721
673659
674308
674473
673823
673050
674345
673824
674293
673846
674189
674223
673814
674298
674936
674782
674199
673754
673903
674106
674058
674557
673648
674285
673907
674447
673617
674045
674682
673565
672889
674308
674073
673906
673814
673803
674165
674026
673322
674265
673002
672929
674383
673833
674143
673991
673700
674124
673988
673687
674556
673311
674712
674218
673917
673842
674035
674791
674132
674094
674632
672994
674024
674456
674807
673997
675432
674259
673913
674359
674066
673949
674192
673887
673892
674931
675133
674079
674961
673843
674704
674499
674283
674554
674184
674415
674482
674202
674041
674840
674683
674493
674694
673994
675141
674177
674633
675014
676362
675414
675555
675870
675817
674915
674906
675741
675856
675410
675395
675825
675453
675031
674246
674211
673722
674545
674273
674352
674742
674304
674483
674397
673809
674669
674068
674080
675070
674821
673654
674160
674137
674074
673547
674155
674179
674441
673970
674307
673466
673850
674005
673771
674268
674110
673478
673545
674305
674250
674705
674510
674535
673619
673771
673491
674702
673524
673516
674085
674361
674105
674004
674212
674281
673626
673546
673765
673879
674525
674239
673684
674100
674287
673487
674134
674408
674384
673469
673947
673474
674099
673607
674523
673469
673757
673543
674587
674225
673761
674703
673715
673983
674170
674383
674336
674353
674107
673731
673710
673745
674100
673830
674376
674204
672886
674454
673154
673362
673583
674837
676368
675448
674892
674572
674828
676190
675712
675946
675364
676240
675183
675935
674717
674848
676006
675087
676112
675410
674747
675617
675999
675400
675349
676874
675186
675914
675840
675370
675655
674735
674373
674939
674849
674567
675226
674529
674413
675479
674937
674442
675265
674265
674655
674539
673724
674587
674087
673907
674451
674301
674105
674682
674049
673844
674214
673061
674453
675040
674241
673759
674105
674214
674066
673823
674156
673708
674289
673721
673598
673807
674048
673519
674462
674894
674326
674089
674983
674147
674070
674719
673929
673872
674130
674234
674531
675076
673683
674784
674273
675235
673749
674274
674230
674011
674081
673735
674002
673460
674284
674108
674019
674375
673791
673400
673045
673494
673927
674271
673433
674243
673574
673934
674120
673559
674275
673412
673828
673754
674108
674947
673749
675133
675458
674524
674691
673731
674883
674895
673652
675241
674490
674425
673402
674372
674280
674159
674158
674709
673610
673378
674213
673862
673567
674319
673083
673492
674364
674008
673594
673651
674063
674534
673819
673340
673532
674477
674519
673464
674016
672915
673718
673198
673307
673787
674123
673729
674709
674435
674866
674816
674327
674202
674139
673834
675334
674260
674535
674618
673785
674243
675077
673870
674242
674685
673407
674800
675293
674163
673809
674153
674526
673899
674202
674851
675068
674539
674050
673597
674695
674403
673949
673972
674552
673676
673265
673642
674599
674568
673481
673599
673833
673354
674102
674124
674253
673627
674064
673208
673888
674974
673410
674031
674009
674018
673676
674177
673602
674289
675114
674690
674140
674939
674036
674210
674890
673811
674636
674631
673755
674559
673434
674283
673930
674251
673936
674233
674915
674063
673661
673295
674463
673594
674526
673377
673138
673739
674607
673702
674531
673789
673657
674052
674553
674022
673827
674219
674344
673298
673357
674357
673937
674244
674740
674739
674374
673773
674544
674462
673711
673391
674189
675216
674742
674497
674295
674406
674744
674777
674105
673713
674703
674452
673921
674354
674674
673663
674208
674086
674407
674724
674386
674562
674603
674911
674804
674634
674941
673627
674875
674737
675354
674420
673686
673425
673719
674829
674890
675051
674810
674774
675145
674502
675561
675276
674837
675856
675101
674982
675623
675413
674188
674601
673326
673485
674484
674930
674616
674728
674610
674294
674695
674902
674360
675252
674045
674505
674829
674448
675193
675242
673480
673449
674319
674506
673778
674079
674384
674590
673876
675145
673398
673260
674020
673764
673561
673124
674146
674513
675015
674293
675013
673826
674016
674208
673898
674804
672702
673554
674684
673967
673701
674853
674031
674248
674081
673975
673946
674291
674269
674044
674208
674721
675360
674462
675603
675167
675044
675207
674296
675017
675372
674824
674337
675055
674622
673870
674445
674877
674825
674216
674446
673409
675034
674355
674754
674721
674810
674628
675230
674839
673995
674626
674268
674035
673187
673715
675258
673944
674648
673574
673720
673935
674771
673847
674036
673452
673974
674135
674847
673790
674085
673295
673329
673849
673198
674001
673740
674377
673791
673841
673838
674198
674430
673891
673668
