583738
582653
583398
582652
582434
582876
582977
584188
583645
583963
583346
582506
582884
584201
583908
581945
583026
583062
583116
582793
583095
583544
583096
582892
583104
583614
584345
583137
582525
582766
583292
583468
583110
582841
584298
583539
582771
581974
584379
584020
583455
583244
583348
583019
583152
582275
583781
583835
583901
583723
582625
583359
583845
584139
584463
583421
584285
583960
584333
584349
584336
583699
583559
583933
583478
583842
582774
584328
583635
583363
584059
583297
584046
583804
584096
583952
584341
583943
583652
583935
583537
583666
584630
583732
584042
584315
583612
583702
583535
584232
583179
583911
583305
583000
584036
584090
583287
582691
584025
583220
584122
585105
583767
583947
583552
583823
584175
583747
583830
583472
583600
583431
583263
583375
583744
584106
584232
583509
583241
583540
583751
583473
584647
583751
583562
583866
582614
584082
583346
583919
584465
583421
583020
583508
583924
583496
583672
583981
582885
583827
582784
583113
584509
583161
583714
583477
583484
583245
583320
582935
583952
583499
582892
583764
583926
583212
583528
584018
583154
583341
583965
583350
583352
582973
583598
582814
583659
582791
583137
583247
583617
583636
583028
583452
583847
583945
582985
582814
583035
583134
582644
583202
583497
583851
583607
585036
583106
583192
583489
583491
582608
584466
583717
583569
583650
584607
583450
583461
583182
583914
583698
582804
584579
583946
583507
582787
583616
584109
583060
584215
583714
583477
583303
583673
584490
583528
584115
583701
583681
582650
583573
582993
583122
584404
583639
583791
583144
583926
583668
583021
583177
583487
583499
583487
583352
583077
583105
583322
583516
583086
582952
583213
584260
583078
583008
583540
582853
583511
583922
583888
584016
583668
583096
583616
584005
583777
584324
582881
583243
583340
583316
583794
584008
582539
583244
582866
583016
583870
583817
583628
582893
584182
582945
583741
583068
582977
583667
583041
582493
584081
583253
582818
583721
583577
583745
583355
583760
583341
584264
583624
584378
584396
584111
583559
583524
582607
584834
583508
583470
583983
583451
584122
584040
584318
583031
583747
582664
583856
582879
582232
583244
582922
583553
583104
583433
583315
582596
582234
582854
583756
584211
582570
582881
582574
582597
583180
583416
583381
583293
582560
583415
582800
583269
583392
583975
583542
583191
583681
583146
582978
583044
583484
583515
583057
583027
583407
582677
582547
582949
583335
581844
582737
583934
583636
584021
583654
584053
582887
582727
582632
583588
584393
583111
582115
583065
584468
583264
583894
584070
583412
583926
583301
582780
584087
583593
583258
583094
583056
583007
583542
582866
583805
583137
584502
584658
583803
582415
583989
583002
583000
583018
582873
583106
582988
583775
583089
583277
582974
583570
584273
584508
583880
584933
584163
584388
584809
583683
584254
584325
584173
584403
584282
583653
583933
584537
583151
584077
583592
583722
582880
583689
584278
583150
583580
584423
583678
583917
584347
583940
584512
583402
584302
584989
584429
585049
585404
584646
584923
584162
584861
585225
584044
584786
584975
585089
583813
584855
585415
583438
583359
584238
583460
584762
584895
585137
584358
583826
583880
583961
583557
585083
584409
583862
584307
583859
584512
583566
584039
583752
584696
583880
583568
583876
584352
584179
585353
583796
585177
583532
583903
584377
585079
584373
584489
583640
584469
584145
583066
585232
583784
584765
583456
583973
584440
584164
584382
584964
584526
584986
584413
584338
584881
584334
583903
584768
583546
584118
583966
583601
584853
584643
584088
584911
584945
584305
584786
584615
584834
584960
583943
583751
584831
584454
583890
584748
584582
585273
584430
583345
582729
583358
583349
583218
582565
583174
583305
583198
583432
584509
583806
583582
583116
582513
582744
584624
583570
584106
583777
584663
585362
584733
584381
584932
585990
584823
585348
584716
584914
585526
584817
584477
585699
584179
584062
584140
584890
584446
584858
584649
584106
584626
583207
584624
585264
585329
584931
584601
585026
585059
584881
585010
585050
585591
585682
585140
584271
585440
584945
585771
585323
584180
585045
584797
584240
584398
584581
583569
584155
585190
584018
584148
584059
583895
584388
583255
583658
583692
583174
584195
582943
583945
582911
582586
583489
583270
584160
582455
583354
584315
583938
584712
583450
584843
583516
583451
583517
584008
583739
584533
584171
584527
583842
583594
584275
583661
583305
583679
583614
583906
583187
583269
583115
583487
584372
584497
583256
583828
583322
583271
583631
583199
583659
583961
583045
583705
583103
582761
582444
584005
583926
583593
583505
583769
582677
583784
583710
583307
583799
583913
584386
583889
584280
584051
584218
583519
582638
582780
583722
583618
583283
583331
583376
582510
583325
582966
583808
583265
582798
584091
583095
583987
583479
583237
583877
583656
583610
583386
583298
583383
582715
583300
583522
583397
583244
583472
583031
583561
583206
582427
584087
584256
583869
584322
584314
582963
583854
584500
583286
583662
583121
583874
584123
583959
583295
584266
583698
582892
583521
583978
583699
583893
583701
584082
583831
584012
583930
583611
583288
583521
584169
583997
583901
583555
583932
583465
583682
584297
583907
582776
583492
583900
583788
583788
583842
583481
583741
583615
584148
583654
583385
583164
582878
584853
582971
584083
582794
583300
582896
582982
583596
583885
583815
583870
584541
584421
583799
583358
584145
583368
584102
583800
583661
584460
583637
583349
583672
582619
583933
583801
583382
583487
584144
584037
583585
583775
583412
582953
583921
583972
584336
584118
583669
583311
584447
583448
583057
584316
583050
583520
583715
583015
582917
583359
583716
583532
584123
583969
583479
583335
584217
583151
584438
583804
583375
583671
583911
584186
583783
583638
584183
583292
582681
584619
584261
583599
584122
583982
584253
585018
583500
583780
583495
583836
583501
583579
583789
583757
583297
584054
584742
584080
584177
584443
583741
583495
584737
583859
584197
584029
583887
583142
582356
583287
583201
583416
582778
583167
583274
583425
582402
583751
582990
583745
583450
582435
584106
584346
584693
583261
584100
584105
583242
584587
584429
583353
583786
583705
582879
583950
584256
583070
584035
583749
583550
585082
583363
583164
583403
583896
584399
583100
584203
583767
583446
584442
583715
583885
582953
584178
583291
583489
582454
583072
584338
582809
583488
584031
583436
583876
583778
583395
583502
584217
583222
583158
584051
583485
583916
584351
583997
584476
582681
584222
584125
583378
583366
584129
582739
583229
582889
583962
583502
582753
583911
583403
583485
583045
583849
583872
583243
583947
583573
583901
583205
583254
582896
583997
582563
582900
583509
583953
583476
582898
583428
583318
583178
583788
582959
583537
582830
583249
584643
583088
583553
583355
582703
582373
582917
583163
582890
582957
583411
583303
583518
582892
583608
582901
583828
583552
582657
583292
582919
581981
582962
583589
584017
583603
583130
583330
582655
