464003
465036
464732
464178
464405
463949
465204
464856
464698
464543
464696
465203
464981
464429
465726
464295
465434
464209
464858
465543
465430
464364
464936
464249
464606
465471
464644
464463
464735
464122
464023
465405
464001
465719
464104
464083
464553
464519
464768
464997
464426
465069
464612
465585
465060
464862
464543
465082
464703
465034
464389
463862
464605
463778
464753
464858
465214
464591
465071
464950
464065
464794
464627
464033
464228
464638
464981
465055
463712
464718
465141
464775
464566
464950
464255
464379
464478
464003
464432
464705
465158
465551
464361
465149
464706
465745
464729
464717
464994
465343
464581
464246
465119
465087
464680
464452
465012
464812
464857
463567
464714
465340
464963
464072
464362
464847
464831
463799
464218
465171
464881
465745
465278
464411
464103
464281
466215
464784
464339
463952
464878
466062
464399
463408
465255
465142
464787
464911
464432
464843
463652
465412
465327
464633
464495
464414
464315
463692
464373
464531
463978
464594
465216
464094
464696
465562
465456
465177
464957
465735
465046
464195
465004
465382
464416
464400
465061
464047
464739
464171
464464
464775
463140
464590
464420
464849
464894
464550
465014
464673
464285
463885
465385
464183
464145
464543
464386
465470
463596
464841
464580
465087
465003
464355
464440
465000
464148
463658
465116
464034
464198
465138
464329
465113
464346
464178
465343
465166
464660
465117
464905
464143
464335
463951
463629
465011
464992
464420
464372
464781
464785
463754
464561
464905
464890
464961
464691
464821
464131
465188
465061
464679
465506
464335
464812
464761
463924
464200
464035
464376
465525
464009
464718
464393
465056
464887
464690
464969
464857
464056
464830
464046
464070
464443
464614
465512
464842
464647
464544
463738
464244
464791
465540
464245
464951
464873
465757
465164
464944
464490
465536
465277
464350
465433
464533
464053
464994
464972
465396
465621
464227
464832
465426
464336
464894
464933
465692
464566
465480
465168
464907
464400
464169
465831
464746
464621
464496
464028
465106
463874
464587
464695
464519
464267
464365
464950
465120
465059
464497
464250
464767
465259
465076
464104
464152
464583
464841
464436
464598
464829
464659
464838
464958
464977
464762
464509
464430
464534
464747
464463
463695
464782
465633
465014
463752
463973
465256
464015
463377
464484
464946
464958
465088
465630
465484
464318
464181
463740
463809
464839
465537
464549
464940
464542
464172
463814
464754
464607
464920
464432
464942
464796
463461
463962
464146
464921
464753
463824
465637
464425
464185
463810
465202
464603
463904
464207
463410
464893
465671
464853
464662
465142
463569
464586
465676
464293
465342
464361
464905
465325
464995
464271
463438
464642
465201
465070
464467
465071
464178
464895
465011
464904
463953
465009
465707
464923
464190
464605
463838
465583
464754
464667
464282
464388
463845
464430
464949
465057
464811
464851
464290
465450
464408
464254
464584
464160
464262
464679
464855
464465
464101
464385
463905
465844
464133
464767
465058
463693
464321
464595
464560
465326
464221
464381
463909
464921
463733
464022
464821
464467
465372
465044
464599
464410
464513
464432
464372
464686
465104
464990
463960
465080
464662
464941
464894
464825
465064
464471
465376
465367
465043
465741
464414
464963
463777
464299
464123
465072
465464
464116
464212
465160
464075
463912
464252
464970
464698
464543
464978
464120
464776
463959
464798
464151
464460
464496
465369
465364
464494
464414
464347
465939
464731
464395
465147
465079
465089
465110
463934
464493
464072
464847
464338
465193
464902
464155
465484
464935
464660
464586
464935
464098
464692
463502
465194
464204
465225
465052
465528
464613
464670
465538
463777
464626
464433
464033
464193
464350
465508
465280
464123
464557
463604
464648
464389
464776
464744
464916
464996
464633
465347
464298
464372
464902
464773
465329
464729
465024
464968
464147
464222
465002
465533
464466
465300
464614
465106
465204
464375
464802
464145
464961
464721
464590
465155
464287
465090
464486
464822
464546
464393
464102
465431
466228
464248
464991
464328
464467
466137
464824
464789
465231
465220
463453
465309
464360
464521
464038
465131
465460
464719
463871
465912
464849
463355
464635
465749
464249
464952
464362
464102
464995
464649
464737
464728
463696
464730
464132
464925
464454
464764
465181
464455
464040
465282
464327
464594
464753
464918
464097
464767
464051
464716
465639
465114
465585
464274
464128
464748
464498
464408
465120
464106
464921
464628
465194
465915
465000
464643
465102
465274
464598
463640
465201
464317
464634
464165
464445
464682
464410
464596
464306
464867
464184
465219
464851
464502
464435
464788
464786
464255
464743
464803
464814
463967
465247
464404
465007
464810
464677
464617
465065
464552
464334
464235
464481
464587
465390
465967
465612
465228
465211
463830
464341
465415
465010
464648
463804
464749
465170
464737
464624
464444
464417
464508
464345
464434
465286
465332
464867
464831
465019
464203
464651
464330
464142
464234
464312
464490
464858
464199
464592
464467
464455
464555
465372
464781
465395
464479
464986
464844
464566
464048
463979
464892
464855
464951
465016
465421
464970
465294
465266
464465
464584
464167
465106
464006
464790
464106
464486
464981
464515
464918
464788
464671
464462
464611
464451
463803
464838
464867
465166
465103
464283
465486
464848
464774
463766
464221
464687
464194
464955
464500
465240
464751
464993
464149
464746
465048
463740
464262
464048
464217
464703
464943
465450
464542
464976
464160
465458
464872
464698
464792
464932
464693
464987
464759
465934
464778
464939
465352
464734
464861
464502
464822
464187
464825
463865
464630
465406
464766
464709
464312
464225
464705
464455
464680
464366
464617
465539
465031
465222
464352
463841
465183
464123
464490
463534
464470
464036
464601
464857
465344
464851
464601
464234
464938
465848
465301
464231
464608
464830
465394
463990
465200
464060
464746
464995
464969
465096
464146
465339
464784
465113
463946
465000
464559
464993
464647
465056
464135
463998
464330
465176
465565
465183
464075
465195
464248
464825
465095
464679
464964
464325
463845
464386
464765
464414
463889
464630
464292
464215
464090
464551
465061
465045
464982
464925
463553
465134
464704
464896
464662
464573
464411
465355
465155
465376
464556
464070
464290
464213
464070
464100
465350
463397
464107
464429
464283
464005
465667
464522
465221
464289
464135
465504
464462
465874
465030
464979
464126
465330
465533
464729
464588
464179
464859
464580
465124
465113
464376
464452
465120
464184
464962
464239
464653
464313
464765
465282
464509
464471
464976
464396
465900
464840
464658
464607
465004
463811
465614
464694
464571
464358
464106
464896
465216
465213
465332
465054
464822
465029
464119
465235
465022
464497
464293
465045
464666
465249
463955
464566
463992
464175
464037
464455
464750
465328
464432
464732
464216
465213
464569
464796
464955
464930
464141
464605
465079
464509
464405
464881
464242
465531
464627
465732
463623
464719
464722
463946
465360
464091
465351
464384
464997
464534
465138
464338
464243
465248
