541267
541192
540878
541964
540965
541102
540903
541040
540666
541635
541271
541228
540597
540284
540433
540081
540777
541605
540431
540843
541450
540864
540501
541405
541238
540648
540459
541864
540765
540945
540224
541224
541704
541505
540020
541011
541320
540974
541067
540333
541397
541179
540609
541112
541026
540789
541610
541277
541634
541015
541448
541069
540076
541954
540445
541979
540910
541148
541271
541066
541163
540656
540949
540446
540349
540590
540810
539653
541242
541024
542497
542211
540675
541010
540674
541520
540499
541312
541733
541682
540441
541141
541387
541227
540144
540809
541235
541013
540630
540907
541493
539845
540925
540952
542419
541017
541522
540960
540453
541933
540905
540831
540190
541485
540983
541276
542418
540680
540797
541503
541516
541140
540616
540565
541009
541274
541793
539970
540592
540899
541266
541004
540868
541358
540677
541203
541339
542000
541111
540444
541257
540464
541105
541374
541797
540413
542216
540517
539823
541909
540759
541447
540399
540435
541809
541355
541073
540969
540457
540863
541539
540945
541166
541203
541144
540438
541438
539861
541296
540370
540460
541949
540863
541429
540880
540852
541145
541359
540549
540566
540227
540107
541120
541715
540404
541781
541623
540906
540917
541049
541539
540311
540925
541672
541197
541365
541951
540416
541886
541194
541469
541306
540566
540498
540802
540852
541240
540906
541469
540311
540897
541580
540354
540434
541580
541386
540745
541697
540595
541141
541105
540777
541031
541630
541302
541563
540864
541131
540625
541639
541693
541613
540935
541436
540550
541430
542238
541045
539929
541638
541076
541638
541358
540735
540480
541351
541445
540940
540995
541446
541213
541055
541323
541234
541153
540931
541174
541968
540957
542184
540658
541561
541890
541160
540536
541066
541426
541494
540303
540937
540556
540607
540907
541256
540961
541480
541646
541872
541398
541342
542004
542329
541208
540642
541075
540877
540715
540396
540502
541326
540297
539781
541692
540753
540914
541641
541525
541077
541219
542579
540694
541473
540790
540329
541457
540777
540879
541225
540689
540850
541297
540818
541615
541118
540441
541388
540480
541934
541208
541687
541500
540649
541048
541623
540543
541655
541590
541400
541267
540736
540572
541153
540844
541438
541022
540752
541429
541293
541329
541007
541564
541048
541783
540844
541949
541199
540773
540800
541727
541215
540650
541280
541193
541111
541446
541568
541554
540247
540319
541012
541601
540862
541630
541162
541109
541308
541497
541338
540833
541759
541271
541234
540716
540282
541166
541560
540854
541070
541175
541426
541725
541481
540826
540592
541854
541151
541534
541674
540703
540825
540592
541839
541268
541968
540745
541522
541327
540225
541661
541393
541594
541741
541247
541544
541115
541330
540715
540457
540557
541117
540944
541156
541305
540624
540513
540580
541138
540840
540561
540545
540614
540731
542324
541200
539985
541063
540949
542229
541176
541611
541125
540822
541763
541777
540930
540518
540910
541082
541556
541978
541496
541349
540519
539662
540659
541336
541373
540850
539557
541620
540798
541359
541088
541207
541505
540721
540948
540808
541008
541434
541545
540507
540980
540869
542108
541591
540350
541033
540504
540796
541080
540886
542152
540821
541849
540642
541969
540339
540672
541186
540771
540751
541364
540590
540779
541640
540562
541649
541568
542028
541214
540625
540374
541441
541045
541005
540858
541339
541368
540658
541540
541012
540763
541105
541070
541114
541654
541645
540626
540426
540903
542047
540227
540380
540537
541067
541359
540816
541422
541803
541336
541111
540338
540300
541280
540414
542253
541299
541682
541075
540698
540937
541012
541059
541244
541431
540602
540813
541800
540643
540262
541317
541000
541237
540495
541799
541911
540831
541985
540789
541349
541097
541746
541069
540868
540486
541466
542680
541837
540875
540754
540991
540504
540682
540625
541137
540224
541090
540719
540747
541344
541438
540618
540810
540685
541389
541447
540925
541762
540984
540764
540198
541462
540965
541131
541794
539941
541617
540737
540368
541219
541737
541056
541516
541294
541352
540720
541066
539740
540690
540309
541795
540719
540645
541819
540166
541445
541083
541311
540316
541452
540582
540742
540448
540516
541293
540977
540415
541087
540970
540670
541318
541347
540797
541518
541168
540792
541091
541287
541213
540718
540640
542254
541638
540311
542201
541546
540145
540225
541231
540001
540708
540083
541047
540852
540691
540627
540772
540070
541057
541460
541095
541378
539928
540815
542030
540854
540806
541271
540682
539880
540575
540853
540530
541826
540748
541145
540405
540943
541094
541270
540434
541425
540546
542211
540984
540768
539851
541115
542121
540739
542045
540552
542172
541499
541353
541858
540672
541221
540377
541086
540739
541147
540812
540571
540422
540763
540745
541754
540620
540911
540495
540282
542155
541284
541570
540331
540355
540768
540603
541276
541599
540910
540930
541291
540526
541235
541165
540243
541949
541723
540626
540799
540773
540958
541157
541407
540040
540704
541060
541128
541434
540937
542105
540568
540222
540975
541598
541323
541357
541655
541576
540749
541181
540785
541106
540723
540454
540405
541560
541081
541667
540561
540835
540237
540853
541363
539912
541042
541658
540700
540558
541553
540941
541357
541836
541229
541057
540835
541287
541447
541683
540799
540845
540487
540960
540842
541006
540897
542230
540990
540947
541129
541732
541391
540898
540596
541398
540287
539919
540493
541261
540822
540607
541388
540934
540092
541090
540571
541528
541286
539809
540857
541810
540600
541524
541093
540755
541269
541667
541828
540802
541561
540527
540155
540975
541038
540691
540424
541499
540078
540591
540722
540878
542542
542046
540449
540854
540422
541117
541145
541141
540713
541274
540885
541188
541339
540892
540590
541215
541137
541525
540839
541229
541206
541159
540295
540998
540639
540877
540728
540613
541132
540849
541300
540948
541389
541474
540786
541193
540576
541031
542346
541388
540866
540888
541040
541764
541044
540992
540753
540040
541180
541575
540673
540842
540857
541372
541267
541896
540765
540907
540999
540520
541802
540542
541618
540129
541326
541836
541238
540010
540997
540452
541939
541539
540936
540747
540990
541142
541640
540676
540819
541607
541891
541629
540948
540502
541037
540432
541316
541394
541652
540990
541262
540960
540618
541241
541425
541810
540422
541568
541120
541270
541300
540958
540900
541107
540385
540910
541079
540778
539968
540284
540945
540661
541140
540806
540774
540165
540586
541567
541138
541469
541576
540534
540811
541701
541923
540777
541495
541035
540756
541379
541015
540454
540818
540374
540942
540860
540862
541418
541600
541356
540374
540979
540555
540182
541406
541264
541257
540710
540289
540862
541595
541544
540758
541848
541967
540983
541844
540714
541039
540903
540917
541189
541536
541828
541407
541062
541441
541373
540130
541602
540922
541304
541257
540713
541342
541553
540520
540667
540384
540313
540867
540869
540899
541348
540243
540698
