800058
800043
800253
799483
799223
799853
799473
799677
800586
799675
799702
799846
799827
800228
799829
800053
799336
799586
800132
800314
800017
800952
799325
799080
799593
800104
800367
800473
800946
800279
799850
799879
799608
799662
798651
800360
800099
799563
800148
800060
799781
799577
800161
799782
800144
799287
799232
799288
800049
799696
799731
800104
800387
799249
799879
799219
799934
800321
799673
799854
800723
799613
799614
800546
799558
799884
800478
800405
800120
799854
799308
800178
800059
799513
800507
800069
799836
800099
799891
799791
799664
799959
799572
799336
799695
799585
799046
800014
799173
799110
799616
799742
800255
799763
799703
799992
800077
799844
799599
800210
800413
800259
799400
800101
799270
799991
800431
800705
799801
799337
800037
799441
799545
799746
800111
799576
799794
800122
800385
800884
799218
799670
800079
800333
800008
799691
799394
800019
799652
799918
800165
799967
799789
800131
799500
800585
799321
799493
799727
799875
799206
799955
799469
799843
799012
799326
799615
800316
799905
799273
799601
799173
799071
800381
799640
800210
799950
799906
800650
800014
799901
799891
799772
800425
800030
799189
800379
800426
799778
800554
799625
800084
800092
799213
799859
800294
799824
800031
799805
799756
800065
800060
800069
800872
799889
799767
800210
800008
799540
799802
800071
800474
799192
800286
799876
800659
800138
800096
800196
799410
799303
799284
800098
800052
799878
799589
800209
799520
799682
799285
799806
800376
799865
800262
799748
800110
799856
799795
799814
800071
799175
800605
799766
798860
799708
799533
799405
799839
800842
799937
800323
800032
799939
799527
799720
799777
800301
799527
800086
800281
799533
800280
799337
799731
800055
800419
800631
799763
799676
799981
799940
800504
799790
799752
800736
799561
799351
800383
799640
800018
800667
799551
800011
799856
799631
799981
799724
800422
799685
799377
800018
799952
800686
800534
800289
799971
799976
800009
799717
800065
800551
800309
799391
800159
799875
799366
800608
800264
800545
800082
800109
799839
800318
800185
799891
799807
799488
800364
799215
800127
799846
799988
799963
799425
800484
799209
799358
800396
800772
799504
799331
799879
800061
800397
799838
799948
800260
799498
799350
800053
799555
799844
799610
799555
800156
799911
799712
800867
799909
800003
800008
801005
799836
800077
799859
799913
800183
800080
800146
800372
799064
800040
799583
799929
800277
799563
799708
799851
799803
799754
800479
799435
799640
799942
800044
800060
800393
799429
799735
800031
799695
799481
799888
799629
800331
799880
800066
799983
799875
800270
800051
799890
800019
799903
799726
799629
800319
800162
800313
799808
799966
800522
799405
799347
800470
799856
799296
799933
799789
799467
799399
799985
799598
799932
799646
799449
800413
799461
799622
799640
799620
800012
799514
800192
800094
800081
800056
799664
799631
800397
800082
800359
800164
799379
800725
799474
799711
800402
799522
800201
800160
800075
800607
799939
799340
799766
799380
799619
800292
800276
799560
799435
800631
799956
800386
799828
799469
800278
800304
800485
800398
799164
799902
800207
799757
799598
800085
800051
800343
799981
799898
800378
799547
799659
799340
799763
800229
799830
800304
799837
800043
800219
800503
799291
800745
799631
799795
799556
799172
799807
799689
799613
799843
799394
799940
800574
799616
800701
800607
800251
799647
800520
799629
799420
799821
799962
800115
799821
799878
800100
799541
800379
799496
799532
799822
799953
799578
799769
800099
799544
799060
800678
800783
800207
799179
799658
800094
799837
800098
799789
800381
800615
800633
800164
799610
799330
799323
800019
799771
799301
800610
799990
799351
800067
800148
800469
799740
800242
800203
800281
800066
800803
799947
800135
799478
799499
800371
800070
799937
799057
800091
800064
800392
800688
800659
799662
799990
800038
799992
800680
799832
799489
799670
800704
800393
798959
800677
799792
799709
799759
798994
799812
799829
800349
799822
800574
800220
799560
799846
800074
799475
799968
799513
800024
799858
800275
799742
798775
800464
799642
800040
799884
800017
800569
799949
799572
799955
800302
799141
800259
800497
800115
799435
800429
800102
800412
799944
800078
799424
799932
799918
799244
799789
800319
799146
799567
799361
799844
800582
800120
799299
799444
799745
799881
800359
799753
799805
799292
800140
800405
799842
799762
799607
800017
800244
799727
799888
800423
799944
799582
799942
800122
800442
800518
799212
801056
799971
800188
800397
800663
799999
799429
800372
799665
800001
799161
799727
799413
799894
799919
800192
799735
799263
799876
800108
799906
799754
800622
799516
799356
799934
799969
800088
799895
800165
799721
799503
799703
800600
799679
800173
799903
800317
800053
799970
799132
799705
799826
800138
798738
799630
799692
799976
799762
800326
799827
799579
800418
799792
800523
799738
799731
799751
799879
800523
799641
800676
799991
799600
799668
799505
799863
800351
800732
799732
800213
800197
800077
800042
799755
799911
800139
800487
800226
799514
799859
799620
800026
800008
800000
800165
799621
799680
799669
799858
799769
799563
800053
800029
800277
799919
799763
800053
799724
799763
800116
800129
800634
799895
799640
800277
800267
799898
800436
800317
799764
800075
799222
800117
800609
800059
799987
799770
800282
799668
800515
799798
800037
799813
799953
799889
799738
800029
799930
800201
800527
799465
799854
799804
799729
799526
799584
800309
799567
800273
800332
799760
799537
800447
799923
799564
799678
799685
800051
800056
799874
800632
799848
800261
799937
800015
800096
800179
799518
799903
800076
799797
799783
800217
799553
799916
800119
799820
799828
799681
799888
799873
799675
800345
800583
799944
799894
799695
799891
800272
799841
799642
799940
799543
799709
800081
799602
799674
799819
800042
799691
799382
800059
799845
800533
799326
800221
799930
798852
800119
799634
799628
800601
799957
799632
800143
800041
800141
800031
800547
800392
799496
799847
800258
800485
799800
800470
799613
799737
800174
800334
800386
799419
799792
800257
799408
799985
799343
799808
800673
800155
799589
800608
800214
799600
800124
799653
799939
799677
800249
799743
799965
799741
800013
799687
800370
799558
800162
800454
800425
800264
800043
800006
800124
799650
800183
799813
799397
799775
799840
800233
800618
799964
799696
799659
799219
799336
799885
799914
800319
799879
799997
800278
800085
799584
799961
799246
799860
800259
799914
799700
799666
800664
800050
800861
799966
799439
799846
800171
799474
799721
799646
799684
799402
799496
800041
800148
800131
799875
800166
799525
800067
799978
799216
800080
800213
800313
799985
799397
800067
800371
800269
800816
799961
800200
800425
800201
800273
799531
800084
799917
800551
800478
800660
800615
800198
800042
799821
800173
799543
799566
799436
799861
800516
800256
800781
799046
800323
800102
799813
800121
799192
799561
799987
800670
799813
799465
800052
799254
800083
799204
800487
799822
800194
799210
799909
800003
799560
800096
799739
800018
799335
800179
799519
800328
