712424
711616
711136
711401
712051
712424
711842
710812
712219
711406
710898
711150
712163
710929
711499
711037
711848
711321
711409
711628
711366
711749
712062
711978
711123
711139
711001
710730
711437
711992
712053
711617
711264
710739
711700
712322
711250
711608
710968
711968
712146
710961
711087
711535
711491
711652
710860
711444
710311
711098
711010
711082
711253
710629
711119
711222
711348
711322
710648
711330
710980
710744
711653
711411
711121
711331
711436
711545
711506
711585
710371
710605
710958
711485
712329
711622
711420
711800
710961
711151
711165
710488
711303
711404
711809
711050
711889
711601
711965
710644
711835
711199
711468
711202
711417
711057
711283
711713
710718
711321
711614
711981
711962
712279
712181
711719
711518
710855
710919
711514
711427
711674
711090
711082
711617
711870
711727
709844
711316
711053
711321
711784
711425
711680
711041
710465
711082
710379
710535
710624
710846
711011
711696
711298
711322
711370
711829
711360
710924
711041
710523
711175
711338
711299
711569
710989
712316
710389
711545
711528
711652
711664
711442
710919
711084
711418
711579
711123
710551
711838
710888
711384
710814
711100
711851
711806
711579
710667
711631
711225
711080
711596
711107
712129
711792
711562
711480
710948
712030
711360
711224
711542
711591
711374
710973
711426
712319
711610
711259
710826
710717
711482
711375
711112
711232
710846
711720
711744
710338
711788
711124
711074
710952
710847
711472
711203
711027
711672
712502
711707
711319
711042
711466
711543
711663
711278
710794
711282
711081
711401
711364
711318
711513
711002
710564
711399
711211
711121
711931
711193
711648
711450
711208
711550
711239
711533
711886
711288
710894
711701
710788
711644
710318
711070
710888
710557
711268
712045
711067
710868
710756
711401
711299
710940
710973
711536
711043
711224
711489
711085
711123
710502
711370
710955
711879
712114
711245
711656
711050
711741
711193
710882
711554
711954
711834
711192
711760
711517
711800
711664
711499
710868
710921
711340
711245
711158
711471
711895
711623
711316
710314
712404
711532
710963
711896
710741
711486
710727
711430
711883
710862
710879
711102
711425
711282
711979
710530
710932
711883
710439
712327
711161
712271
711489
710837
711705
710415
710684
711023
711273
711191
710716
712222
711571
711452
711516
710999
711865
711850
711274
710255
712178
710608
710891
711343
711710
712081
712270
710772
712628
711329
712162
712036
711532
712174
711102
710568
711382
711720
711506
711406
711058
711192
711516
711803
711823
711384
711170
710929
711541
711693
711324
711248
711897
711323
711030
711632
711147
710759
710832
711007
712773
711399
711010
711600
711719
710837
710947
710803
711658
710292
711394
711605
710158
711887
711412
711324
711315
711983
712609
711306
711769
711433
711314
710416
711415
712923
711042
710843
711318
710828
711745
711029
710845
711162
711189
711813
710914
711400
710895
711134
710886
711912
710363
711283
711040
710827
711167
711172
711811
711969
711254
711546
711637
711250
710650
711869
711607
711150
711014
711322
711068
711571
710405
710963
711368
711111
711397
711127
711021
711506
710382
711411
712158
711696
711369
711302
711228
711023
711236
711202
711129
710819
712137
711545
711242
711067
710915
711668
711392
711898
711726
711417
711778
710799
711624
711031
711756
711165
710731
711154
712366
711301
710961
711078
710730
711224
710978
711697
711643
711591
711894
710877
710701
711104
711688
711813
711544
711576
711016
711445
711999
711926
710976
712273
710979
712211
710752
711508
710791
710560
710613
710764
711097
711435
711629
711514
712226
711378
712071
710645
711059
711774
711731
711083
710952
711912
710814
710789
711428
710928
711120
711256
711224
711534
711426
711456
711272
710773
711578
711289
710857
710623
711320
711645
712064
711806
710472
711470
711576
711184
711490
710707
712005
711577
709964
712049
710879
710726
711092
711717
711223
710830
711162
710689
711983
710262
711718
711671
711200
711141
710957
711408
711663
711671
711579
712244
712251
712089
710868
711279
711074
711622
711487
710808
712305
711654
710862
711155
711161
710913
711493
711396
711329
711081
711636
711684
711091
711692
711563
711181
711592
711382
711256
711364
711534
711225
711012
711032
711526
712355
710747
710645
711713
710851
711535
711129
711096
711114
710703
711413
711436
710994
710907
710554
711183
712189
711172
710359
711122
711664
711538
711734
711251
710973
711660
711532
710676
711517
711008
711672
711344
710752
711253
711545
711587
710867
711168
711423
710756
711523
711604
711435
711845
710571
711056
711177
711491
711073
711234
711409
711691
711640
711294
711036
710583
711763
711130
711350
711540
711696
711322
710375
711584
711819
711475
710807
711560
711109
711459
710670
711288
711194
711677
711515
711719
711322
711140
712186
710778
711819
712798
711772
711385
711517
712054
710765
711185
710964
711506
711204
711430
711552
711690
711339
711519
711156
711026
711396
710429
711206
710769
711001
710535
711447
710659
710650
711404
711374
711294
711811
711218
710769
711189
711187
711103
711772
711797
710959
711484
711517
711440
710951
711520
712046
712210
710462
711369
712149
711455
712028
711759
711184
712018
711890
710506
710768
711494
711514
710861
711665
711852
711371
711600
711100
711326
712230
711193
710960
710766
711002
711308
711943
711261
711129
710981
711445
711226
710521
710822
711776
711884
711078
709912
711359
710521
711212
711268
711650
710966
711753
710468
710839
710560
711879
711157
711678
711617
711753
711095
710459
711327
711192
711762
711192
711652
711576
711804
711300
711725
710955
711340
711687
711316
712033
710851
711376
711678
711208
711611
711310
711403
710375
710560
711548
711462
711976
711703
710960
710346
710882
711856
711656
712137
710730
711724
711812
711450
710955
711971
710763
710231
711088
710755
711158
711126
711169
710778
712251
710881
711516
711262
711282
711262
711208
711770
711008
712237
711683
711880
710878
711362
711130
711292
711485
710958
711494
711268
711282
711108
710987
711216
711035
711567
710844
711275
710381
711897
711069
711347
711135
711231
710188
711242
710720
710686
711623
711655
710397
710994
711717
710969
711155
711233
711342
710737
711607
712013
711360
710505
711884
711341
710854
711594
711001
712025
711078
710817
712089
711710
710818
710760
711167
711655
711034
711715
711048
711374
711771
711041
711331
711669
711758
711475
711407
711688
711190
710999
710644
711006
711253
711328
711056
711355
711763
711074
710870
711914
711249
711739
711701
711087
710521
711510
711424
711426
710991
711054
711488
710703
711292
711475
710598
711337
711470
711914
711228
711642
710523
712207
710573
711769
710689
710987
711825
711766
711367
711511
711918
711797
711195
711018
711322
710938
711077
712135
711480
711299
711972
711270
712124
711301
711563
710825
711296
711091
710791
711125
710395
710663
710733
711609
711021
711264
711443
711820
711171
711155
712037
710935
710487
711797
710414
711722
710824
712654
711519
712212
711210
711039
710438
712305
711521
711670
711088
710538
711346
711614
711759
711264
