245226
244418
245222
245564
244589
244566
244191
244572
244357
245054
243807
244530
244769
245023
244924
245172
244782
245214
244869
244604
244785
244868
244655
245454
244698
244744
245089
245101
244651
244786
244568
244665
244497
244857
244476
244081
244748
244450
245394
244402
244547
245381
244393
244410
245140
244847
244786
245310
244718
244334
245069
244716
245259
245166
245953
244350
245451
244748
245252
244937
244534
245690
244582
245464
244931
244514
244972
244804
244483
245179
244891
244711
244519
244400
244118
244657
244354
244946
245226
245392
245179
244951
244551
245391
244682
245031
244751
244010
244437
245589
245182
245408
244213
245226
244533
244442
244357
245016
244744
244833
245060
244998
245360
245207
243438
245149
244246
245522
244332
244556
244530
244917
244545
244220
245785
244985
244583
245100
245068
243855
245175
244549
244046
245220
244682
244428
244532
244981
245278
245152
246012
245814
244384
245029
244278
244828
244835
245094
245519
244648
245024
244108
245223
244544
244872
244666
244494
243516
244496
244446
244545
245007
244093
245260
244998
244607
244792
245832
244693
244772
244459
244771
244856
244595
245891
245066
245245
244704
245386
244424
245339
244770
245314
245367
245072
244782
244709
245080
244549
244775
244601
244554
244086
244585
245065
245214
245279
244907
244540
244477
244315
244751
244835
245575
244577
244197
245242
244593
244366
244281
243918
245621
245023
243944
245204
243979
244626
245196
244654
245037
244795
243788
244453
245231
244685
244845
245784
245974
245213
244805
244085
245265
244147
245299
244533
244304
245203
245121
245910
244499
245384
244748
245096
245566
244604
244881
244671
244929
244321
245129
245549
244736
244741
244499
244389
244330
245079
244040
245216
244704
243904
244836
244843
244789
244113
244696
244180
244699
244555
245082
244017
245222
244709
244777
244526
245347
244678
245285
245270
244653
245320
244561
243832
244469
244013
244777
244615
244838
244474
245026
243895
244815
245212
244228
244828
244900
244256
244492
244924
244941
244779
245595
244805
244969
244502
244270
244759
244819
245189
244826
244482
245293
245283
244959
244896
243885
244580
244181
244718
244091
244521
244203
244329
243892
245605
244776
244784
244952
243930
244441
244724
245406
244320
244669
245003
244454
244791
244973
245043
244307
244804
244293
245326
245208
245045
244405
245504
245058
244341
244255
244422
245221
244659
243785
245149
244843
244839
245234
244146
244393
244763
244643
244888
244665
244217
244812
245160
244577
244978
244367
245500
245030
245035
244492
245331
244729
245379
245763
245147
244413
244560
243735
244861
244368
245153
244944
244359
244115
245301
244545
245268
244645
244592
243740
244517
245138
244743
244562
244982
245024
245016
244957
244910
245377
244272
245489
244475
245049
244641
244812
244900
245652
245107
244714
245262
244370
243866
243995
244807
244982
244608
244363
244362
244390
245790
244793
244014
244963
244535
244706
245586
244453
244759
245094
244895
244201
244757
244992
243882
244790
244338
244453
245374
244815
245079
244565
244877
244648
244571
245492
245262
244285
244384
244984
244421
244337
245131
244725
245264
244054
244769
245171
244525
244880
244268
245023
244094
244368
244861
244553
245218
244924
245068
244054
244874
244713
244844
244809
244570
244631
245427
245198
244439
244704
244755
244174
244911
245094
244785
244475
244704
244705
243984
244511
245001
245437
244995
244256
244356
244964
244603
244766
244561
244058
243698
244032
244171
244482
245000
244829
244016
244677
244483
244696
244088
244331
244885
245525
244658
244334
244402
244500
245071
245026
244677
244846
244470
244339
244771
245016
244413
244659
244051
244687
245150
243651
245716
244312
245510
244450
244914
244482
244389
244933
244766
245441
245083
244502
245375
244399
245085
244842
244268
245535
244714
244317
244324
244798
244910
244462
244146
245441
244250
244659
245057
244937
244202
245239
245342
244974
244548
244664
245164
244794
245149
245303
244868
244921
244140
244851
245109
244967
245023
244940
245155
246104
244934
244729
244248
244800
245086
244310
244534
245129
244942
245383
244867
244756
245249
245575
244835
244554
244767
245537
245702
245756
245118
245169
244642
244837
245410
245289
244954
244295
244790
244726
245081
245564
244858
244651
244302
244518
244985
244434
244328
244344
244997
244957
245041
244641
245275
244039
245353
244450
245198
244445
244709
244910
245199
245029
244754
243763
244967
244531
244771
243887
245041
245059
244763
244362
245155
244774
243687
245806
244469
245415
244557
244233
244520
245732
244383
244622
244275
244341
244649
245358
244155
244484
244960
244749
244018
245202
244258
244827
245233
244083
245343
244648
244584
245036
245060
245345
244430
244858
244688
244863
244842
244574
245496
245531
244539
245258
244594
244330
245362
244413
245233
243945
244074
244943
244849
245039
243967
244687
244752
244323
244585
244434
245361
245442
245367
244093
244826
244442
244797
244597
244793
244119
245168
244921
245296
245436
244583
244780
244959
244991
244834
245102
244503
244542
245912
244684
244551
244876
244465
244418
245009
243646
245004
245404
244481
244942
244922
245037
244295
244947
245127
244186
245164
245007
244095
244036
244295
244240
245691
244411
245485
244524
244623
244947
243300
244175
244898
245669
244761
244899
243869
244540
244502
244954
244562
244281
245400
245284
244334
245650
244813
244744
244281
244174
244974
244998
244942
244711
245385
244452
243869
244197
244621
244873
245042
244243
245001
244635
244460
245020
244211
246370
245544
244851
244840
244943
245318
244729
244448
244754
244393
245048
244633
245064
245225
244772
245542
245089
245452
244385
245267
244548
245006
244599
244284
244791
243892
245175
244945
245216
245507
244639
245045
245401
244366
245246
244495
244983
244745
244248
244478
244814
244495
244223
244699
244472
245217
245290
245604
244814
245917
244777
245461
244699
244578
243993
244915
244599
244538
244024
244385
244813
244949
245061
244898
245764
244068
244196
244986
244533
244601
244728
245313
244584
245326
244873
244918
243509
244458
244945
244161
244863
244752
245270
244553
245096
245642
245417
244368
244970
245409
243988
244834
245036
244779
244344
245961
244814
244544
245114
244853
244129
244533
245523
245042
244882
245000
244440
245269
245214
244632
244060
245336
245449
245224
243995
245213
244087
244880
245235
245125
244508
244846
245647
244263
244618
245042
244733
244492
244484
244632
245411
244476
244270
244134
244701
244299
245078
244431
245260
244561
244401
245099
245392
245151
245370
244547
244213
245264
244112
244971
244175
245019
244737
245242
244633
244664
244098
244635
245243
244563
243834
244041
244555
245441
245340
244500
244837
244985
245044
245012
244743
245046
244795
244834
243830
245402
244732
244681
245036
245151
244477
244428
245167
244422
244700
245305
245224
245118
244686
244331
245486
244754
244941
244381
245304
245121
244644
245213
244744
244188
244661
245205
244064
244490
245065
244895
244388
245050
244973
244565
244523
244861
244516
