338013
338920
338168
338277
338659
338789
338500
338106
338237
338403
338096
339176
337962
338064
338483
338230
338456
338221
338663
337540
337850
338513
338094
337791
338118
338405
339437
338115
338233
337922
338051
338013
338357
338142
338151
338877
338304
338513
339262
338510
338100
337566
337936
338063
337745
337323
337860
337615
338160
338982
339458
337546
338844
337609
338120
338784
337540
338325
338126
338236
338146
337460
338098
338849
337884
338190
337870
337525
338465
338470
337671
337653
338764
338148
338191
338320
337372
338650
337842
338743
338416
339188
337605
338161
338530
338695
337717
338384
338375
338112
338321
338121
338022
339123
337601
338821
338595
338378
338233
337508
338032
338737
338306
338174
338223
338159
338009
338687
338149
338264
338359
338570
337552
337673
336997
337849
338180
338141
338671
338252
338866
337793
338377
337566
337628
338178
338436
338541
338273
337976
337539
337987
338212
337595
338339
337802
338067
338471
337618
338048
338097
337838
338304
337834
337391
337909
337801
337953
338482
338171
338185
337998
337805
337814
338573
338733
338748
338291
337908
338346
338340
338740
338219
337861
338302
338398
338741
338788
338204
338369
337709
338518
337840
338631
338543
337835
338362
337937
337718
338680
339017
337802
338000
338518
338041
337264
338707
338255
337737
337910
338517
338511
338012
338016
337930
337971
337184
337726
338126
338882
338356
339203
337562
338533
338522
338393
337952
338643
338506
337712
339017
338853
337574
337837
337632
338349
337700
339026
338614
339153
338056
338893
338236
337971
337549
338015
338313
337999
337153
338077
338257
338183
338276
338455
337825
338320
338339
338054
337708
338181
337408
338368
338021
338026
338309
338120
338317
338109
338061
337767
339198
338394
338416
337622
338526
339096
337513
338143
338692
338158
338545
338433
337571
338754
337671
338134
338409
338236
338134
338598
337738
338821
338151
338563
338431
338774
338274
338505
337642
338854
337644
338475
338449
337968
338585
339426
337879
338714
338024
338828
338693
338351
338208
336968
338271
338582
339030
338573
338435
338674
338726
338984
338473
338687
338248
338014
337971
337455
338033
338281
337804
338539
338348
338753
338233
338366
338228
338524
338125
337988
337287
338651
337224
338644
337947
338739
338207
337424
338260
338278
338172
338212
338250
337622
338700
338681
337814
338996
338275
338368
338468
337385
338403
337843
338715
337655
338203
338200
338451
337987
338607
337984
339694
339210
338500
337822
337600
338689
338621
338546
338096
338397
338022
338355
338634
338766
338023
338096
338902
338123
338149
338563
338238
337877
338018
337772
338025
338126
338204
337493
337832
338695
338119
337448
337995
337878
337902
339059
337613
338416
338605
336459
338540
337823
338215
338358
338329
337718
338084
338251
338773
337836
337670
337617
338474
338065
337855
337886
337408
338001
338814
338815
337824
338732
338786
337839
339273
338621
338435
338916
339198
338080
338443
337978
337838
338664
338280
338274
338447
337555
338616
338158
338184
337967
338535
338822
338205
338503
338323
338558
338379
338741
337704
337865
338675
338685
337315
338534
337814
337394
338638
338577
338654
338211
338209
338066
338051
338459
338806
337777
338107
338542
339301
338557
337951
337469
338332
338603
337705
338295
337648
339208
338718
337653
337727
337892
338605
337528
338023
337766
338556
338516
337531
338307
337988
338262
338833
337337
339059
338460
338862
338026
337763
338403
338793
338244
337927
337060
338482
338266
339335
338445
338704
338119
338781
339110
338975
338429
338049
337972
338157
338522
339765
337915
338148
338335
338878
338075
338719
337916
338219
338261
338165
337001
338110
337176
337594
337714
338841
338793
338086
338559
338252
337708
337993
338712
338110
338255
338095
337487
337908
338634
337691
338319
338407
338359
337935
338719
338104
337955
339179
338214
337911
338399
337799
337864
338673
338349
338969
338060
337966
338198
338859
337927
339207
338449
338150
338286
337293
338803
338150
339098
338428
338368
337850
337966
337483
339028
337533
338091
337875
337515
337478
338187
338532
338122
338049
338221
338898
338610
338530
337606
338280
338240
338301
338703
338438
337812
338883
338115
338204
338158
337988
337281
338414
338161
339022
338333
338030
338149
338367
337601
337848
337598
337286
337611
338295
337801
338916
338656
338686
338022
338104
337899
339331
337965
338395
337987
339439
338536
338121
338874
338150
337920
338420
338737
338917
338045
338695
339181
338499
338375
338482
338521
338286
339087
337807
338608
337801
337770
339228
337841
338455
338843
338282
337961
337588
338541
337711
338032
338652
338521
338204
338760
337928
338507
338783
338348
338970
338173
337173
337503
337740
337618
337886
337800
338184
338696
338641
337825
338001
338053
338070
338605
338056
338093
338626
338421
338484
338750
338073
338440
338390
338398
338457
337757
337688
337796
337611
338490
337295
337793
338692
338855
338648
337445
338116
338204
337693
337476
338015
337804
339158
338266
336983
338060
338720
337862
337831
338508
338447
337963
337690
338180
338461
338525
337661
338362
337999
337852
338095
338618
338134
338486
339216
338090
337194
339090
338097
337827
337727
338010
339079
337913
339373
337982
338051
337378
338198
339231
338620
338765
337706
338997
338747
338383
338780
338521
336823
337978
338771
338236
338110
338451
338065
337796
337872
337882
338503
337934
337765
337541
338750
338516
338288
338094
338473
338186
338522
338225
338762
337863
338438
338287
337906
338266
337940
339230
337846
337634
338449
338068
337792
338113
338264
338030
338336
337447
338606
339252
337780
338408
338246
337552
338244
338303
338233
338680
338720
338427
338572
338303
338142
338236
337665
338282
337358
338494
338566
338462
338213
338295
338843
338240
338363
337776
338160
338484
338126
338694
337167
338794
338094
338699
339056
338405
337528
338497
338189
338283
338558
339086
338142
338533
338408
337600
339377
337363
338483
338460
337464
338745
338458
338300
338908
338399
338592
338207
338273
337773
339021
339158
337770
338287
338067
338365
338821
338592
337881
338782
338334
338405
337872
337970
338271
338584
337923
338756
337762
338347
339458
338335
337911
338016
337965
337843
338714
338130
338238
338081
337854
338086
336974
338129
338895
339015
338125
337700
338177
338969
337817
338265
338369
338292
338120
338457
337683
338370
338024
338896
338431
338740
338270
338933
338102
339041
338644
338090
338722
338643
338879
338004
337991
338408
338129
337987
338101
337599
338159
338398
338514
337996
338347
338188
338090
338037
337723
339001
337697
337942
337890
337888
338248
339228
338105
338365
338198
337747
338217
337830
338012
337536
338353
338930
337681
338273
338282
338598
338423
338132
338494
338167
338067
338829
338700
337367
338174
337891
338029
338104
338377
338040
336836
338278
337901
338872
339136
338106
338284
338569
338385
338009
337938
337951
338725
338193
338975
337884
337886
338862
338433
337718
338008
338188
339138
338686
337862
339009
338395
338642
