607689
608101
608511
607253
608186
608518
607599
607923
607647
607584
607359
608855
608273
607699
608266
607900
608997
608723
608291
607556
608292
608207
607664
607982
608005
608316
607861
608583
608508
607943
608268
607366
608305
607800
608129
608435
607519
607201
607888
608221
608191
608513
607559
608485
608364
608514
607813
607999
607917
608398
608002
608615
607716
608928
607271
607620
608139
608363
608636
607492
608285
608156
608592
607336
608056
608343
607232
607916
607419
607568
607575
608384
608475
608199
609537
608401
607377
607709
608240
608398
608685
607500
608026
607863
608183
608743
607726
607441
607064
608101
608165
608248
607852
608364
607122
607269
607100
607779
608237
608088
608182
608228
608473
607922
607193
608415
608035
608738
607348
607942
608070
608267
607749
608261
606980
607897
608475
607354
608267
608114
607987
608552
607950
607712
608157
607339
609235
608105
608605
608399
607818
607919
607149
607827
607893
608561
607758
608336
607707
607620
608825
608516
608286
607699
607435
607807
608754
608333
608493
608141
608115
608496
608740
608612
608091
608197
608335
607975
608485
609066
608033
608047
607687
608422
608570
607873
608255
607655
607924
609294
608295
607823
608305
607534
608142
608321
608383
608634
609198
607650
607463
607844
608148
608262
607982
608702
608723
608610
608041
607829
608696
607700
608355
607924
608597
608827
608143
608144
608019
606728
607913
607024
608226
608512
607251
608429
607906
607189
607693
608298
608272
608202
608627
607739
608051
609323
608373
607980
607357
607697
608561
608281
607514
609250
608636
607189
608878
608282
608261
608285
608542
608167
607900
607778
608106
608134
608920
607803
608522
607699
607640
607752
608552
608406
607966
607710
608418
607674
608590
608012
608059
608123
608184
609087
608073
608227
607453
608206
608292
608788
608893
607952
607853
607773
608621
608361
606943
608057
608441
608658
607135
608105
607792
607572
609175
607730
607827
607380
607501
607828
608398
608340
607538
608836
607635
607472
607743
608153
607888
608897
607981
608512
608362
607863
608742
608571
608175
607794
607732
607316
608380
607429
608446
608714
607663
608269
607309
608117
608334
607708
608094
608234
608799
607862
606920
608484
608194
607387
608968
607956
608194
608148
608258
607891
607283
607196
608244
608687
608438
608616
607588
608354
608024
607686
607479
608427
607676
607810
607883
609553
607927
607918
608280
607141
608077
607592
608145
607727
607222
607891
608198
607792
607894
608250
608780
608349
608725
607431
608593
608546
608198
607988
608447
607145
607149
607986
608073
608001
607731
607540
608631
608155
607823
608009
607519
608926
607737
607744
608298
608105
607458
608226
608101
608575
608138
607706
608185
608070
607547
608268
606938
607873
606760
608057
608290
607854
608169
608171
608128
608296
608463
608380
607844
608105
608190
607804
609046
608353
608222
608291
607709
607541
608101
609013
608475
607830
607730
608857
608113
607995
607381
608108
607806
608035
607936
608678
608110
607815
608147
608066
607875
607914
607231
608071
607833
607965
608780
607946
607994
607780
607631
608289
608152
607511
608221
608085
608827
608510
607914
608574
608616
608141
608186
608113
608424
608188
608144
607613
607034
607923
607726
608560
608337
607711
607984
608165
607540
607712
607676
608297
608493
608721
607571
607698
608578
607930
607972
608216
607361
608292
608210
607736
607542
608142
608152
608356
608421
608448
608018
607866
608602
609180
608147
608944
608486
608926
608138
608147
607850
608504
607510
608044
608665
607345
608359
607530
607304
608128
608512
607372
608428
609500
608076
608851
607943
607731
608276
608350
607351
607928
607764
608368
608163
607458
608075
607852
609191
608107
607895
608671
608931
607346
608179
607642
608252
607982
607670
608062
608301
608701
607690
608843
607219
608734
608526
608284
607798
608625
608673
607927
609531
607822
608020
608280
607875
608287
608519
607766
608279
608355
607105
608181
608330
608501
608063
608558
607872
608038
608664
607444
607813
607914
607828
607573
609436
609108
607569
607558
608554
607553
607278
607442
608510
607814
608138
607067
608106
608517
607172
608352
608683
608394
608484
607808
607137
608506
607245
608072
607955
608100
608134
607734
607941
607787
607714
608569
608596
607859
608168
608074
608413
608462
608215
608134
608211
607855
607651
607497
608006
608359
607553
606648
607800
608666
608599
607182
607959
607746
608313
607546
608324
608771
608068
607480
607318
608198
607931
608613
608480
608151
608309
607613
608021
608126
607427
607919
607845
608896
607690
607883
608610
607646
609237
608542
608247
608400
608645
608996
607785
607843
608172
608625
608195
608186
608160
607625
608069
609039
608695
608600
608554
608044
607758
607984
607817
607304
609021
607648
608229
608513
609072
607941
608601
608730
607665
608096
607761
607394
608635
608415
608197
607119
608834
607496
608023
608384
608210
607735
607418
609313
608650
608792
607679
608183
607850
608661
607858
608775
608288
607902
607313
608593
608569
608826
608739
608236
607658
607492
608485
608351
607950
607831
608239
608017
607895
607676
609155
607694
607734
608221
608440
607759
607332
607987
609030
608333
607254
607970
608110
607772
607898
608076
607922
607790
608096
608342
607100
608358
607815
607227
608874
608290
608371
608232
608724
607326
608412
607662
607774
608093
607544
608456
608542
608742
607076
607747
607881
607530
608194
607459
608495
608462
608336
608072
607768
607926
607740
608891
608815
608659
608233
607735
607996
607802
607440
608218
607814
607979
607954
607871
607886
607663
608030
607413
607987
608762
607950
607193
607737
607555
608153
608486
608597
608374
607606
608838
608608
608510
608174
608093
608811
608151
607710
608541
607276
608483
608138
607664
608066
607806
608257
607818
607926
608461
608423
608940
608161
607674
608931
608578
607981
608036
607855
608081
608736
607972
608552
607466
607759
607974
608004
608409
607666
609035
607942
607172
608434
607854
607968
608983
608083
607886
608527
607695
608160
608071
608258
607368
608231
606819
607677
607481
607983
608172
609086
607572
608032
608883
607730
608361
607363
608628
607559
607660
607515
608353
607820
608135
607457
607897
607352
608118
608390
608825
607459
607501
608543
607516
608563
607745
608267
608019
609411
608609
607551
608060
608652
607944
608831
608102
607661
607924
607276
607635
608027
607243
607680
608254
608649
607845
607198
607981
607683
608675
607608
608127
607768
607712
608196
608063
608482
608092
607771
608425
607467
608617
607567
607932
608273
607539
607682
608192
607020
608256
606980
608693
607716
608006
607708
606922
607988
607952
608002
608250
608679
607810
608009
607565
608525
608493
608121
608163
608263
606946
608015
607215
607354
607939
608060
608280
608088
608702
608472
608038
607284
608424
607595
608581
608115
607541
606812
607605
608618
608414
607182
608244
608917
607600
608188
607444
607943
608843
608116
608423
607074
607521
607826
607631
607977
607661
608041
607380
609055
608294
607651
608326
608229
608367
608124
608308
