516766
516588
516907
517521
517683
517521
516285
517443
516376
516258
517113
516521
517347
517002
516864
517194
517756
517480
516239
518090
516557
516422
516713
517173
517355
517811
517135
516978
516803
516744
516578
517487
516369
516320
517020
516538
516056
517452
516479
517617
517259
516954
516032
516903
516931
517574
516498
517167
516647
516845
517155
516542
516262
517306
517246
516790
516415
517643
517096
516668
517212
516989
516911
516273
517133
517780
517274
517340
517193
516481
517500
516987
516059
517062
517270
516552
517378
516520
517086
516968
517017
516967
516416
517390
517361
517740
516367
516801
516369
516150
517519
516629
517135
517208
516273
516876
517284
516958
516367
517373
516309
516672
516319
516505
517352
517186
516888
516672
516914
516103
516250
517396
516698
517211
516588
516499
516583
517077
517915
516933
516966
517649
515966
518331
516741
516960
517029
516235
517742
516584
517205
517600
515971
517426
516098
516132
517233
516908
517800
517870
516729
516954
516319
517212
516397
517961
517106
516976
516164
516145
515892
516457
517003
517205
516845
516756
517060
517020
516980
517064
516513
516635
516556
516776
516995
517418
516659
516353
516770
516899
516000
516161
516446
516690
516727
517460
515795
516785
516474
517220
517152
517926
515961
516610
516889
516205
516564
517248
517411
516534
517437
517577
516496
517488
516580
517329
517521
517222
516093
517266
516962
516695
517361
517799
516657
517336
517897
516383
516435
517699
517403
517872
516351
517430
516990
516622
517030
517321
517712
517972
516676
517134
516594
517331
516604
516294
516369
516656
516480
515858
516685
515925
516031
516726
516514
516257
516830
517289
517881
517346
516811
517244
516918
516159
516723
517066
516634
516642
516660
516133
517259
516578
516780
517430
516652
517020
515853
516749
517164
516407
516588
516681
516680
517859
516405
516781
516752
516285
516695
516903
516255
517396
517618
516533
517775
516547
516470
516937
516835
517132
516091
517207
517133
516092
516541
516893
516834
517106
516645
516750
516845
516423
516799
516205
516473
516528
516085
516850
517270
516794
516725
516950
516747
516550
517084
515915
516995
517071
517309
516989
517019
517099
517448
516963
518047
517054
517871
517039
515999
516272
516381
517435
517632
516987
516014
516223
516719
516928
516958
517522
517512
516989
516899
517009
516989
517384
517117
517138
516941
516024
517001
516504
517399
517103
517478
516701
517185
516343
517446
516976
517452
516571
516967
517012
517239
516857
517286
516770
516703
517855
517820
516987
517219
516414
516396
516708
516820
518072
516662
517414
517151
516223
517171
517198
516973
516881
517642
516422
516381
516387
516433
516245
516694
517042
516021
517074
516210
517594
516567
516730
517144
517225
517706
517232
516163
517750
516808
517206
517365
517637
517147
516648
516568
517492
516900
516448
517489
516508
517107
517010
516735
516370
517720
516394
516942
517066
517149
516072
516399
517847
517516
517425
516271
516758
517479
516354
516831
516422
518040
517043
515598
516473
516744
516500
516417
517377
517124
517067
517628
516251
516627
516986
517181
517276
516452
516885
517297
516030
516126
517361
517058
517675
516404
517025
517122
516728
516619
517441
516698
516876
517238
517738
516266
517776
517130
516900
517257
516530
516633
516825
516798
517078
515840
517492
516877
516747
518006
516914
516598
517027
517610
516351
517000
517239
516747
517284
516326
516789
516167
515569
517276
516302
517734
516590
517316
516406
517294
517646
516284
517058
516914
516869
517084
517109
517022
517276
516270
517315
516353
517190
516142
516827
516487
517679
515930
516609
517131
516361
517025
516952
517029
516406
516659
517429
516591
516951
517005
516220
517016
517084
516776
517236
517242
517110
517517
516913
517704
516114
516555
516798
516743
516290
517695
516735
516432
516420
517114
517939
517221
517299
516474
516236
516855
516871
517381
516776
516753
515923
517518
516940
517241
516852
516824
517083
517210
517580
516605
516793
517215
516632
517213
516962
517251
517529
516945
517219
517019
517675
516633
516879
517055
516706
517509
516967
517020
517182
516954
516609
516237
516724
517092
517566
516502
518267
516905
517382
516957
517055
517335
516888
517408
516387
516709
517432
517293
517065
517006
517205
516943
515930
516741
517758
516155
516888
516750
516903
517078
517312
516881
517676
517450
517112
517210
516514
516147
516669
516561
516654
517100
516757
516735
516228
516757
517078
516504
516881
517063
516602
517522
516777
516908
516898
517081
516299
515983
516073
516913
516232
516181
517776
516527
517310
516817
516420
516695
516609
515801
517069
516811
516939
516666
517567
517102
516395
517000
515920
516792
516143
517847
517157
515780
517090
516552
517262
517465
516410
516744
516791
517300
517040
517705
516615
516803
516107
516303
517136
516722
517010
517414
517017
517228
516042
516969
516252
516920
517379
516998
516494
516643
517406
516139
517160
517332
517262
517180
516680
515210
517501
516747
516552
516433
516807
515611
517284
517226
517137
516997
517107
515794
517304
517042
516208
516978
516294
517081
516531
516907
517829
516825
516787
516965
517861
517368
516462
517136
517491
517219
516522
516101
515973
517432
516824
516613
516556
516694
516876
516932
516268
517766
517122
517694
516672
516637
517102
517128
516008
517257
517449
517181
516631
517828
518364
516140
517054
517661
516891
517083
516699
517059
516248
515884
516927
517579
517819
516765
517044
516240
517391
517066
517338
516264
516604
516895
516702
517163
517264
517759
516251
516957
516968
516885
517079
517228
516807
516069
517383
516823
516148
516935
517339
517810
516307
516525
517668
517103
516099
516712
517166
517668
517199
516549
516636
517046
517010
517222
516820
516855
515961
517180
517172
517233
515880
516238
515752
516856
517633
517385
516462
516975
516142
517933
516774
516872
516845
516553
516501
516562
516193
517433
516842
516622
516733
516926
517549
516724
516766
516787
517635
516541
517218
516368
517104
517289
516415
517058
516307
516487
516439
516749
516988
515913
516862
517042
517623
517086
517199
516462
516613
516494
517069
516327
517536
516032
516339
517772
516898
517199
517425
517717
516674
517268
517154
516559
516662
516370
516245
516408
516611
516771
517259
517493
516077
515919
517054
516529
516293
516842
517464
517424
517049
517873
516967
517814
517059
516495
517806
516449
517120
517282
517177
516388
516704
517609
516139
517103
516287
516729
516598
517473
517530
516885
516782
517642
516749
517513
518038
516703
517072
516453
517021
517515
516023
516926
516452
516039
517454
517127
516326
516933
517201
517699
517364
516035
517651
516741
515754
516780
517646
517212
516276
516446
517007
516019
516946
517100
517410
517471
517054
516235
516897
516557
516976
516213
517015
517219
516688
516938
516322
516296
517121
517083
516421
516739
516452
516648
517226
516064
516938
516861
516866
517345
517124
517464
515811
516601
516404
516601
517767
517026
516940
516756
517156
517954
516568
516906
516740
517240
516598
517012
517678
