0.000000, 0.000000, 0.000000, 0.361580
0.000000, 0.000000, 0.100000, 0.358490
0.000000, 0.000000, 0.200000, 0.353470
0.000000, 0.000000, 0.300000, 0.345460
0.000000, 0.000000, 0.400000, 0.335060
0.000000, 0.000000, 0.500000, 0.325440
0.000000, 0.000000, 0.600000, 0.306770
0.000000, 0.000000, 0.700000, 0.292910
0.000000, 0.000000, 0.800000, 0.275230
0.000000, 0.000000, 0.900000, 0.252140
0.000000, 0.000000, 1.000000, 0.228830
0.000000, 0.000000, 1.100000, 0.206650
0.000000, 0.000000, 1.200000, 0.183610
0.000000, 0.000000, 1.300000, 0.160290
0.000000, 0.000000, 1.400000, 0.132650
0.000000, 0.000000, 1.500000, 0.110340
0.000000, 0.000000, 1.600000, 0.087270
0.000000, 0.000000, 1.700000, 0.064150
0.000000, 0.000000, 1.800000, 0.042000
0.000000, 0.000000, 1.900000, 0.020710
0.000000, 0.000000, 2.000000, 0.000000
0.000000, 0.100000, 0.000000, 0.359590
0.000000, 0.100000, 0.100000, 0.357610
0.000000, 0.100000, 0.200000, 0.351690
0.000000, 0.100000, 0.300000, 0.346240
0.000000, 0.100000, 0.400000, 0.337190
0.000000, 0.100000, 0.500000, 0.324270
0.000000, 0.100000, 0.600000, 0.309280
0.000000, 0.100000, 0.700000, 0.292660
0.000000, 0.100000, 0.800000, 0.273440
0.000000, 0.100000, 0.900000, 0.254430
0.000000, 0.100000, 1.000000, 0.231660
0.000000, 0.100000, 1.100000, 0.208190
0.000000, 0.100000, 1.200000, 0.182570
0.000000, 0.100000, 1.300000, 0.157440
0.000000, 0.100000, 1.400000, 0.135630
0.000000, 0.100000, 1.500000, 0.111380
0.000000, 0.100000, 1.600000, 0.085710
0.000000, 0.100000, 1.700000, 0.063740
0.000000, 0.100000, 1.800000, 0.042130
0.000000, 0.100000, 1.900000, 0.020240
0.000000, 0.100000, 2.000000, 0.000000
0.000000, 0.200000, 0.000000, 0.358720
0.000000, 0.200000, 0.100000, 0.360940
0.000000, 0.200000, 0.200000, 0.355040
0.000000, 0.200000, 0.300000, 0.349460
0.000000, 0.200000, 0.400000, 0.340190
0.000000, 0.200000, 0.500000, 0.324160
0.000000, 0.200000, 0.600000, 0.310200
0.000000, 0.200000, 0.700000, 0.292560
0.000000, 0.200000, 0.800000, 0.273900
0.000000, 0.200000, 0.900000, 0.255650
0.000000, 0.200000, 1.000000, 0.232450
0.000000, 0.200000, 1.100000, 0.209170
0.000000, 0.200000, 1.200000, 0.183930
0.000000, 0.200000, 1.300000, 0.158330
0.000000, 0.200000, 1.400000, 0.134350
0.000000, 0.200000, 1.500000, 0.110230
0.000000, 0.200000, 1.600000, 0.086180
0.000000, 0.200000, 1.700000, 0.063620
0.000000, 0.200000, 1.800000, 0.040680
0.000000, 0.200000, 1.900000, 0.020480
0.000000, 0.200000, 2.000000, 0.000000
0.000000, 0.300000, 0.000000, 0.360420
0.000000, 0.300000, 0.100000, 0.357370
0.000000, 0.300000, 0.200000, 0.353470
0.000000, 0.300000, 0.300000, 0.347860
0.000000, 0.300000, 0.400000, 0.337580
0.000000, 0.300000, 0.500000, 0.322950
0.000000, 0.300000, 0.600000, 0.307420
0.000000, 0.300000, 0.700000, 0.292760
0.000000, 0.300000, 0.800000, 0.273550
0.000000, 0.300000, 0.900000, 0.252560
0.000000, 0.300000, 1.000000, 0.230850
0.000000, 0.300000, 1.100000, 0.207730
0.000000, 0.300000, 1.200000, 0.181170
0.000000, 0.300000, 1.300000, 0.160140
0.000000, 0.300000, 1.400000, 0.133540
0.000000, 0.300000, 1.500000, 0.110700
0.000000, 0.300000, 1.600000, 0.086300
0.000000, 0.300000, 1.700000, 0.063650
0.000000, 0.300000, 1.800000, 0.041450
0.000000, 0.300000, 1.900000, 0.021040
0.000000, 0.300000, 2.000000, 0.000000
0.000000, 0.400000, 0.000000, 0.360670
0.000000, 0.400000, 0.100000, 0.358360
0.000000, 0.400000, 0.200000, 0.353770
0.000000, 0.400000, 0.300000, 0.347610
0.000000, 0.400000, 0.400000, 0.336600
0.000000, 0.400000, 0.500000, 0.322310
0.000000, 0.400000, 0.600000, 0.310500
0.000000, 0.400000, 0.700000, 0.295100
0.000000, 0.400000, 0.800000, 0.275040
0.000000, 0.400000, 0.900000, 0.252100
0.000000, 0.400000, 1.000000, 0.231430
0.000000, 0.400000, 1.100000, 0.208050
0.000000, 0.400000, 1.200000, 0.183250
0.000000, 0.400000, 1.300000, 0.157990
0.000000, 0.400000, 1.400000, 0.134360
0.000000, 0.400000, 1.500000, 0.110850
0.000000, 0.400000, 1.600000, 0.085060
0.000000, 0.400000, 1.700000, 0.064230
0.000000, 0.400000, 1.800000, 0.042240
0.000000, 0.400000, 1.900000, 0.020900
0.000000, 0.400000, 2.000000, 0.000000
0.000000, 0.500000, 0.000000, 0.360370
0.000000, 0.500000, 0.100000, 0.357180
0.000000, 0.500000, 0.200000, 0.354960
0.000000, 0.500000, 0.300000, 0.345840
0.000000, 0.500000, 0.400000, 0.336750
0.000000, 0.500000, 0.500000, 0.326840
0.000000, 0.500000, 0.600000, 0.308100
0.000000, 0.500000, 0.700000, 0.291890
0.000000, 0.500000, 0.800000, 0.275400
0.000000, 0.500000, 0.900000, 0.251650
0.000000, 0.500000, 1.000000, 0.233180
0.000000, 0.500000, 1.100000, 0.207160
0.000000, 0.500000, 1.200000, 0.182740
0.000000, 0.500000, 1.300000, 0.155930
0.000000, 0.500000, 1.400000, 0.131970
0.000000, 0.500000, 1.500000, 0.111250
0.000000, 0.500000, 1.600000, 0.087230
0.000000, 0.500000, 1.700000, 0.064220
0.000000, 0.500000, 1.800000, 0.042500
0.000000, 0.500000, 1.900000, 0.021160
0.000000, 0.500000, 2.000000, 0.000000
0.000000, 0.600000, 0.000000, 0.362900
0.000000, 0.600000, 0.100000, 0.358390
0.000000, 0.600000, 0.200000, 0.352780
0.000000, 0.600000, 0.300000, 0.349150
0.000000, 0.600000, 0.400000, 0.338620
0.000000, 0.600000, 0.500000, 0.326780
0.000000, 0.600000, 0.600000, 0.308340
0.000000, 0.600000, 0.700000, 0.293460
0.000000, 0.600000, 0.800000, 0.275060
0.000000, 0.600000, 0.900000, 0.252210
0.000000, 0.600000, 1.000000, 0.231590
0.000000, 0.600000, 1.100000, 0.206920
0.000000, 0.600000, 1.200000, 0.184860
0.000000, 0.600000, 1.300000, 0.159090
0.000000, 0.600000, 1.400000, 0.134800
0.000000, 0.600000, 1.500000, 0.109290
0.000000, 0.600000, 1.600000, 0.087370
0.000000, 0.600000, 1.700000, 0.063930
0.000000, 0.600000, 1.800000, 0.041510
0.000000, 0.600000, 1.900000, 0.020510
0.000000, 0.600000, 2.000000, 0.000000
0.000000, 0.700000, 0.000000, 0.356030
0.000000, 0.700000, 0.100000, 0.359380
0.000000, 0.700000, 0.200000, 0.353480
0.000000, 0.700000, 0.300000, 0.347150
0.000000, 0.700000, 0.400000, 0.335150
0.000000, 0.700000, 0.500000, 0.325150
0.000000, 0.700000, 0.600000, 0.312920
0.000000, 0.700000, 0.700000, 0.292520
0.000000, 0.700000, 0.800000, 0.275190
0.000000, 0.700000, 0.900000, 0.250640
0.000000, 0.700000, 1.000000, 0.230760
0.000000, 0.700000, 1.100000, 0.208200
0.000000, 0.700000, 1.200000, 0.182440
0.000000, 0.700000, 1.300000, 0.159220
0.000000, 0.700000, 1.400000, 0.131450
0.000000, 0.700000, 1.500000, 0.111630
0.000000, 0.700000, 1.600000, 0.086540
0.000000, 0.700000, 1.700000, 0.063780
0.000000, 0.700000, 1.800000, 0.042900
0.000000, 0.700000, 1.900000, 0.021190
0.000000, 0.700000, 2.000000, 0.000000
0.000000, 0.800000, 0.000000, 0.362790
0.000000, 0.800000, 0.100000, 0.354210
0.000000, 0.800000, 0.200000, 0.353760
0.000000, 0.800000, 0.300000, 0.347810
0.000000, 0.800000, 0.400000, 0.336310
0.000000, 0.800000, 0.500000, 0.325160
0.000000, 0.800000, 0.600000, 0.308970
0.000000, 0.800000, 0.700000, 0.297010
0.000000, 0.800000, 0.800000, 0.272860
0.000000, 0.800000, 0.900000, 0.253810
0.000000, 0.800000, 1.000000, 0.231290
0.000000, 0.800000, 1.100000, 0.206640
0.000000, 0.800000, 1.200000, 0.181840
0.000000, 0.800000, 1.300000, 0.158040
0.000000, 0.800000, 1.400000, 0.134420
0.000000, 0.800000, 1.500000, 0.110810
0.000000, 0.800000, 1.600000, 0.087020
0.000000, 0.800000, 1.700000, 0.064060
0.000000, 0.800000, 1.800000, 0.041510
0.000000, 0.800000, 1.900000, 0.020070
0.000000, 0.800000, 2.000000, 0.000000
0.000000, 0.900000, 0.000000, 0.358600
0.000000, 0.900000, 0.100000, 0.359590
0.000000, 0.900000, 0.200000, 0.351590
0.000000, 0.900000, 0.300000, 0.344700
0.000000, 0.900000, 0.400000, 0.339090
0.000000, 0.900000, 0.500000, 0.323690
0.000000, 0.900000, 0.600000, 0.310400
0.000000, 0.900000, 0.700000, 0.291930
0.000000, 0.900000, 0.800000, 0.272180
0.000000, 0.900000, 0.900000, 0.250640
0.000000, 0.900000, 1.000000, 0.228620
0.000000, 0.900000, 1.100000, 0.207180
0.000000, 0.900000, 1.200000, 0.182400
0.000000, 0.900000, 1.300000, 0.158830
0.000000, 0.900000, 1.400000, 0.133320
0.000000, 0.900000, 1.500000, 0.110720
0.000000, 0.900000, 1.600000, 0.085160
0.000000, 0.900000, 1.700000, 0.065360
0.000000, 0.900000, 1.800000, 0.041250
0.000000, 0.900000, 1.900000, 0.019790
0.000000, 0.900000, 2.000000, 0.000000
0.000000, 1.000000, 0.000000, 0.361000
0.000000, 1.000000, 0.100000, 0.359150
0.000000, 1.000000, 0.200000, 0.354310
0.000000, 1.000000, 0.300000, 0.343910
0.000000, 1.000000, 0.400000, 0.338110
0.000000, 1.000000, 0.500000, 0.326510
0.000000, 1.000000, 0.600000, 0.310720
0.000000, 1.000000, 0.700000, 0.295230
0.000000, 1.000000, 0.800000, 0.273580
0.000000, 1.000000, 0.900000, 0.254260
0.000000, 1.000000, 1.000000, 0.231410
0.000000, 1.000000, 1.100000, 0.209010
0.000000, 1.000000, 1.200000, 0.183280
0.000000, 1.000000, 1.300000, 0.158940
0.000000, 1.000000, 1.400000, 0.132650
0.000000, 1.000000, 1.500000, 0.110360
0.000000, 1.000000, 1.600000, 0.085140
0.000000, 1.000000, 1.700000, 0.064890
0.000000, 1.000000, 1.800000, 0.040850
0.000000, 1.000000, 1.900000, 0.020170
0.000000, 1.000000, 2.000000, 0.000000
0.250000, 0.000000, 0.000000, 0.367720
0.250000, 0.000000, 0.100000, 0.364630
0.250000, 0.000000, 0.200000, 0.362860
0.250000, 0.000000, 0.300000, 0.358630
0.250000, 0.000000, 0.400000, 0.348110
0.250000, 0.000000, 0.500000, 0.333410
0.250000, 0.000000, 0.600000, 0.320100
0.250000, 0.000000, 0.700000, 0.300960
0.250000, 0.000000, 0.800000, 0.281640
0.250000, 0.000000, 0.900000, 0.260650
0.250000, 0.000000, 1.000000, 0.234640
0.250000, 0.000000, 1.100000, 0.211850
0.250000, 0.000000, 1.200000, 0.184790
0.250000, 0.000000, 1.300000, 0.162460
0.250000, 0.000000, 1.400000, 0.135990
0.250000, 0.000000, 1.500000, 0.111150
0.250000, 0.000000, 1.600000, 0.087960
0.250000, 0.000000, 1.700000, 0.064300
0.250000, 0.000000, 1.800000, 0.043220
0.250000, 0.000000, 1.900000, 0.020960
0.250000, 0.000000, 2.000000, 0.000000
0.250000, 0.100000, 0.000000, 0.371260
0.250000, 0.100000, 0.100000, 0.365340
0.250000, 0.100000, 0.200000, 0.360380
0.250000, 0.100000, 0.300000, 0.354500
0.250000, 0.100000, 0.400000, 0.349300
0.250000, 0.100000, 0.500000, 0.336120
0.250000, 0.100000, 0.600000, 0.317810
0.250000, 0.100000, 0.700000, 0.299530
0.250000, 0.100000, 0.800000, 0.284840
0.250000, 0.100000, 0.900000, 0.260790
0.250000, 0.100000, 1.000000, 0.236450
0.250000, 0.100000, 1.100000, 0.211180
0.250000, 0.100000, 1.200000, 0.185350
0.250000, 0.100000, 1.300000, 0.159490
0.250000, 0.100000, 1.400000, 0.136410
0.250000, 0.100000, 1.500000, 0.111000
0.250000, 0.100000, 1.600000, 0.087470
0.250000, 0.100000, 1.700000, 0.064520
0.250000, 0.100000, 1.800000, 0.041480
0.250000, 0.100000, 1.900000, 0.020360
0.250000, 0.100000, 2.000000, 0.000000
0.250000, 0.200000, 0.000000, 0.369870
0.250000, 0.200000, 0.100000, 0.366800
0.250000, 0.200000, 0.200000, 0.362850
0.250000, 0.200000, 0.300000, 0.354370
0.250000, 0.200000, 0.400000, 0.350030
0.250000, 0.200000, 0.500000, 0.332890
0.250000, 0.200000, 0.600000, 0.316200
0.250000, 0.200000, 0.700000, 0.300060
0.250000, 0.200000, 0.800000, 0.280680
0.250000, 0.200000, 0.900000, 0.258020
0.250000, 0.200000, 1.000000, 0.235610
0.250000, 0.200000, 1.100000, 0.211050
0.250000, 0.200000, 1.200000, 0.184510
0.250000, 0.200000, 1.300000, 0.159460
0.250000, 0.200000, 1.400000, 0.134670
0.250000, 0.200000, 1.500000, 0.111910
0.250000, 0.200000, 1.600000, 0.086480
0.250000, 0.200000, 1.700000, 0.065600
0.250000, 0.200000, 1.800000, 0.042750
0.250000, 0.200000, 1.900000, 0.020940
0.250000, 0.200000, 2.000000, 0.000000
0.250000, 0.300000, 0.000000, 0.366350
0.250000, 0.300000, 0.100000, 0.363830
0.250000, 0.300000, 0.200000, 0.363860
0.250000, 0.300000, 0.300000, 0.355300
0.250000, 0.300000, 0.400000, 0.344950
0.250000, 0.300000, 0.500000, 0.334260
0.250000, 0.300000, 0.600000, 0.318370
0.250000, 0.300000, 0.700000, 0.297820
0.250000, 0.300000, 0.800000, 0.281240
0.250000, 0.300000, 0.900000, 0.258920
0.250000, 0.300000, 1.000000, 0.236280
0.250000, 0.300000, 1.100000, 0.212210
0.250000, 0.300000, 1.200000, 0.185570
0.250000, 0.300000, 1.300000, 0.162870
0.250000, 0.300000, 1.400000, 0.136360
0.250000, 0.300000, 1.500000, 0.110910
0.250000, 0.300000, 1.600000, 0.087540
0.250000, 0.300000, 1.700000, 0.064920
0.250000, 0.300000, 1.800000, 0.042790
0.250000, 0.300000, 1.900000, 0.020750
0.250000, 0.300000, 2.000000, 0.000000
0.250000, 0.400000, 0.000000, 0.366590
0.250000, 0.400000, 0.100000, 0.365830
0.250000, 0.400000, 0.200000, 0.363230
0.250000, 0.400000, 0.300000, 0.356000
0.250000, 0.400000, 0.400000, 0.348120
0.250000, 0.400000, 0.500000, 0.336020
0.250000, 0.400000, 0.600000, 0.320060
0.250000, 0.400000, 0.700000, 0.299460
0.250000, 0.400000, 0.800000, 0.280930
0.250000, 0.400000, 0.900000, 0.259110
0.250000, 0.400000, 1.000000, 0.235750
0.250000, 0.400000, 1.100000, 0.210220
0.250000, 0.400000, 1.200000, 0.187500
0.250000, 0.400000, 1.300000, 0.160500
0.250000, 0.400000, 1.400000, 0.137460
0.250000, 0.400000, 1.500000, 0.110300
0.250000, 0.400000, 1.600000, 0.087140
0.250000, 0.400000, 1.700000, 0.063570
0.250000, 0.400000, 1.800000, 0.043200
0.250000, 0.400000, 1.900000, 0.020700
0.250000, 0.400000, 2.000000, 0.000000
0.250000, 0.500000, 0.000000, 0.369030
0.250000, 0.500000, 0.100000, 0.368640
0.250000, 0.500000, 0.200000, 0.365610
0.250000, 0.500000, 0.300000, 0.356320
0.250000, 0.500000, 0.400000, 0.348070
0.250000, 0.500000, 0.500000, 0.331430
0.250000, 0.500000, 0.600000, 0.318710
0.250000, 0.500000, 0.700000, 0.301580
0.250000, 0.500000, 0.800000, 0.283360
0.250000, 0.500000, 0.900000, 0.259770
0.250000, 0.500000, 1.000000, 0.237500
0.250000, 0.500000, 1.100000, 0.209540
0.250000, 0.500000, 1.200000, 0.183050
0.250000, 0.500000, 1.300000, 0.161460
0.250000, 0.500000, 1.400000, 0.135070
0.250000, 0.500000, 1.500000, 0.112220
0.250000, 0.500000, 1.600000, 0.087260
0.250000, 0.500000, 1.700000, 0.064650
0.250000, 0.500000, 1.800000, 0.042720
0.250000, 0.500000, 1.900000, 0.020330
0.250000, 0.500000, 2.000000, 0.000000
0.250000, 0.600000, 0.000000, 0.367740
0.250000, 0.600000, 0.100000, 0.365460
0.250000, 0.600000, 0.200000, 0.361580
0.250000, 0.600000, 0.300000, 0.356060
0.250000, 0.600000, 0.400000, 0.345350
0.250000, 0.600000, 0.500000, 0.333510
0.250000, 0.600000, 0.600000, 0.321410
0.250000, 0.600000, 0.700000, 0.300290
0.250000, 0.600000, 0.800000, 0.280150
0.250000, 0.600000, 0.900000, 0.258490
0.250000, 0.600000, 1.000000, 0.235430
0.250000, 0.600000, 1.100000, 0.211760
0.250000, 0.600000, 1.200000, 0.187350
0.250000, 0.600000, 1.300000, 0.161040
0.250000, 0.600000, 1.400000, 0.134740
0.250000, 0.600000, 1.500000, 0.111080
0.250000, 0.600000, 1.600000, 0.086530
0.250000, 0.600000, 1.700000, 0.064500
0.250000, 0.600000, 1.800000, 0.041440
0.250000, 0.600000, 1.900000, 0.020490
0.250000, 0.600000, 2.000000, 0.000000
0.250000, 0.700000, 0.000000, 0.368670
0.250000, 0.700000, 0.100000, 0.365960
0.250000, 0.700000, 0.200000, 0.363370
0.250000, 0.700000, 0.300000, 0.356950
0.250000, 0.700000, 0.400000, 0.350940
0.250000, 0.700000, 0.500000, 0.334110
0.250000, 0.700000, 0.600000, 0.316710
0.250000, 0.700000, 0.700000, 0.301070
0.250000, 0.700000, 0.800000, 0.279400
0.250000, 0.700000, 0.900000, 0.260450
0.250000, 0.700000, 1.000000, 0.235720
0.250000, 0.700000, 1.100000, 0.210580
0.250000, 0.700000, 1.200000, 0.185320
0.250000, 0.700000, 1.300000, 0.162320
0.250000, 0.700000, 1.400000, 0.136780
0.250000, 0.700000, 1.500000, 0.112430
0.250000, 0.700000, 1.600000, 0.087710
0.250000, 0.700000, 1.700000, 0.063520
0.250000, 0.700000, 1.800000, 0.042650
0.250000, 0.700000, 1.900000, 0.020340
0.250000, 0.700000, 2.000000, 0.000000
0.250000, 0.800000, 0.000000, 0.371200
0.250000, 0.800000, 0.100000, 0.366620
0.250000, 0.800000, 0.200000, 0.364230
0.250000, 0.800000, 0.300000, 0.355190
0.250000, 0.800000, 0.400000, 0.345340
0.250000, 0.800000, 0.500000, 0.335260
0.250000, 0.800000, 0.600000, 0.320750
0.250000, 0.800000, 0.700000, 0.301700
0.250000, 0.800000, 0.800000, 0.281740
0.250000, 0.800000, 0.900000, 0.257320
0.250000, 0.800000, 1.000000, 0.237700
0.250000, 0.800000, 1.100000, 0.212220
0.250000, 0.800000, 1.200000, 0.187850
0.250000, 0.800000, 1.300000, 0.159480
0.250000, 0.800000, 1.400000, 0.136810
0.250000, 0.800000, 1.500000, 0.111810
0.250000, 0.800000, 1.600000, 0.086820
0.250000, 0.800000, 1.700000, 0.063230
0.250000, 0.800000, 1.800000, 0.042030
0.250000, 0.800000, 1.900000, 0.021190
0.250000, 0.800000, 2.000000, 0.000000
0.250000, 0.900000, 0.000000, 0.368850
0.250000, 0.900000, 0.100000, 0.364640
0.250000, 0.900000, 0.200000, 0.365760
0.250000, 0.900000, 0.300000, 0.358090
0.250000, 0.900000, 0.400000, 0.345660
0.250000, 0.900000, 0.500000, 0.334920
0.250000, 0.900000, 0.600000, 0.319510
0.250000, 0.900000, 0.700000, 0.299980
0.250000, 0.900000, 0.800000, 0.282400
0.250000, 0.900000, 0.900000, 0.259890
0.250000, 0.900000, 1.000000, 0.237520
0.250000, 0.900000, 1.100000, 0.210300
0.250000, 0.900000, 1.200000, 0.183120
0.250000, 0.900000, 1.300000, 0.159760
0.250000, 0.900000, 1.400000, 0.136860
0.250000, 0.900000, 1.500000, 0.111720
0.250000, 0.900000, 1.600000, 0.085630
0.250000, 0.900000, 1.700000, 0.064910
0.250000, 0.900000, 1.800000, 0.040710
0.250000, 0.900000, 1.900000, 0.020510
0.250000, 0.900000, 2.000000, 0.000000
0.250000, 1.000000, 0.000000, 0.370250
0.250000, 1.000000, 0.100000, 0.366880
0.250000, 1.000000, 0.200000, 0.364790
0.250000, 1.000000, 0.300000, 0.355070
0.250000, 1.000000, 0.400000, 0.344900
0.250000, 1.000000, 0.500000, 0.331670
0.250000, 1.000000, 0.600000, 0.319800
0.250000, 1.000000, 0.700000, 0.297980
0.250000, 1.000000, 0.800000, 0.283130
0.250000, 1.000000, 0.900000, 0.260330
0.250000, 1.000000, 1.000000, 0.236380
0.250000, 1.000000, 1.100000, 0.212570
0.250000, 1.000000, 1.200000, 0.183480
0.250000, 1.000000, 1.300000, 0.161140
0.250000, 1.000000, 1.400000, 0.135520
0.250000, 1.000000, 1.500000, 0.109710
0.250000, 1.000000, 1.600000, 0.088010
0.250000, 1.000000, 1.700000, 0.064720
0.250000, 1.000000, 1.800000, 0.040780
0.250000, 1.000000, 1.900000, 0.021020
0.250000, 1.000000, 2.000000, 0.000000
0.500000, 0.000000, 0.000000, 0.397210
0.500000, 0.000000, 0.100000, 0.394910
0.500000, 0.000000, 0.200000, 0.387080
0.500000, 0.000000, 0.300000, 0.383800
0.500000, 0.000000, 0.400000, 0.369740
0.500000, 0.000000, 0.500000, 0.359320
0.500000, 0.000000, 0.600000, 0.344340
0.500000, 0.000000, 0.700000, 0.327490
0.500000, 0.000000, 0.800000, 0.303500
0.500000, 0.000000, 0.900000, 0.277540
0.500000, 0.000000, 1.000000, 0.250000
0.500000, 0.000000, 1.100000, 0.223410
0.500000, 0.000000, 1.200000, 0.195970
0.500000, 0.000000, 1.300000, 0.168970
0.500000, 0.000000, 1.400000, 0.140840
0.500000, 0.000000, 1.500000, 0.113590
0.500000, 0.000000, 1.600000, 0.089200
0.500000, 0.000000, 1.700000, 0.065250
0.500000, 0.000000, 1.800000, 0.042120
0.500000, 0.000000, 1.900000, 0.021290
0.500000, 0.000000, 2.000000, 0.000000
0.500000, 0.100000, 0.000000, 0.392560
0.500000, 0.100000, 0.100000, 0.395020
0.500000, 0.100000, 0.200000, 0.390080
0.500000, 0.100000, 0.300000, 0.381050
0.500000, 0.100000, 0.400000, 0.371240
0.500000, 0.100000, 0.500000, 0.359470
0.500000, 0.100000, 0.600000, 0.345280
0.500000, 0.100000, 0.700000, 0.325220
0.500000, 0.100000, 0.800000, 0.303980
0.500000, 0.100000, 0.900000, 0.278270
0.500000, 0.100000, 1.000000, 0.251260
0.500000, 0.100000, 1.100000, 0.223210
0.500000, 0.100000, 1.200000, 0.197180
0.500000, 0.100000, 1.300000, 0.166130
0.500000, 0.100000, 1.400000, 0.140600
0.500000, 0.100000, 1.500000, 0.113280
0.500000, 0.100000, 1.600000, 0.090250
0.500000, 0.100000, 1.700000, 0.064970
0.500000, 0.100000, 1.800000, 0.043100
0.500000, 0.100000, 1.900000, 0.020320
0.500000, 0.100000, 2.000000, 0.000000
0.500000, 0.200000, 0.000000, 0.395450
0.500000, 0.200000, 0.100000, 0.392180
0.500000, 0.200000, 0.200000, 0.386420
0.500000, 0.200000, 0.300000, 0.380000
0.500000, 0.200000, 0.400000, 0.368770
0.500000, 0.200000, 0.500000, 0.359260
0.500000, 0.200000, 0.600000, 0.342650
0.500000, 0.200000, 0.700000, 0.323840
0.500000, 0.200000, 0.800000, 0.303390
0.500000, 0.200000, 0.900000, 0.279090
0.500000, 0.200000, 1.000000, 0.253090
0.500000, 0.200000, 1.100000, 0.224340
0.500000, 0.200000, 1.200000, 0.195460
0.500000, 0.200000, 1.300000, 0.166210
0.500000, 0.200000, 1.400000, 0.139000
0.500000, 0.200000, 1.500000, 0.114590
0.500000, 0.200000, 1.600000, 0.088500
0.500000, 0.200000, 1.700000, 0.066300
0.500000, 0.200000, 1.800000, 0.041110
0.500000, 0.200000, 1.900000, 0.020090
0.500000, 0.200000, 2.000000, 0.000000
0.500000, 0.300000, 0.000000, 0.392870
0.500000, 0.300000, 0.100000, 0.394430
0.500000, 0.300000, 0.200000, 0.386800
0.500000, 0.300000, 0.300000, 0.384880
0.500000, 0.300000, 0.400000, 0.371960
0.500000, 0.300000, 0.500000, 0.361560
0.500000, 0.300000, 0.600000, 0.345470
0.500000, 0.300000, 0.700000, 0.324560
0.500000, 0.300000, 0.800000, 0.301720
0.500000, 0.300000, 0.900000, 0.277000
0.500000, 0.300000, 1.000000, 0.251670
0.500000, 0.300000, 1.100000, 0.223280
0.500000, 0.300000, 1.200000, 0.194790
0.500000, 0.300000, 1.300000, 0.169240
0.500000, 0.300000, 1.400000, 0.141570
0.500000, 0.300000, 1.500000, 0.113060
0.500000, 0.300000, 1.600000, 0.088130
0.500000, 0.300000, 1.700000, 0.065010
0.500000, 0.300000, 1.800000, 0.043280
0.500000, 0.300000, 1.900000, 0.021710
0.500000, 0.300000, 2.000000, 0.000000
0.500000, 0.400000, 0.000000, 0.394600
0.500000, 0.400000, 0.100000, 0.392920
0.500000, 0.400000, 0.200000, 0.385750
0.500000, 0.400000, 0.300000, 0.381060
0.500000, 0.400000, 0.400000, 0.372140
0.500000, 0.400000, 0.500000, 0.359530
0.500000, 0.400000, 0.600000, 0.345370
0.500000, 0.400000, 0.700000, 0.325920
0.500000, 0.400000, 0.800000, 0.301980
0.500000, 0.400000, 0.900000, 0.281390
0.500000, 0.400000, 1.000000, 0.251650
0.500000, 0.400000, 1.100000, 0.222350
0.500000, 0.400000, 1.200000, 0.193610
0.500000, 0.400000, 1.300000, 0.167010
0.500000, 0.400000, 1.400000, 0.140540
0.500000, 0.400000, 1.500000, 0.115240
0.500000, 0.400000, 1.600000, 0.089290
0.500000, 0.400000, 1.700000, 0.064440
0.500000, 0.400000, 1.800000, 0.043050
0.500000, 0.400000, 1.900000, 0.020740
0.500000, 0.400000, 2.000000, 0.000000
0.500000, 0.500000, 0.000000, 0.395330
0.500000, 0.500000, 0.100000, 0.391510
0.500000, 0.500000, 0.200000, 0.388990
0.500000, 0.500000, 0.300000, 0.381400
0.500000, 0.500000, 0.400000, 0.373300
0.500000, 0.500000, 0.500000, 0.360260
0.500000, 0.500000, 0.600000, 0.343520
0.500000, 0.500000, 0.700000, 0.324640
0.500000, 0.500000, 0.800000, 0.299970
0.500000, 0.500000, 0.900000, 0.277520
0.500000, 0.500000, 1.000000, 0.252760
0.500000, 0.500000, 1.100000, 0.221960
0.500000, 0.500000, 1.200000, 0.194810
0.500000, 0.500000, 1.300000, 0.166980
0.500000, 0.500000, 1.400000, 0.139650
0.500000, 0.500000, 1.500000, 0.113390
0.500000, 0.500000, 1.600000, 0.089970
0.500000, 0.500000, 1.700000, 0.065420
0.500000, 0.500000, 1.800000, 0.042630
0.500000, 0.500000, 1.900000, 0.020990
0.500000, 0.500000, 2.000000, 0.000000
0.500000, 0.600000, 0.000000, 0.395760
0.500000, 0.600000, 0.100000, 0.391900
0.500000, 0.600000, 0.200000, 0.391530
0.500000, 0.600000, 0.300000, 0.383570
0.500000, 0.600000, 0.400000, 0.370800
0.500000, 0.600000, 0.500000, 0.358590
0.500000, 0.600000, 0.600000, 0.345590
0.500000, 0.600000, 0.700000, 0.323900
0.500000, 0.600000, 0.800000, 0.303040
0.500000, 0.600000, 0.900000, 0.279740
0.500000, 0.600000, 1.000000, 0.251900
0.500000, 0.600000, 1.100000, 0.222850
0.500000, 0.600000, 1.200000, 0.194900
0.500000, 0.600000, 1.300000, 0.167670
0.500000, 0.600000, 1.400000, 0.140050
0.500000, 0.600000, 1.500000, 0.113050
0.500000, 0.600000, 1.600000, 0.087950
0.500000, 0.600000, 1.700000, 0.065650
0.500000, 0.600000, 1.800000, 0.042610
0.500000, 0.600000, 1.900000, 0.020740
0.500000, 0.600000, 2.000000, 0.000000
0.500000, 0.700000, 0.000000, 0.392990
0.500000, 0.700000, 0.100000, 0.392520
0.500000, 0.700000, 0.200000, 0.386630
0.500000, 0.700000, 0.300000, 0.385180
0.500000, 0.700000, 0.400000, 0.371940
0.500000, 0.700000, 0.500000, 0.357840
0.500000, 0.700000, 0.600000, 0.341530
0.500000, 0.700000, 0.700000, 0.324000
0.500000, 0.700000, 0.800000, 0.302110
0.500000, 0.700000, 0.900000, 0.278060
0.500000, 0.700000, 1.000000, 0.250860
0.500000, 0.700000, 1.100000, 0.223970
0.500000, 0.700000, 1.200000, 0.195590
0.500000, 0.700000, 1.300000, 0.167100
0.500000, 0.700000, 1.400000, 0.142690
0.500000, 0.700000, 1.500000, 0.114780
0.500000, 0.700000, 1.600000, 0.087990
0.500000, 0.700000, 1.700000, 0.065050
0.500000, 0.700000, 1.800000, 0.041870
0.500000, 0.700000, 1.900000, 0.021470
0.500000, 0.700000, 2.000000, 0.000000
0.500000, 0.800000, 0.000000, 0.394450
0.500000, 0.800000, 0.100000, 0.393480
0.500000, 0.800000, 0.200000, 0.389350
0.500000, 0.800000, 0.300000, 0.379670
0.500000, 0.800000, 0.400000, 0.370940
0.500000, 0.800000, 0.500000, 0.358660
0.500000, 0.800000, 0.600000, 0.345290
0.500000, 0.800000, 0.700000, 0.325650
0.500000, 0.800000, 0.800000, 0.301420
0.500000, 0.800000, 0.900000, 0.280470
0.500000, 0.800000, 1.000000, 0.251500
0.500000, 0.800000, 1.100000, 0.224820
0.500000, 0.800000, 1.200000, 0.195050
0.500000, 0.800000, 1.300000, 0.166700
0.500000, 0.800000, 1.400000, 0.139970
0.500000, 0.800000, 1.500000, 0.114650
0.500000, 0.800000, 1.600000, 0.088190
0.500000, 0.800000, 1.700000, 0.065690
0.500000, 0.800000, 1.800000, 0.041500
0.500000, 0.800000, 1.900000, 0.020060
0.500000, 0.800000, 2.000000, 0.000000
0.500000, 0.900000, 0.000000, 0.390700
0.500000, 0.900000, 0.100000, 0.390960
0.500000, 0.900000, 0.200000, 0.387340
0.500000, 0.900000, 0.300000, 0.382040
0.500000, 0.900000, 0.400000, 0.373360
0.500000, 0.900000, 0.500000, 0.359990
0.500000, 0.900000, 0.600000, 0.344740
0.500000, 0.900000, 0.700000, 0.323670
0.500000, 0.900000, 0.800000, 0.305000
0.500000, 0.900000, 0.900000, 0.277750
0.500000, 0.900000, 1.000000, 0.250660
0.500000, 0.900000, 1.100000, 0.222560
0.500000, 0.900000, 1.200000, 0.196120
0.500000, 0.900000, 1.300000, 0.168410
0.500000, 0.900000, 1.400000, 0.138190
0.500000, 0.900000, 1.500000, 0.113380
0.500000, 0.900000, 1.600000, 0.089870
0.500000, 0.900000, 1.700000, 0.065300
0.500000, 0.900000, 1.800000, 0.043510
0.500000, 0.900000, 1.900000, 0.021310
0.500000, 0.900000, 2.000000, 0.000000
0.500000, 1.000000, 0.000000, 0.397490
0.500000, 1.000000, 0.100000, 0.393290
0.500000, 1.000000, 0.200000, 0.390220
0.500000, 1.000000, 0.300000, 0.377920
0.500000, 1.000000, 0.400000, 0.372950
0.500000, 1.000000, 0.500000, 0.358200
0.500000, 1.000000, 0.600000, 0.344310
0.500000, 1.000000, 0.700000, 0.323820
0.500000, 1.000000, 0.800000, 0.305870
0.500000, 1.000000, 0.900000, 0.279910
0.500000, 1.000000, 1.000000, 0.251520
0.500000, 1.000000, 1.100000, 0.223960
0.500000, 1.000000, 1.200000, 0.193970
0.500000, 1.000000, 1.300000, 0.166600
0.500000, 1.000000, 1.400000, 0.138530
0.500000, 1.000000, 1.500000, 0.112050
0.500000, 1.000000, 1.600000, 0.089010
0.500000, 1.000000, 1.700000, 0.065520
0.500000, 1.000000, 1.800000, 0.042490
0.500000, 1.000000, 1.900000, 0.021440
0.500000, 1.000000, 2.000000, 0.000000
0.750000, 0.000000, 0.000000, 0.437910
0.750000, 0.000000, 0.100000, 0.436120
0.750000, 0.000000, 0.200000, 0.432160
0.750000, 0.000000, 0.300000, 0.424740
0.750000, 0.000000, 0.400000, 0.417530
0.750000, 0.000000, 0.500000, 0.403790
0.750000, 0.000000, 0.600000, 0.388970
0.750000, 0.000000, 0.700000, 0.370710
0.750000, 0.000000, 0.800000, 0.347800
0.750000, 0.000000, 0.900000, 0.316270
0.750000, 0.000000, 1.000000, 0.280410
0.750000, 0.000000, 1.100000, 0.244660
0.750000, 0.000000, 1.200000, 0.210480
0.750000, 0.000000, 1.300000, 0.176900
0.750000, 0.000000, 1.400000, 0.144320
0.750000, 0.000000, 1.500000, 0.117770
0.750000, 0.000000, 1.600000, 0.092670
0.750000, 0.000000, 1.700000, 0.066330
0.750000, 0.000000, 1.800000, 0.043400
0.750000, 0.000000, 1.900000, 0.021220
0.750000, 0.000000, 2.000000, 0.000000
0.750000, 0.100000, 0.000000, 0.435480
0.750000, 0.100000, 0.100000, 0.434880
0.750000, 0.100000, 0.200000, 0.434310
0.750000, 0.100000, 0.300000, 0.426740
0.750000, 0.100000, 0.400000, 0.415360
0.750000, 0.100000, 0.500000, 0.405580
0.750000, 0.100000, 0.600000, 0.389950
0.750000, 0.100000, 0.700000, 0.372520
0.750000, 0.100000, 0.800000, 0.345430
0.750000, 0.100000, 0.900000, 0.316580
0.750000, 0.100000, 1.000000, 0.279600
0.750000, 0.100000, 1.100000, 0.242990
0.750000, 0.100000, 1.200000, 0.206630
0.750000, 0.100000, 1.300000, 0.175220
0.750000, 0.100000, 1.400000, 0.146020
0.750000, 0.100000, 1.500000, 0.117130
0.750000, 0.100000, 1.600000, 0.091480
0.750000, 0.100000, 1.700000, 0.066630
0.750000, 0.100000, 1.800000, 0.043300
0.750000, 0.100000, 1.900000, 0.021120
0.750000, 0.100000, 2.000000, 0.000000
0.750000, 0.200000, 0.000000, 0.438590
0.750000, 0.200000, 0.100000, 0.437610
0.750000, 0.200000, 0.200000, 0.428940
0.750000, 0.200000, 0.300000, 0.425180
0.750000, 0.200000, 0.400000, 0.416610
0.750000, 0.200000, 0.500000, 0.403470
0.750000, 0.200000, 0.600000, 0.390900
0.750000, 0.200000, 0.700000, 0.369920
0.750000, 0.200000, 0.800000, 0.349430
0.750000, 0.200000, 0.900000, 0.316540
0.750000, 0.200000, 1.000000, 0.285230
0.750000, 0.200000, 1.100000, 0.245000
0.750000, 0.200000, 1.200000, 0.207960
0.750000, 0.200000, 1.300000, 0.175960
0.750000, 0.200000, 1.400000, 0.145880
0.750000, 0.200000, 1.500000, 0.116840
0.750000, 0.200000, 1.600000, 0.091470
0.750000, 0.200000, 1.700000, 0.065670
0.750000, 0.200000, 1.800000, 0.043830
0.750000, 0.200000, 1.900000, 0.021530
0.750000, 0.200000, 2.000000, 0.000000
0.750000, 0.300000, 0.000000, 0.437660
0.750000, 0.300000, 0.100000, 0.435500
0.750000, 0.300000, 0.200000, 0.432660
0.750000, 0.300000, 0.300000, 0.424870
0.750000, 0.300000, 0.400000, 0.416530
0.750000, 0.300000, 0.500000, 0.404050
0.750000, 0.300000, 0.600000, 0.391060
0.750000, 0.300000, 0.700000, 0.368990
0.750000, 0.300000, 0.800000, 0.344660
0.750000, 0.300000, 0.900000, 0.315800
0.750000, 0.300000, 1.000000, 0.283390
0.750000, 0.300000, 1.100000, 0.242670
0.750000, 0.300000, 1.200000, 0.208950
0.750000, 0.300000, 1.300000, 0.174350
0.750000, 0.300000, 1.400000, 0.144020
0.750000, 0.300000, 1.500000, 0.117290
0.750000, 0.300000, 1.600000, 0.091790
0.750000, 0.300000, 1.700000, 0.067060
0.750000, 0.300000, 1.800000, 0.043700
0.750000, 0.300000, 1.900000, 0.020870
0.750000, 0.300000, 2.000000, 0.000000
0.750000, 0.400000, 0.000000, 0.437380
0.750000, 0.400000, 0.100000, 0.436930
0.750000, 0.400000, 0.200000, 0.432450
0.750000, 0.400000, 0.300000, 0.427480
0.750000, 0.400000, 0.400000, 0.416820
0.750000, 0.400000, 0.500000, 0.404370
0.750000, 0.400000, 0.600000, 0.391810
0.750000, 0.400000, 0.700000, 0.370510
0.750000, 0.400000, 0.800000, 0.347960
0.750000, 0.400000, 0.900000, 0.316030
0.750000, 0.400000, 1.000000, 0.282480
0.750000, 0.400000, 1.100000, 0.244790
0.750000, 0.400000, 1.200000, 0.208120
0.750000, 0.400000, 1.300000, 0.175080
0.750000, 0.400000, 1.400000, 0.147240
0.750000, 0.400000, 1.500000, 0.117710
0.750000, 0.400000, 1.600000, 0.091040
0.750000, 0.400000, 1.700000, 0.065400
0.750000, 0.400000, 1.800000, 0.044170
0.750000, 0.400000, 1.900000, 0.021150
0.750000, 0.400000, 2.000000, 0.000000
0.750000, 0.500000, 0.000000, 0.434400
0.750000, 0.500000, 0.100000, 0.437710
0.750000, 0.500000, 0.200000, 0.432510
0.750000, 0.500000, 0.300000, 0.426190
0.750000, 0.500000, 0.400000, 0.416480
0.750000, 0.500000, 0.500000, 0.407180
0.750000, 0.500000, 0.600000, 0.391620
0.750000, 0.500000, 0.700000, 0.373780
0.750000, 0.500000, 0.800000, 0.345260
0.750000, 0.500000, 0.900000, 0.316280
0.750000, 0.500000, 1.000000, 0.279580
0.750000, 0.500000, 1.100000, 0.243280
0.750000, 0.500000, 1.200000, 0.208580
0.750000, 0.500000, 1.300000, 0.178910
0.750000, 0.500000, 1.400000, 0.143210
0.750000, 0.500000, 1.500000, 0.116070
0.750000, 0.500000, 1.600000, 0.092110
0.750000, 0.500000, 1.700000, 0.066860
0.750000, 0.500000, 1.800000, 0.042730
0.750000, 0.500000, 1.900000, 0.020400
0.750000, 0.500000, 2.000000, 0.000000
0.750000, 0.600000, 0.000000, 0.434340
0.750000, 0.600000, 0.100000, 0.434070
0.750000, 0.600000, 0.200000, 0.430740
0.750000, 0.600000, 0.300000, 0.426990
0.750000, 0.600000, 0.400000, 0.417600
0.750000, 0.600000, 0.500000, 0.402950
0.750000, 0.600000, 0.600000, 0.390410
0.750000, 0.600000, 0.700000, 0.372090
0.750000, 0.600000, 0.800000, 0.344960
0.750000, 0.600000, 0.900000, 0.317640
0.750000, 0.600000, 1.000000, 0.281420
0.750000, 0.600000, 1.100000, 0.246540
0.750000, 0.600000, 1.200000, 0.209020
0.750000, 0.600000, 1.300000, 0.174640
0.750000, 0.600000, 1.400000, 0.145800
0.750000, 0.600000, 1.500000, 0.118330
0.750000, 0.600000, 1.600000, 0.092520
0.750000, 0.600000, 1.700000, 0.067100
0.750000, 0.600000, 1.800000, 0.041930
0.750000, 0.600000, 1.900000, 0.020380
0.750000, 0.600000, 2.000000, 0.000000
0.750000, 0.700000, 0.000000, 0.435110
0.750000, 0.700000, 0.100000, 0.436120
0.750000, 0.700000, 0.200000, 0.433690
0.750000, 0.700000, 0.300000, 0.424860
0.750000, 0.700000, 0.400000, 0.416580
0.750000, 0.700000, 0.500000, 0.404940
0.750000, 0.700000, 0.600000, 0.389260
0.750000, 0.700000, 0.700000, 0.369350
0.750000, 0.700000, 0.800000, 0.348090
0.750000, 0.700000, 0.900000, 0.317010
0.750000, 0.700000, 1.000000, 0.282730
0.750000, 0.700000, 1.100000, 0.243240
0.750000, 0.700000, 1.200000, 0.207580
0.750000, 0.700000, 1.300000, 0.177250
0.750000, 0.700000, 1.400000, 0.144640
0.750000, 0.700000, 1.500000, 0.117650
0.750000, 0.700000, 1.600000, 0.090250
0.750000, 0.700000, 1.700000, 0.067490
0.750000, 0.700000, 1.800000, 0.044080
0.750000, 0.700000, 1.900000, 0.020800
0.750000, 0.700000, 2.000000, 0.000000
0.750000, 0.800000, 0.000000, 0.436550
0.750000, 0.800000, 0.100000, 0.436520
0.750000, 0.800000, 0.200000, 0.431580
0.750000, 0.800000, 0.300000, 0.426580
0.750000, 0.800000, 0.400000, 0.419120
0.750000, 0.800000, 0.500000, 0.406120
0.750000, 0.800000, 0.600000, 0.389540
0.750000, 0.800000, 0.700000, 0.371490
0.750000, 0.800000, 0.800000, 0.347460
0.750000, 0.800000, 0.900000, 0.317170
0.750000, 0.800000, 1.000000, 0.281010
0.750000, 0.800000, 1.100000, 0.246730
0.750000, 0.800000, 1.200000, 0.207970
0.750000, 0.800000, 1.300000, 0.174970
0.750000, 0.800000, 1.400000, 0.147010
0.750000, 0.800000, 1.500000, 0.117770
0.750000, 0.800000, 1.600000, 0.089820
0.750000, 0.800000, 1.700000, 0.066550
0.750000, 0.800000, 1.800000, 0.043130
0.750000, 0.800000, 1.900000, 0.021020
0.750000, 0.800000, 2.000000, 0.000000
0.750000, 0.900000, 0.000000, 0.439010
0.750000, 0.900000, 0.100000, 0.435640
0.750000, 0.900000, 0.200000, 0.429740
0.750000, 0.900000, 0.300000, 0.425070
0.750000, 0.900000, 0.400000, 0.418230
0.750000, 0.900000, 0.500000, 0.405230
0.750000, 0.900000, 0.600000, 0.388980
0.750000, 0.900000, 0.700000, 0.372910
0.750000, 0.900000, 0.800000, 0.346230
0.750000, 0.900000, 0.900000, 0.318060
0.750000, 0.900000, 1.000000, 0.281510
0.750000, 0.900000, 1.100000, 0.244040
0.750000, 0.900000, 1.200000, 0.208540
0.750000, 0.900000, 1.300000, 0.174580
0.750000, 0.900000, 1.400000, 0.146340
0.750000, 0.900000, 1.500000, 0.117380
0.750000, 0.900000, 1.600000, 0.091880
0.750000, 0.900000, 1.700000, 0.064810
0.750000, 0.900000, 1.800000, 0.042760
0.750000, 0.900000, 1.900000, 0.020200
0.750000, 0.900000, 2.000000, 0.000000
0.750000, 1.000000, 0.000000, 0.438800
0.750000, 1.000000, 0.100000, 0.437190
0.750000, 1.000000, 0.200000, 0.432380
0.750000, 1.000000, 0.300000, 0.426690
0.750000, 1.000000, 0.400000, 0.416640
0.750000, 1.000000, 0.500000, 0.403340
0.750000, 1.000000, 0.600000, 0.392150
0.750000, 1.000000, 0.700000, 0.372620
0.750000, 1.000000, 0.800000, 0.347750
0.750000, 1.000000, 0.900000, 0.314170
0.750000, 1.000000, 1.000000, 0.279430
0.750000, 1.000000, 1.100000, 0.244250
0.750000, 1.000000, 1.200000, 0.208920
0.750000, 1.000000, 1.300000, 0.174160
0.750000, 1.000000, 1.400000, 0.145660
0.750000, 1.000000, 1.500000, 0.116380
0.750000, 1.000000, 1.600000, 0.090840
0.750000, 1.000000, 1.700000, 0.066930
0.750000, 1.000000, 1.800000, 0.044000
0.750000, 1.000000, 1.900000, 0.020740
0.750000, 1.000000, 2.000000, 0.000000
1.000000, 0.000000, 0.000000, 0.494860
1.000000, 0.000000, 0.100000, 0.493510
1.000000, 0.000000, 0.200000, 0.490850
1.000000, 0.000000, 0.300000, 0.486730
1.000000, 0.000000, 0.400000, 0.477880
1.000000, 0.000000, 0.500000, 0.469370
1.000000, 0.000000, 0.600000, 0.459500
1.000000, 0.000000, 0.700000, 0.446870
1.000000, 0.000000, 0.800000, 0.430850
1.000000, 0.000000, 0.900000, 0.412140
1.000000, 0.000000, 1.100000, 0.261210
1.000000, 0.000000, 1.200000, 0.215710
1.000000, 0.000000, 1.300000, 0.180980
1.000000, 0.000000, 1.400000, 0.148330
1.000000, 0.000000, 1.500000, 0.118720
1.000000, 0.000000, 1.600000, 0.089760
1.000000, 0.000000, 1.700000, 0.067240
1.000000, 0.000000, 1.800000, 0.043920
1.000000, 0.000000, 1.900000, 0.021160
1.000000, 0.000000, 2.000000, 0.000000
1.000000, 0.100000, 0.000000, 0.495000
1.000000, 0.100000, 0.100000, 0.491500
1.000000, 0.100000, 0.200000, 0.491120
1.000000, 0.100000, 0.300000, 0.488870
1.000000, 0.100000, 0.400000, 0.477220
1.000000, 0.100000, 0.500000, 0.472800
1.000000, 0.100000, 0.600000, 0.460860
1.000000, 0.100000, 0.700000, 0.447340
1.000000, 0.100000, 0.800000, 0.430370
1.000000, 0.100000, 0.900000, 0.407310
1.000000, 0.100000, 1.100000, 0.262810
1.000000, 0.100000, 1.200000, 0.217500
1.000000, 0.100000, 1.300000, 0.178630
1.000000, 0.100000, 1.400000, 0.149460
1.000000, 0.100000, 1.500000, 0.118490
1.000000, 0.100000, 1.600000, 0.091200
1.000000, 0.100000, 1.700000, 0.066540
1.000000, 0.100000, 1.800000, 0.043820
1.000000, 0.100000, 1.900000, 0.021260
1.000000, 0.100000, 2.000000, 0.000000
1.000000, 0.200000, 0.000000, 0.494260
1.000000, 0.200000, 0.100000, 0.494190
1.000000, 0.200000, 0.200000, 0.489900
1.000000, 0.200000, 0.300000, 0.485690
1.000000, 0.200000, 0.400000, 0.480280
1.000000, 0.200000, 0.500000, 0.472110
1.000000, 0.200000, 0.600000, 0.463950
1.000000, 0.200000, 0.700000, 0.448250
1.000000, 0.200000, 0.800000, 0.431440
1.000000, 0.200000, 0.900000, 0.406740
1.000000, 0.200000, 1.100000, 0.262470
1.000000, 0.200000, 1.200000, 0.219910
1.000000, 0.200000, 1.300000, 0.179910
1.000000, 0.200000, 1.400000, 0.149740
1.000000, 0.200000, 1.500000, 0.119580
1.000000, 0.200000, 1.600000, 0.090880
1.000000, 0.200000, 1.700000, 0.066450
1.000000, 0.200000, 1.800000, 0.042990
1.000000, 0.200000, 1.900000, 0.021170
1.000000, 0.200000, 2.000000, 0.000000
1.000000, 0.300000, 0.000000, 0.494900
1.000000, 0.300000, 0.100000, 0.492450
1.000000, 0.300000, 0.200000, 0.488610
1.000000, 0.300000, 0.300000, 0.486770
1.000000, 0.300000, 0.400000, 0.481910
1.000000, 0.300000, 0.500000, 0.473980
1.000000, 0.300000, 0.600000, 0.459080
1.000000, 0.300000, 0.700000, 0.446130
1.000000, 0.300000, 0.800000, 0.430210
1.000000, 0.300000, 0.900000, 0.408440
1.000000, 0.300000, 1.100000, 0.265180
1.000000, 0.300000, 1.200000, 0.216390
1.000000, 0.300000, 1.300000, 0.179130
1.000000, 0.300000, 1.400000, 0.149530
1.000000, 0.300000, 1.500000, 0.118110
1.000000, 0.300000, 1.600000, 0.092080
1.000000, 0.300000, 1.700000, 0.067160
1.000000, 0.300000, 1.800000, 0.043650
1.000000, 0.300000, 1.900000, 0.021960
1.000000, 0.300000, 2.000000, 0.000000
1.000000, 0.400000, 0.000000, 0.495940
1.000000, 0.400000, 0.100000, 0.491050
1.000000, 0.400000, 0.200000, 0.490310
1.000000, 0.400000, 0.300000, 0.489040
1.000000, 0.400000, 0.400000, 0.481390
1.000000, 0.400000, 0.500000, 0.471130
1.000000, 0.400000, 0.600000, 0.462250
1.000000, 0.400000, 0.700000, 0.448020
1.000000, 0.400000, 0.800000, 0.429840
1.000000, 0.400000, 0.900000, 0.406540
1.000000, 0.400000, 1.100000, 0.261020
1.000000, 0.400000, 1.200000, 0.215450
1.000000, 0.400000, 1.300000, 0.179230
1.000000, 0.400000, 1.400000, 0.148090
1.000000, 0.400000, 1.500000, 0.119790
1.000000, 0.400000, 1.600000, 0.093040
1.000000, 0.400000, 1.700000, 0.067150
1.000000, 0.400000, 1.800000, 0.043720
1.000000, 0.400000, 1.900000, 0.021150
1.000000, 0.400000, 2.000000, 0.000000
1.000000, 0.500000, 0.000000, 0.489990
1.000000, 0.500000, 0.100000, 0.494700
1.000000, 0.500000, 0.200000, 0.493670
1.000000, 0.500000, 0.300000, 0.487580
1.000000, 0.500000, 0.400000, 0.481470
1.000000, 0.500000, 0.500000, 0.469590
1.000000, 0.500000, 0.600000, 0.461920
1.000000, 0.500000, 0.700000, 0.445100
1.000000, 0.500000, 0.800000, 0.430260
1.000000, 0.500000, 0.900000, 0.405750
1.000000, 0.500000, 1.100000, 0.264590
1.000000, 0.500000, 1.200000, 0.217200
1.000000, 0.500000, 1.300000, 0.179570
1.000000, 0.500000, 1.400000, 0.148230
1.000000, 0.500000, 1.500000, 0.119270
1.000000, 0.500000, 1.600000, 0.092350
1.000000, 0.500000, 1.700000, 0.068050
1.000000, 0.500000, 1.800000, 0.042680
1.000000, 0.500000, 1.900000, 0.021840
1.000000, 0.500000, 2.000000, 0.000000
1.000000, 0.600000, 0.000000, 0.492250
1.000000, 0.600000, 0.100000, 0.490950
1.000000, 0.600000, 0.200000, 0.489950
1.000000, 0.600000, 0.300000, 0.487590
1.000000, 0.600000, 0.400000, 0.476560
1.000000, 0.600000, 0.500000, 0.472960
1.000000, 0.600000, 0.600000, 0.461580
1.000000, 0.600000, 0.700000, 0.445780
1.000000, 0.600000, 0.800000, 0.429600
1.000000, 0.600000, 0.900000, 0.409170
1.000000, 0.600000, 1.100000, 0.262220
1.000000, 0.600000, 1.200000, 0.217400
1.000000, 0.600000, 1.300000, 0.179980
1.000000, 0.600000, 1.400000, 0.146200
1.000000, 0.600000, 1.500000, 0.118270
1.000000, 0.600000, 1.600000, 0.093500
1.000000, 0.600000, 1.700000, 0.067580
1.000000, 0.600000, 1.800000, 0.043650
1.000000, 0.600000, 1.900000, 0.020600
1.000000, 0.600000, 2.000000, 0.000000
1.000000, 0.700000, 0.000000, 0.497760
1.000000, 0.700000, 0.100000, 0.492160
1.000000, 0.700000, 0.200000, 0.491680
1.000000, 0.700000, 0.300000, 0.485010
1.000000, 0.700000, 0.400000, 0.481650
1.000000, 0.700000, 0.500000, 0.474050
1.000000, 0.700000, 0.600000, 0.464860
1.000000, 0.700000, 0.700000, 0.447920
1.000000, 0.700000, 0.800000, 0.431270
1.000000, 0.700000, 0.900000, 0.408490
1.000000, 0.700000, 1.100000, 0.263890
1.000000, 0.700000, 1.200000, 0.216470
1.000000, 0.700000, 1.300000, 0.180030
1.000000, 0.700000, 1.400000, 0.148580
1.000000, 0.700000, 1.500000, 0.117470
1.000000, 0.700000, 1.600000, 0.090970
1.000000, 0.700000, 1.700000, 0.065330
1.000000, 0.700000, 1.800000, 0.044200
1.000000, 0.700000, 1.900000, 0.020970
1.000000, 0.700000, 2.000000, 0.000000
1.000000, 0.800000, 0.000000, 0.491460
1.000000, 0.800000, 0.100000, 0.494000
1.000000, 0.800000, 0.200000, 0.492130
1.000000, 0.800000, 0.300000, 0.489810
1.000000, 0.800000, 0.400000, 0.482030
1.000000, 0.800000, 0.500000, 0.472510
1.000000, 0.800000, 0.600000, 0.461450
1.000000, 0.800000, 0.700000, 0.446840
1.000000, 0.800000, 0.800000, 0.429480
1.000000, 0.800000, 0.900000, 0.407650
1.000000, 0.800000, 1.100000, 0.260450
1.000000, 0.800000, 1.200000, 0.217140
1.000000, 0.800000, 1.300000, 0.179240
1.000000, 0.800000, 1.400000, 0.147030
1.000000, 0.800000, 1.500000, 0.118300
1.000000, 0.800000, 1.600000, 0.092240
1.000000, 0.800000, 1.700000, 0.069290
1.000000, 0.800000, 1.800000, 0.043230
1.000000, 0.800000, 1.900000, 0.021770
1.000000, 0.800000, 2.000000, 0.000000
1.000000, 0.900000, 0.000000, 0.492540
1.000000, 0.900000, 0.100000, 0.490450
1.000000, 0.900000, 0.200000, 0.491070
1.000000, 0.900000, 0.300000, 0.485520
1.000000, 0.900000, 0.400000, 0.478310
1.000000, 0.900000, 0.500000, 0.471830
1.000000, 0.900000, 0.600000, 0.461410
1.000000, 0.900000, 0.700000, 0.447880
1.000000, 0.900000, 0.800000, 0.430950
1.000000, 0.900000, 0.900000, 0.410580
1.000000, 0.900000, 1.100000, 0.265270
1.000000, 0.900000, 1.200000, 0.220210
1.000000, 0.900000, 1.300000, 0.179110
1.000000, 0.900000, 1.400000, 0.145960
1.000000, 0.900000, 1.500000, 0.117580
1.000000, 0.900000, 1.600000, 0.092150
1.000000, 0.900000, 1.700000, 0.067550
1.000000, 0.900000, 1.800000, 0.043570
1.000000, 0.900000, 1.900000, 0.021460
1.000000, 0.900000, 2.000000, 0.000000
1.000000, 1.000000, 0.000000, 0.492580
1.000000, 1.000000, 0.100000, 0.494410
1.000000, 1.000000, 0.200000, 0.491170
1.000000, 1.000000, 0.300000, 0.486360
1.000000, 1.000000, 0.400000, 0.478960
1.000000, 1.000000, 0.500000, 0.471920
1.000000, 1.000000, 0.600000, 0.461170
1.000000, 1.000000, 0.700000, 0.447930
1.000000, 1.000000, 0.800000, 0.433710
1.000000, 1.000000, 0.900000, 0.408660
1.000000, 1.000000, 1.100000, 0.261120
1.000000, 1.000000, 1.200000, 0.217040
1.000000, 1.000000, 1.300000, 0.178310
1.000000, 1.000000, 1.400000, 0.148210
1.000000, 1.000000, 1.500000, 0.117720
1.000000, 1.000000, 1.600000, 0.091540
1.000000, 1.000000, 1.700000, 0.067320
1.000000, 1.000000, 1.800000, 0.042590
1.000000, 1.000000, 1.900000, 0.021500
1.000000, 1.000000, 2.000000, 0.000000
1.250000, 0.000000, 0.000000, 0.558410
1.250000, 0.000000, 0.100000, 0.562480
1.250000, 0.000000, 0.200000, 0.561000
1.250000, 0.000000, 0.300000, 0.556800
1.250000, 0.000000, 0.400000, 0.551090
1.250000, 0.000000, 0.500000, 0.547790
1.250000, 0.000000, 0.600000, 0.544900
1.250000, 0.000000, 0.700000, 0.541140
1.250000, 0.000000, 0.800000, 0.536400
1.250000, 0.000000, 0.900000, 0.531280
1.250000, 0.000000, 1.000000, 0.530290
1.250000, 0.100000, 0.000000, 0.558340
1.250000, 0.100000, 0.100000, 0.557810
1.250000, 0.100000, 0.200000, 0.559120
1.250000, 0.100000, 0.300000, 0.558580
1.250000, 0.100000, 0.400000, 0.551720
1.250000, 0.100000, 0.500000, 0.546180
1.250000, 0.100000, 0.600000, 0.542980
1.250000, 0.100000, 0.700000, 0.537910
1.250000, 0.100000, 0.800000, 0.531400
1.250000, 0.100000, 0.900000, 0.532200
1.250000, 0.100000, 1.000000, 0.531560
1.250000, 0.200000, 0.000000, 0.561790
1.250000, 0.200000, 0.100000, 0.559710
1.250000, 0.200000, 0.200000, 0.559550
1.250000, 0.200000, 0.300000, 0.558100
1.250000, 0.200000, 0.400000, 0.556930
1.250000, 0.200000, 0.500000, 0.550040
1.250000, 0.200000, 0.600000, 0.542780
1.250000, 0.200000, 0.700000, 0.539100
1.250000, 0.200000, 0.800000, 0.535910
1.250000, 0.200000, 0.900000, 0.531700
1.250000, 0.200000, 1.000000, 0.530220
1.250000, 0.300000, 0.000000, 0.562690
1.250000, 0.300000, 0.100000, 0.560310
1.250000, 0.300000, 0.200000, 0.556450
1.250000, 0.300000, 0.300000, 0.554630
1.250000, 0.300000, 0.400000, 0.552950
1.250000, 0.300000, 0.500000, 0.550640
1.250000, 0.300000, 0.600000, 0.542340
1.250000, 0.300000, 0.700000, 0.540310
1.250000, 0.300000, 0.800000, 0.536300
1.250000, 0.300000, 0.900000, 0.530260
1.250000, 0.300000, 1.000000, 0.526920
1.250000, 0.400000, 0.000000, 0.560600
1.250000, 0.400000, 0.100000, 0.560420
1.250000, 0.400000, 0.200000, 0.560150
1.250000, 0.400000, 0.300000, 0.555140
1.250000, 0.400000, 0.400000, 0.554650
1.250000, 0.400000, 0.500000, 0.548830
1.250000, 0.400000, 0.600000, 0.545860
1.250000, 0.400000, 0.700000, 0.539820
1.250000, 0.400000, 0.800000, 0.534990
1.250000, 0.400000, 0.900000, 0.529100
1.250000, 0.400000, 1.000000, 0.529480
1.250000, 0.500000, 0.000000, 0.559810
1.250000, 0.500000, 0.100000, 0.561320
1.250000, 0.500000, 0.200000, 0.557870
1.250000, 0.500000, 0.300000, 0.559290
1.250000, 0.500000, 0.400000, 0.551250
1.250000, 0.500000, 0.500000, 0.550160
1.250000, 0.500000, 0.600000, 0.540750
1.250000, 0.500000, 0.700000, 0.538240
1.250000, 0.500000, 0.800000, 0.533740
1.250000, 0.500000, 0.900000, 0.531340
1.250000, 0.500000, 1.000000, 0.531730
1.250000, 0.600000, 0.000000, 0.561170
1.250000, 0.600000, 0.100000, 0.562300
1.250000, 0.600000, 0.200000, 0.556650
1.250000, 0.600000, 0.300000, 0.554560
1.250000, 0.600000, 0.400000, 0.555300
1.250000, 0.600000, 0.500000, 0.548950
1.250000, 0.600000, 0.600000, 0.545090
1.250000, 0.600000, 0.700000, 0.539420
1.250000, 0.600000, 0.800000, 0.536170
1.250000, 0.600000, 0.900000, 0.531610
1.250000, 0.600000, 1.000000, 0.528320
1.250000, 0.700000, 0.000000, 0.561710
1.250000, 0.700000, 0.100000, 0.559220
1.250000, 0.700000, 0.200000, 0.556970
1.250000, 0.700000, 0.300000, 0.558330
1.250000, 0.700000, 0.400000, 0.552780
1.250000, 0.700000, 0.500000, 0.544180
1.250000, 0.700000, 0.600000, 0.547820
1.250000, 0.700000, 0.700000, 0.537950
1.250000, 0.700000, 0.800000, 0.537000
1.250000, 0.700000, 0.900000, 0.532730
1.250000, 0.700000, 1.000000, 0.527610
1.250000, 0.800000, 0.000000, 0.564290
1.250000, 0.800000, 0.100000, 0.562430
1.250000, 0.800000, 0.200000, 0.558220
1.250000, 0.800000, 0.300000, 0.556560
1.250000, 0.800000, 0.400000, 0.552390
1.250000, 0.800000, 0.500000, 0.548220
1.250000, 0.800000, 0.600000, 0.544300
1.250000, 0.800000, 0.700000, 0.537860
1.250000, 0.800000, 0.800000, 0.535110
1.250000, 0.800000, 0.900000, 0.531610
1.250000, 0.800000, 1.000000, 0.529580
1.250000, 0.900000, 0.000000, 0.561080
1.250000, 0.900000, 0.100000, 0.562170
1.250000, 0.900000, 0.200000, 0.558160
1.250000, 0.900000, 0.300000, 0.558690
1.250000, 0.900000, 0.400000, 0.554720
1.250000, 0.900000, 0.500000, 0.549780
1.250000, 0.900000, 0.600000, 0.544640
1.250000, 0.900000, 0.700000, 0.537200
1.250000, 0.900000, 0.800000, 0.533660
1.250000, 0.900000, 0.900000, 0.529100
1.250000, 0.900000, 1.000000, 0.533090
1.250000, 1.000000, 0.000000, 0.559170
1.250000, 1.000000, 0.100000, 0.557810
1.250000, 1.000000, 0.200000, 0.556060
1.250000, 1.000000, 0.300000, 0.554460
1.250000, 1.000000, 0.400000, 0.555110
1.250000, 1.000000, 0.500000, 0.550300
1.250000, 1.000000, 0.600000, 0.541080
1.250000, 1.000000, 0.700000, 0.540220
1.250000, 1.000000, 0.800000, 0.534100
1.250000, 1.000000, 0.900000, 0.534620
1.250000, 1.000000, 1.000000, 0.529020
1.500000, 0.000000, 0.000000, 0.632560
1.500000, 0.000000, 0.100000, 0.628400
1.500000, 0.000000, 0.200000, 0.631720
1.500000, 0.000000, 0.300000, 0.626630
1.500000, 0.000000, 0.400000, 0.630890
1.500000, 0.000000, 0.500000, 0.626270
1.500000, 0.000000, 0.600000, 0.625970
1.500000, 0.000000, 0.700000, 0.623620
1.500000, 0.000000, 0.800000, 0.621480
1.500000, 0.000000, 0.900000, 0.620380
1.500000, 0.000000, 1.000000, 0.620490
1.500000, 0.100000, 0.000000, 0.629410
1.500000, 0.100000, 0.100000, 0.632930
1.500000, 0.100000, 0.200000, 0.629520
1.500000, 0.100000, 0.300000, 0.629330
1.500000, 0.100000, 0.400000, 0.627060
1.500000, 0.100000, 0.500000, 0.625780
1.500000, 0.100000, 0.600000, 0.623110
1.500000, 0.100000, 0.700000, 0.622480
1.500000, 0.100000, 0.800000, 0.622540
1.500000, 0.100000, 0.900000, 0.621850
1.500000, 0.100000, 1.000000, 0.621260
1.500000, 0.200000, 0.000000, 0.632230
1.500000, 0.200000, 0.100000, 0.631260
1.500000, 0.200000, 0.200000, 0.630580
1.500000, 0.200000, 0.300000, 0.631460
1.500000, 0.200000, 0.400000, 0.628830
1.500000, 0.200000, 0.500000, 0.627780
1.500000, 0.200000, 0.600000, 0.625500
1.500000, 0.200000, 0.700000, 0.622590
1.500000, 0.200000, 0.800000, 0.619880
1.500000, 0.200000, 0.900000, 0.621180
1.500000, 0.200000, 1.000000, 0.620590
1.500000, 0.300000, 0.000000, 0.632830
1.500000, 0.300000, 0.100000, 0.629690
1.500000, 0.300000, 0.200000, 0.628640
1.500000, 0.300000, 0.300000, 0.627920
1.500000, 0.300000, 0.400000, 0.626880
1.500000, 0.300000, 0.500000, 0.626770
1.500000, 0.300000, 0.600000, 0.625640
1.500000, 0.300000, 0.700000, 0.624080
1.500000, 0.300000, 0.800000, 0.620330
1.500000, 0.300000, 0.900000, 0.621700
1.500000, 0.300000, 1.000000, 0.622000
1.500000, 0.400000, 0.000000, 0.631440
1.500000, 0.400000, 0.100000, 0.634150
1.500000, 0.400000, 0.200000, 0.629000
1.500000, 0.400000, 0.300000, 0.630510
1.500000, 0.400000, 0.400000, 0.626990
1.500000, 0.400000, 0.500000, 0.627840
1.500000, 0.400000, 0.600000, 0.623810
1.500000, 0.400000, 0.700000, 0.623530
1.500000, 0.400000, 0.800000, 0.620710
1.500000, 0.400000, 0.900000, 0.619480
1.500000, 0.400000, 1.000000, 0.619130
1.500000, 0.500000, 0.000000, 0.631520
1.500000, 0.500000, 0.100000, 0.630190
1.500000, 0.500000, 0.200000, 0.628950
1.500000, 0.500000, 0.300000, 0.626150
1.500000, 0.500000, 0.400000, 0.627370
1.500000, 0.500000, 0.500000, 0.627780
1.500000, 0.500000, 0.600000, 0.626240
1.500000, 0.500000, 0.700000, 0.624650
1.500000, 0.500000, 0.800000, 0.619030
1.500000, 0.500000, 0.900000, 0.620110
1.500000, 0.500000, 1.000000, 0.620570
1.500000, 0.600000, 0.000000, 0.631210
1.500000, 0.600000, 0.100000, 0.631280
1.500000, 0.600000, 0.200000, 0.630710
1.500000, 0.600000, 0.300000, 0.631010
1.500000, 0.600000, 0.400000, 0.625270
1.500000, 0.600000, 0.500000, 0.625410
1.500000, 0.600000, 0.600000, 0.623510
1.500000, 0.600000, 0.700000, 0.624200
1.500000, 0.600000, 0.800000, 0.621570
1.500000, 0.600000, 0.900000, 0.618970
1.500000, 0.600000, 1.000000, 0.619720
1.500000, 0.700000, 0.000000, 0.633720
1.500000, 0.700000, 0.100000, 0.630840
1.500000, 0.700000, 0.200000, 0.631650
1.500000, 0.700000, 0.300000, 0.629550
1.500000, 0.700000, 0.400000, 0.628250
1.500000, 0.700000, 0.500000, 0.629140
1.500000, 0.700000, 0.600000, 0.623570
1.500000, 0.700000, 0.700000, 0.625370
1.500000, 0.700000, 0.800000, 0.621060
1.500000, 0.700000, 0.900000, 0.619420
1.500000, 0.700000, 1.000000, 0.619940
1.500000, 0.800000, 0.000000, 0.634230
1.500000, 0.800000, 0.100000, 0.631100
1.500000, 0.800000, 0.200000, 0.629800
1.500000, 0.800000, 0.300000, 0.628780
1.500000, 0.800000, 0.400000, 0.629490
1.500000, 0.800000, 0.500000, 0.625480
1.500000, 0.800000, 0.600000, 0.621520
1.500000, 0.800000, 0.700000, 0.622090
1.500000, 0.800000, 0.800000, 0.623100
1.500000, 0.800000, 0.900000, 0.619850
1.500000, 0.800000, 1.000000, 0.620400
1.500000, 0.900000, 0.000000, 0.632480
1.500000, 0.900000, 0.100000, 0.629550
1.500000, 0.900000, 0.200000, 0.630240
1.500000, 0.900000, 0.300000, 0.630490
1.500000, 0.900000, 0.400000, 0.628250
1.500000, 0.900000, 0.500000, 0.627660
1.500000, 0.900000, 0.600000, 0.624650
1.500000, 0.900000, 0.700000, 0.621440
1.500000, 0.900000, 0.800000, 0.620790
1.500000, 0.900000, 0.900000, 0.623140
1.500000, 0.900000, 1.000000, 0.620050
1.500000, 1.000000, 0.000000, 0.629810
1.500000, 1.000000, 0.100000, 0.630380
1.500000, 1.000000, 0.200000, 0.631400
1.500000, 1.000000, 0.300000, 0.626690
1.500000, 1.000000, 0.400000, 0.626870
1.500000, 1.000000, 0.500000, 0.625350
1.500000, 1.000000, 0.600000, 0.624450
1.500000, 1.000000, 0.700000, 0.622500
1.500000, 1.000000, 0.800000, 0.623120
1.500000, 1.000000, 0.900000, 0.622000
1.500000, 1.000000, 1.000000, 0.619620
1.750000, 0.000000, 0.000000, 0.703520
1.750000, 0.000000, 0.100000, 0.698130
1.750000, 0.000000, 0.200000, 0.704140
1.750000, 0.000000, 0.300000, 0.700620
1.750000, 0.000000, 0.400000, 0.699840
1.750000, 0.000000, 0.500000, 0.699680
1.750000, 0.000000, 0.600000, 0.700250
1.750000, 0.000000, 0.700000, 0.696930
1.750000, 0.000000, 0.800000, 0.700200
1.750000, 0.000000, 0.900000, 0.699880
1.750000, 0.000000, 1.000000, 0.698500
1.750000, 0.100000, 0.000000, 0.702370
1.750000, 0.100000, 0.100000, 0.701080
1.750000, 0.100000, 0.200000, 0.702770
1.750000, 0.100000, 0.300000, 0.701150
1.750000, 0.100000, 0.400000, 0.701340
1.750000, 0.100000, 0.500000, 0.701730
1.750000, 0.100000, 0.600000, 0.698920
1.750000, 0.100000, 0.700000, 0.698860
1.750000, 0.100000, 0.800000, 0.699940
1.750000, 0.100000, 0.900000, 0.696760
1.750000, 0.100000, 1.000000, 0.696300
1.750000, 0.200000, 0.000000, 0.701680
1.750000, 0.200000, 0.100000, 0.702240
1.750000, 0.200000, 0.200000, 0.697840
1.750000, 0.200000, 0.300000, 0.700900
1.750000, 0.200000, 0.400000, 0.701010
1.750000, 0.200000, 0.500000, 0.698030
1.750000, 0.200000, 0.600000, 0.699750
1.750000, 0.200000, 0.700000, 0.696960
1.750000, 0.200000, 0.800000, 0.697160
1.750000, 0.200000, 0.900000, 0.699850
1.750000, 0.200000, 1.000000, 0.698590
1.750000, 0.300000, 0.000000, 0.700730
1.750000, 0.300000, 0.100000, 0.700210
1.750000, 0.300000, 0.200000, 0.702440
1.750000, 0.300000, 0.300000, 0.700360
1.750000, 0.300000, 0.400000, 0.702210
1.750000, 0.300000, 0.500000, 0.700240
1.750000, 0.300000, 0.600000, 0.698720
1.750000, 0.300000, 0.700000, 0.699050
1.750000, 0.300000, 0.800000, 0.697310
1.750000, 0.300000, 0.900000, 0.698610
1.750000, 0.300000, 1.000000, 0.697150
1.750000, 0.400000, 0.000000, 0.700520
1.750000, 0.400000, 0.100000, 0.701730
1.750000, 0.400000, 0.200000, 0.700270
1.750000, 0.400000, 0.300000, 0.699120
1.750000, 0.400000, 0.400000, 0.704280
1.750000, 0.400000, 0.500000, 0.699300
1.750000, 0.400000, 0.600000, 0.696520
1.750000, 0.400000, 0.700000, 0.696940
1.750000, 0.400000, 0.800000, 0.699020
1.750000, 0.400000, 0.900000, 0.695870
1.750000, 0.400000, 1.000000, 0.700080
1.750000, 0.500000, 0.000000, 0.701460
1.750000, 0.500000, 0.100000, 0.703570
1.750000, 0.500000, 0.200000, 0.700590
1.750000, 0.500000, 0.300000, 0.702740
1.750000, 0.500000, 0.400000, 0.699270
1.750000, 0.500000, 0.500000, 0.699300
1.750000, 0.500000, 0.600000, 0.699240
1.750000, 0.500000, 0.700000, 0.698820
1.750000, 0.500000, 0.800000, 0.698290
1.750000, 0.500000, 0.900000, 0.695700
1.750000, 0.500000, 1.000000, 0.700270
1.750000, 0.600000, 0.000000, 0.703340
1.750000, 0.600000, 0.100000, 0.702140
1.750000, 0.600000, 0.200000, 0.700000
1.750000, 0.600000, 0.300000, 0.700850
1.750000, 0.600000, 0.400000, 0.700160
1.750000, 0.600000, 0.500000, 0.701540
1.750000, 0.600000, 0.600000, 0.695340
1.750000, 0.600000, 0.700000, 0.699600
1.750000, 0.600000, 0.800000, 0.697180
1.750000, 0.600000, 0.900000, 0.699370
1.750000, 0.600000, 1.000000, 0.698090
1.750000, 0.700000, 0.000000, 0.699490
1.750000, 0.700000, 0.100000, 0.701470
1.750000, 0.700000, 0.200000, 0.700420
1.750000, 0.700000, 0.300000, 0.700480
1.750000, 0.700000, 0.400000, 0.700750
1.750000, 0.700000, 0.500000, 0.698740
1.750000, 0.700000, 0.600000, 0.700200
1.750000, 0.700000, 0.700000, 0.698530
1.750000, 0.700000, 0.800000, 0.698950
1.750000, 0.700000, 0.900000, 0.700090
1.750000, 0.700000, 1.000000, 0.696880
1.750000, 0.800000, 0.000000, 0.702000
1.750000, 0.800000, 0.100000, 0.702980
1.750000, 0.800000, 0.200000, 0.702130
1.750000, 0.800000, 0.300000, 0.697650
1.750000, 0.800000, 0.400000, 0.700350
1.750000, 0.800000, 0.500000, 0.698640
1.750000, 0.800000, 0.600000, 0.700430
1.750000, 0.800000, 0.700000, 0.699630
1.750000, 0.800000, 0.800000, 0.697420
1.750000, 0.800000, 0.900000, 0.695190
1.750000, 0.800000, 1.000000, 0.698500
1.750000, 0.900000, 0.000000, 0.703650
1.750000, 0.900000, 0.100000, 0.704720
1.750000, 0.900000, 0.200000, 0.699320
1.750000, 0.900000, 0.300000, 0.697970
1.750000, 0.900000, 0.400000, 0.700060
1.750000, 0.900000, 0.500000, 0.699380
1.750000, 0.900000, 0.600000, 0.698490
1.750000, 0.900000, 0.700000, 0.696350
1.750000, 0.900000, 0.800000, 0.698240
1.750000, 0.900000, 0.900000, 0.697120
1.750000, 0.900000, 1.000000, 0.701450
1.750000, 1.000000, 0.000000, 0.700610
1.750000, 1.000000, 0.100000, 0.701110
1.750000, 1.000000, 0.200000, 0.698730
1.750000, 1.000000, 0.300000, 0.700550
1.750000, 1.000000, 0.400000, 0.697980
1.750000, 1.000000, 0.500000, 0.700800
1.750000, 1.000000, 0.600000, 0.699990
1.750000, 1.000000, 0.700000, 0.697210
1.750000, 1.000000, 0.800000, 0.698020
1.750000, 1.000000, 0.900000, 0.695040
1.750000, 1.000000, 1.000000, 0.695760
2.000000, 0.000000, 0.000000, 0.766810
2.000000, 0.000000, 0.100000, 0.768850
2.000000, 0.000000, 0.200000, 0.767350
2.000000, 0.000000, 0.300000, 0.769920
2.000000, 0.000000, 0.400000, 0.770620
2.000000, 0.000000, 0.500000, 0.768870
2.000000, 0.000000, 0.600000, 0.768320
2.000000, 0.000000, 0.700000, 0.765530
2.000000, 0.000000, 0.800000, 0.766850
2.000000, 0.000000, 0.900000, 0.767520
2.000000, 0.000000, 1.000000, 0.766540
2.000000, 0.100000, 0.000000, 0.766700
2.000000, 0.100000, 0.100000, 0.768890
2.000000, 0.100000, 0.200000, 0.768320
2.000000, 0.100000, 0.300000, 0.768220
2.000000, 0.100000, 0.400000, 0.768790
2.000000, 0.100000, 0.500000, 0.768690
2.000000, 0.100000, 0.600000, 0.768130
2.000000, 0.100000, 0.700000, 0.769820
2.000000, 0.100000, 0.800000, 0.766910
2.000000, 0.100000, 0.900000, 0.764770
2.000000, 0.100000, 1.000000, 0.765220
2.000000, 0.200000, 0.000000, 0.766230
2.000000, 0.200000, 0.100000, 0.766970
2.000000, 0.200000, 0.200000, 0.766420
2.000000, 0.200000, 0.300000, 0.765320
2.000000, 0.200000, 0.400000, 0.768260
2.000000, 0.200000, 0.500000, 0.766550
2.000000, 0.200000, 0.600000, 0.766740
2.000000, 0.200000, 0.700000, 0.767990
2.000000, 0.200000, 0.800000, 0.766100
2.000000, 0.200000, 0.900000, 0.768820
2.000000, 0.200000, 1.000000, 0.766230
2.000000, 0.300000, 0.000000, 0.768980
2.000000, 0.300000, 0.100000, 0.768530
2.000000, 0.300000, 0.200000, 0.767920
2.000000, 0.300000, 0.300000, 0.770320
2.000000, 0.300000, 0.400000, 0.768450
2.000000, 0.300000, 0.500000, 0.769410
2.000000, 0.300000, 0.600000, 0.768160
2.000000, 0.300000, 0.700000, 0.766610
2.000000, 0.300000, 0.800000, 0.767900
2.000000, 0.300000, 0.900000, 0.765360
2.000000, 0.300000, 1.000000, 0.769080
2.000000, 0.400000, 0.000000, 0.766620
2.000000, 0.400000, 0.100000, 0.770280
2.000000, 0.400000, 0.200000, 0.769670
2.000000, 0.400000, 0.300000, 0.768040
2.000000, 0.400000, 0.400000, 0.768240
2.000000, 0.400000, 0.500000, 0.768480
2.000000, 0.400000, 0.600000, 0.766660
2.000000, 0.400000, 0.700000, 0.766320
2.000000, 0.400000, 0.800000, 0.768860
2.000000, 0.400000, 0.900000, 0.765780
2.000000, 0.400000, 1.000000, 0.768930
2.000000, 0.500000, 0.000000, 0.768990
2.000000, 0.500000, 0.100000, 0.767970
2.000000, 0.500000, 0.200000, 0.768560
2.000000, 0.500000, 0.300000, 0.767660
2.000000, 0.500000, 0.400000, 0.769050
2.000000, 0.500000, 0.500000, 0.768740
2.000000, 0.500000, 0.600000, 0.765300
2.000000, 0.500000, 0.700000, 0.769270
2.000000, 0.500000, 0.800000, 0.765270
2.000000, 0.500000, 0.900000, 0.767570
2.000000, 0.500000, 1.000000, 0.765700
2.000000, 0.600000, 0.000000, 0.768860
2.000000, 0.600000, 0.100000, 0.767350
2.000000, 0.600000, 0.200000, 0.767720
2.000000, 0.600000, 0.300000, 0.765940
2.000000, 0.600000, 0.400000, 0.766790
2.000000, 0.600000, 0.500000, 0.768940
2.000000, 0.600000, 0.600000, 0.769420
2.000000, 0.600000, 0.700000, 0.767500
2.000000, 0.600000, 0.800000, 0.767310
2.000000, 0.600000, 0.900000, 0.765100
2.000000, 0.600000, 1.000000, 0.764650
2.000000, 0.700000, 0.000000, 0.769630
2.000000, 0.700000, 0.100000, 0.768210
2.000000, 0.700000, 0.200000, 0.768250
2.000000, 0.700000, 0.300000, 0.768020
2.000000, 0.700000, 0.400000, 0.767020
2.000000, 0.700000, 0.500000, 0.769540
2.000000, 0.700000, 0.600000, 0.767070
2.000000, 0.700000, 0.700000, 0.769470
2.000000, 0.700000, 0.800000, 0.766990
2.000000, 0.700000, 0.900000, 0.770090
2.000000, 0.700000, 1.000000, 0.769010
2.000000, 0.800000, 0.000000, 0.769090
2.000000, 0.800000, 0.100000, 0.768700
2.000000, 0.800000, 0.200000, 0.768500
2.000000, 0.800000, 0.300000, 0.766520
2.000000, 0.800000, 0.400000, 0.766530
2.000000, 0.800000, 0.500000, 0.768840
2.000000, 0.800000, 0.600000, 0.767460
2.000000, 0.800000, 0.700000, 0.767500
2.000000, 0.800000, 0.800000, 0.768720
2.000000, 0.800000, 0.900000, 0.770210
2.000000, 0.800000, 1.000000, 0.767910
2.000000, 0.900000, 0.000000, 0.769870
2.000000, 0.900000, 0.100000, 0.769630
2.000000, 0.900000, 0.200000, 0.767100
2.000000, 0.900000, 0.300000, 0.767680
2.000000, 0.900000, 0.400000, 0.768510
2.000000, 0.900000, 0.500000, 0.767500
2.000000, 0.900000, 0.600000, 0.771110
2.000000, 0.900000, 0.700000, 0.766250
2.000000, 0.900000, 0.800000, 0.766200
2.000000, 0.900000, 0.900000, 0.766900
2.000000, 0.900000, 1.000000, 0.767840
2.000000, 1.000000, 0.000000, 0.769160
2.000000, 1.000000, 0.100000, 0.768770
2.000000, 1.000000, 0.200000, 0.768910
2.000000, 1.000000, 0.300000, 0.768140
2.000000, 1.000000, 0.400000, 0.765720
2.000000, 1.000000, 0.500000, 0.765920
2.000000, 1.000000, 0.600000, 0.771520
2.000000, 1.000000, 0.700000, 0.764990
2.000000, 1.000000, 0.800000, 0.765060
2.000000, 1.000000, 0.900000, 0.766250
2.000000, 1.000000, 1.000000, 0.767720
2.250000, 0.000000, 0.000000, 0.832290
2.250000, 0.000000, 0.100000, 0.832130
2.250000, 0.000000, 0.200000, 0.832230
2.250000, 0.000000, 0.300000, 0.831130
2.250000, 0.000000, 0.400000, 0.830810
2.250000, 0.000000, 0.500000, 0.830130
2.250000, 0.000000, 0.600000, 0.832740
2.250000, 0.000000, 0.700000, 0.833040
2.250000, 0.000000, 0.800000, 0.831800
2.250000, 0.000000, 0.900000, 0.831120
2.250000, 0.000000, 1.000000, 0.832140
2.250000, 0.100000, 0.000000, 0.831000
2.250000, 0.100000, 0.100000, 0.831050
2.250000, 0.100000, 0.200000, 0.831190
2.250000, 0.100000, 0.300000, 0.831250
2.250000, 0.100000, 0.400000, 0.833610
2.250000, 0.100000, 0.500000, 0.831150
2.250000, 0.100000, 0.600000, 0.829830
2.250000, 0.100000, 0.700000, 0.830540
2.250000, 0.100000, 0.800000, 0.831850
2.250000, 0.100000, 0.900000, 0.830630
2.250000, 0.100000, 1.000000, 0.831560
2.250000, 0.200000, 0.000000, 0.831810
2.250000, 0.200000, 0.100000, 0.829780
2.250000, 0.200000, 0.200000, 0.833720
2.250000, 0.200000, 0.300000, 0.833260
2.250000, 0.200000, 0.400000, 0.830770
2.250000, 0.200000, 0.500000, 0.830820
2.250000, 0.200000, 0.600000, 0.831280
2.250000, 0.200000, 0.700000, 0.831040
2.250000, 0.200000, 0.800000, 0.831760
2.250000, 0.200000, 0.900000, 0.826880
2.250000, 0.200000, 1.000000, 0.831590
2.250000, 0.300000, 0.000000, 0.830780
2.250000, 0.300000, 0.100000, 0.832220
2.250000, 0.300000, 0.200000, 0.833480
2.250000, 0.300000, 0.300000, 0.830820
2.250000, 0.300000, 0.400000, 0.833340
2.250000, 0.300000, 0.500000, 0.832960
2.250000, 0.300000, 0.600000, 0.831500
2.250000, 0.300000, 0.700000, 0.831920
2.250000, 0.300000, 0.800000, 0.832080
2.250000, 0.300000, 0.900000, 0.831360
2.250000, 0.300000, 1.000000, 0.828800
2.250000, 0.400000, 0.000000, 0.834330
2.250000, 0.400000, 0.100000, 0.832880
2.250000, 0.400000, 0.200000, 0.832590
2.250000, 0.400000, 0.300000, 0.831560
2.250000, 0.400000, 0.400000, 0.830150
2.250000, 0.400000, 0.500000, 0.831180
2.250000, 0.400000, 0.600000, 0.832050
2.250000, 0.400000, 0.700000, 0.831000
2.250000, 0.400000, 0.800000, 0.831040
2.250000, 0.400000, 0.900000, 0.832410
2.250000, 0.400000, 1.000000, 0.833230
2.250000, 0.500000, 0.000000, 0.831540
2.250000, 0.500000, 0.100000, 0.832080
2.250000, 0.500000, 0.200000, 0.829530
2.250000, 0.500000, 0.300000, 0.829860
2.250000, 0.500000, 0.400000, 0.831490
2.250000, 0.500000, 0.500000, 0.830900
2.250000, 0.500000, 0.600000, 0.831670
2.250000, 0.500000, 0.700000, 0.832340
2.250000, 0.500000, 0.800000, 0.832250
2.250000, 0.500000, 0.900000, 0.830160
2.250000, 0.500000, 1.000000, 0.831000
2.250000, 0.600000, 0.000000, 0.832320
2.250000, 0.600000, 0.100000, 0.831280
2.250000, 0.600000, 0.200000, 0.832410
2.250000, 0.600000, 0.300000, 0.831970
2.250000, 0.600000, 0.400000, 0.830200
2.250000, 0.600000, 0.500000, 0.834530
2.250000, 0.600000, 0.600000, 0.830680
2.250000, 0.600000, 0.700000, 0.831240
2.250000, 0.600000, 0.800000, 0.830710
2.250000, 0.600000, 0.900000, 0.832840
2.250000, 0.600000, 1.000000, 0.830770
2.250000, 0.700000, 0.000000, 0.831720
2.250000, 0.700000, 0.100000, 0.832670
2.250000, 0.700000, 0.200000, 0.832540
2.250000, 0.700000, 0.300000, 0.828820
2.250000, 0.700000, 0.400000, 0.833380
2.250000, 0.700000, 0.500000, 0.831000
2.250000, 0.700000, 0.600000, 0.831750
2.250000, 0.700000, 0.700000, 0.831510
2.250000, 0.700000, 0.800000, 0.832220
2.250000, 0.700000, 0.900000, 0.832870
2.250000, 0.700000, 1.000000, 0.831710
2.250000, 0.800000, 0.000000, 0.832080
2.250000, 0.800000, 0.100000, 0.834600
2.250000, 0.800000, 0.200000, 0.834430
2.250000, 0.800000, 0.300000, 0.833240
2.250000, 0.800000, 0.400000, 0.830560
2.250000, 0.800000, 0.500000, 0.832030
2.250000, 0.800000, 0.600000, 0.829850
2.250000, 0.800000, 0.700000, 0.831180
2.250000, 0.800000, 0.800000, 0.831020
2.250000, 0.800000, 0.900000, 0.833590
2.250000, 0.800000, 1.000000, 0.831100
2.250000, 0.900000, 0.000000, 0.832320
2.250000, 0.900000, 0.100000, 0.831440
2.250000, 0.900000, 0.200000, 0.831110
2.250000, 0.900000, 0.300000, 0.830310
2.250000, 0.900000, 0.400000, 0.832530
2.250000, 0.900000, 0.500000, 0.831320
2.250000, 0.900000, 0.600000, 0.832350
2.250000, 0.900000, 0.700000, 0.832080
2.250000, 0.900000, 0.800000, 0.831770
2.250000, 0.900000, 0.900000, 0.833380
2.250000, 0.900000, 1.000000, 0.831760
2.250000, 1.000000, 0.000000, 0.832270
2.250000, 1.000000, 0.100000, 0.832760
2.250000, 1.000000, 0.200000, 0.832250
2.250000, 1.000000, 0.300000, 0.831960
2.250000, 1.000000, 0.400000, 0.832030
2.250000, 1.000000, 0.500000, 0.830200
2.250000, 1.000000, 0.600000, 0.829560
2.250000, 1.000000, 0.700000, 0.831070
2.250000, 1.000000, 0.800000, 0.832010
2.250000, 1.000000, 0.900000, 0.831200
2.250000, 1.000000, 1.000000, 0.830040
2.500000, 0.000000, 0.000000, 0.892140
2.500000, 0.000000, 0.100000, 0.889360
2.500000, 0.000000, 0.200000, 0.891930
2.500000, 0.000000, 0.300000, 0.890420
2.500000, 0.000000, 0.400000, 0.890370
2.500000, 0.000000, 0.500000, 0.892010
2.500000, 0.000000, 0.600000, 0.890880
2.500000, 0.000000, 0.700000, 0.890030
2.500000, 0.000000, 0.800000, 0.890070
2.500000, 0.000000, 0.900000, 0.891400
2.500000, 0.000000, 1.000000, 0.891740
2.500000, 0.100000, 0.000000, 0.890740
2.500000, 0.100000, 0.100000, 0.891510
2.500000, 0.100000, 0.200000, 0.891540
2.500000, 0.100000, 0.300000, 0.891820
2.500000, 0.100000, 0.400000, 0.890930
2.500000, 0.100000, 0.500000, 0.889470
2.500000, 0.100000, 0.600000, 0.889710
2.500000, 0.100000, 0.700000, 0.891370
2.500000, 0.100000, 0.800000, 0.891070
2.500000, 0.100000, 0.900000, 0.892900
2.500000, 0.100000, 1.000000, 0.890440
2.500000, 0.200000, 0.000000, 0.891940
2.500000, 0.200000, 0.100000, 0.890870
2.500000, 0.200000, 0.200000, 0.891950
2.500000, 0.200000, 0.300000, 0.891230
2.500000, 0.200000, 0.400000, 0.890580
2.500000, 0.200000, 0.500000, 0.892580
2.500000, 0.200000, 0.600000, 0.890480
2.500000, 0.200000, 0.700000, 0.892620
2.500000, 0.200000, 0.800000, 0.891670
2.500000, 0.200000, 0.900000, 0.892030
2.500000, 0.200000, 1.000000, 0.889990
2.500000, 0.300000, 0.000000, 0.890850
2.500000, 0.300000, 0.100000, 0.892520
2.500000, 0.300000, 0.200000, 0.889870
2.500000, 0.300000, 0.300000, 0.891510
2.500000, 0.300000, 0.400000, 0.890790
2.500000, 0.300000, 0.500000, 0.890990
2.500000, 0.300000, 0.600000, 0.890820
2.500000, 0.300000, 0.700000, 0.891780
2.500000, 0.300000, 0.800000, 0.891220
2.500000, 0.300000, 0.900000, 0.893380
2.500000, 0.300000, 1.000000, 0.891940
2.500000, 0.400000, 0.000000, 0.891090
2.500000, 0.400000, 0.100000, 0.890540
2.500000, 0.400000, 0.200000, 0.889120
2.500000, 0.400000, 0.300000, 0.893000
2.500000, 0.400000, 0.400000, 0.893300
2.500000, 0.400000, 0.500000, 0.892800
2.500000, 0.400000, 0.600000, 0.891800
2.500000, 0.400000, 0.700000, 0.890500
2.500000, 0.400000, 0.800000, 0.891150
2.500000, 0.400000, 0.900000, 0.889840
2.500000, 0.400000, 1.000000, 0.891200
2.500000, 0.500000, 0.000000, 0.891610
2.500000, 0.500000, 0.100000, 0.892990
2.500000, 0.500000, 0.200000, 0.892130
2.500000, 0.500000, 0.300000, 0.891300
2.500000, 0.500000, 0.400000, 0.892230
2.500000, 0.500000, 0.500000, 0.890620
2.500000, 0.500000, 0.600000, 0.890710
2.500000, 0.500000, 0.700000, 0.890780
2.500000, 0.500000, 0.800000, 0.890430
2.500000, 0.500000, 0.900000, 0.891190
2.500000, 0.500000, 1.000000, 0.891290
2.500000, 0.600000, 0.000000, 0.892680
2.500000, 0.600000, 0.100000, 0.891560
2.500000, 0.600000, 0.200000, 0.890490
2.500000, 0.600000, 0.300000, 0.891380
2.500000, 0.600000, 0.400000, 0.889870
2.500000, 0.600000, 0.500000, 0.890150
2.500000, 0.600000, 0.600000, 0.892750
2.500000, 0.600000, 0.700000, 0.892600
2.500000, 0.600000, 0.800000, 0.891360
2.500000, 0.600000, 0.900000, 0.891800
2.500000, 0.600000, 1.000000, 0.888710
2.500000, 0.700000, 0.000000, 0.891290
2.500000, 0.700000, 0.100000, 0.890230
2.500000, 0.700000, 0.200000, 0.891590
2.500000, 0.700000, 0.300000, 0.890770
2.500000, 0.700000, 0.400000, 0.889540
2.500000, 0.700000, 0.500000, 0.891960
2.500000, 0.700000, 0.600000, 0.891250
2.500000, 0.700000, 0.700000, 0.891170
2.500000, 0.700000, 0.800000, 0.891730
2.500000, 0.700000, 0.900000, 0.891490
2.500000, 0.700000, 1.000000, 0.892630
2.500000, 0.800000, 0.000000, 0.890210
2.500000, 0.800000, 0.100000, 0.891000
2.500000, 0.800000, 0.200000, 0.892750
2.500000, 0.800000, 0.300000, 0.890340
2.500000, 0.800000, 0.400000, 0.890950
2.500000, 0.800000, 0.500000, 0.891540
2.500000, 0.800000, 0.600000, 0.892670
2.500000, 0.800000, 0.700000, 0.890900
2.500000, 0.800000, 0.800000, 0.892180
2.500000, 0.800000, 0.900000, 0.891290
2.500000, 0.800000, 1.000000, 0.892020
2.500000, 0.900000, 0.000000, 0.891780
2.500000, 0.900000, 0.100000, 0.891890
2.500000, 0.900000, 0.200000, 0.890550
2.500000, 0.900000, 0.300000, 0.891170
2.500000, 0.900000, 0.400000, 0.890810
2.500000, 0.900000, 0.500000, 0.889730
2.500000, 0.900000, 0.600000, 0.890770
2.500000, 0.900000, 0.700000, 0.891940
2.500000, 0.900000, 0.800000, 0.891340
2.500000, 0.900000, 0.900000, 0.891210
2.500000, 0.900000, 1.000000, 0.891260
2.500000, 1.000000, 0.000000, 0.890790
2.500000, 1.000000, 0.100000, 0.892280
2.500000, 1.000000, 0.200000, 0.892040
2.500000, 1.000000, 0.300000, 0.891070
2.500000, 1.000000, 0.400000, 0.891030
2.500000, 1.000000, 0.500000, 0.891070
2.500000, 1.000000, 0.600000, 0.891230
2.500000, 1.000000, 0.700000, 0.890280
2.500000, 1.000000, 0.800000, 0.891760
2.500000, 1.000000, 0.900000, 0.890740
2.500000, 1.000000, 1.000000, 0.891320
2.750000, 0.000000, 0.000000, 0.947310
2.750000, 0.000000, 0.100000, 0.946070
2.750000, 0.000000, 0.200000, 0.945930
2.750000, 0.000000, 0.300000, 0.947170
2.750000, 0.000000, 0.400000, 0.947690
2.750000, 0.000000, 0.500000, 0.947990
2.750000, 0.000000, 0.600000, 0.947980
2.750000, 0.000000, 0.700000, 0.948050
2.750000, 0.000000, 0.800000, 0.948210
2.750000, 0.000000, 0.900000, 0.947370
2.750000, 0.000000, 1.000000, 0.947370
2.750000, 0.100000, 0.000000, 0.946640
2.750000, 0.100000, 0.100000, 0.947220
2.750000, 0.100000, 0.200000, 0.947970
2.750000, 0.100000, 0.300000, 0.948310
2.750000, 0.100000, 0.400000, 0.945960
2.750000, 0.100000, 0.500000, 0.948030
2.750000, 0.100000, 0.600000, 0.947760
2.750000, 0.100000, 0.700000, 0.947590
2.750000, 0.100000, 0.800000, 0.946660
2.750000, 0.100000, 0.900000, 0.948640
2.750000, 0.100000, 1.000000, 0.947770
2.750000, 0.200000, 0.000000, 0.947030
2.750000, 0.200000, 0.100000, 0.947310
2.750000, 0.200000, 0.200000, 0.947280
2.750000, 0.200000, 0.300000, 0.946970
2.750000, 0.200000, 0.400000, 0.947050
2.750000, 0.200000, 0.500000, 0.947400
2.750000, 0.200000, 0.600000, 0.947060
2.750000, 0.200000, 0.700000, 0.946840
2.750000, 0.200000, 0.800000, 0.947050
2.750000, 0.200000, 0.900000, 0.947250
2.750000, 0.200000, 1.000000, 0.948170
2.750000, 0.300000, 0.000000, 0.947350
2.750000, 0.300000, 0.100000, 0.947380
2.750000, 0.300000, 0.200000, 0.947520
2.750000, 0.300000, 0.300000, 0.947250
2.750000, 0.300000, 0.400000, 0.946940
2.750000, 0.300000, 0.500000, 0.947420
2.750000, 0.300000, 0.600000, 0.947040
2.750000, 0.300000, 0.700000, 0.946960
2.750000, 0.300000, 0.800000, 0.948990
2.750000, 0.300000, 0.900000, 0.947480
2.750000, 0.300000, 1.000000, 0.947700
2.750000, 0.400000, 0.000000, 0.946970
2.750000, 0.400000, 0.100000, 0.948170
2.750000, 0.400000, 0.200000, 0.948360
2.750000, 0.400000, 0.300000, 0.948090
2.750000, 0.400000, 0.400000, 0.947200
2.750000, 0.400000, 0.500000, 0.948010
2.750000, 0.400000, 0.600000, 0.947340
2.750000, 0.400000, 0.700000, 0.947510
2.750000, 0.400000, 0.800000, 0.947220
2.750000, 0.400000, 0.900000, 0.947600
2.750000, 0.400000, 1.000000, 0.947830
2.750000, 0.500000, 0.000000, 0.946610
2.750000, 0.500000, 0.100000, 0.947120
2.750000, 0.500000, 0.200000, 0.947710
2.750000, 0.500000, 0.300000, 0.948050
2.750000, 0.500000, 0.400000, 0.947630
2.750000, 0.500000, 0.500000, 0.947740
2.750000, 0.500000, 0.600000, 0.947080
2.750000, 0.500000, 0.700000, 0.946120
2.750000, 0.500000, 0.800000, 0.946880
2.750000, 0.500000, 0.900000, 0.948270
2.750000, 0.500000, 1.000000, 0.947170
2.750000, 0.600000, 0.000000, 0.947050
2.750000, 0.600000, 0.100000, 0.949330
2.750000, 0.600000, 0.200000, 0.947210
2.750000, 0.600000, 0.300000, 0.948050
2.750000, 0.600000, 0.400000, 0.947660
2.750000, 0.600000, 0.500000, 0.947280
2.750000, 0.600000, 0.600000, 0.947740
2.750000, 0.600000, 0.700000, 0.946830
2.750000, 0.600000, 0.800000, 0.946200
2.750000, 0.600000, 0.900000, 0.948090
2.750000, 0.600000, 1.000000, 0.947190
2.750000, 0.700000, 0.000000, 0.947560
2.750000, 0.700000, 0.100000, 0.947800
2.750000, 0.700000, 0.200000, 0.946820
2.750000, 0.700000, 0.300000, 0.947950
2.750000, 0.700000, 0.400000, 0.948560
2.750000, 0.700000, 0.500000, 0.945990
2.750000, 0.700000, 0.600000, 0.947100
2.750000, 0.700000, 0.700000, 0.947610
2.750000, 0.700000, 0.800000, 0.947000
2.750000, 0.700000, 0.900000, 0.947650
2.750000, 0.700000, 1.000000, 0.947490
2.750000, 0.800000, 0.000000, 0.948540
2.750000, 0.800000, 0.100000, 0.946820
2.750000, 0.800000, 0.200000, 0.946580
2.750000, 0.800000, 0.300000, 0.946990
2.750000, 0.800000, 0.400000, 0.948320
2.750000, 0.800000, 0.500000, 0.946640
2.750000, 0.800000, 0.600000, 0.946820
2.750000, 0.800000, 0.700000, 0.946850
2.750000, 0.800000, 0.800000, 0.947990
2.750000, 0.800000, 0.900000, 0.947990
2.750000, 0.800000, 1.000000, 0.947210
2.750000, 0.900000, 0.000000, 0.947900
2.750000, 0.900000, 0.100000, 0.946990
2.750000, 0.900000, 0.200000, 0.946800
2.750000, 0.900000, 0.300000, 0.946530
2.750000, 0.900000, 0.400000, 0.946290
2.750000, 0.900000, 0.500000, 0.947320
2.750000, 0.900000, 0.600000, 0.947720
2.750000, 0.900000, 0.700000, 0.948130
2.750000, 0.900000, 0.800000, 0.947120
2.750000, 0.900000, 0.900000, 0.948230
2.750000, 0.900000, 1.000000, 0.947720
2.750000, 1.000000, 0.000000, 0.947370
2.750000, 1.000000, 0.100000, 0.947020
2.750000, 1.000000, 0.200000, 0.946990
2.750000, 1.000000, 0.300000, 0.948000
2.750000, 1.000000, 0.400000, 0.946780
2.750000, 1.000000, 0.500000, 0.946800
2.750000, 1.000000, 0.600000, 0.947170
2.750000, 1.000000, 0.700000, 0.947050
2.750000, 1.000000, 0.800000, 0.946940
2.750000, 1.000000, 0.900000, 0.946120
2.750000, 1.000000, 1.000000, 0.946410
3.000000, 0.000000, 0.000000, 1.000000
3.000000, 0.000000, 0.100000, 1.000000
3.000000, 0.000000, 0.200000, 1.000000
3.000000, 0.000000, 0.300000, 1.000000
3.000000, 0.000000, 0.400000, 1.000000
3.000000, 0.000000, 0.500000, 1.000000
3.000000, 0.000000, 0.600000, 1.000000
3.000000, 0.000000, 0.700000, 1.000000
3.000000, 0.000000, 0.800000, 1.000000
3.000000, 0.000000, 0.900000, 1.000000
3.000000, 0.000000, 1.000000, 1.000000
3.000000, 0.100000, 0.000000, 1.000000
3.000000, 0.100000, 0.100000, 1.000000
3.000000, 0.100000, 0.200000, 1.000000
3.000000, 0.100000, 0.300000, 1.000000
3.000000, 0.100000, 0.400000, 1.000000
3.000000, 0.100000, 0.500000, 1.000000
3.000000, 0.100000, 0.600000, 1.000000
3.000000, 0.100000, 0.700000, 1.000000
3.000000, 0.100000, 0.800000, 1.000000
3.000000, 0.100000, 0.900000, 1.000000
3.000000, 0.100000, 1.000000, 1.000000
3.000000, 0.200000, 0.000000, 1.000000
3.000000, 0.200000, 0.100000, 1.000000
3.000000, 0.200000, 0.200000, 1.000000
3.000000, 0.200000, 0.300000, 1.000000
3.000000, 0.200000, 0.400000, 1.000000
3.000000, 0.200000, 0.500000, 1.000000
3.000000, 0.200000, 0.600000, 1.000000
3.000000, 0.200000, 0.700000, 1.000000
3.000000, 0.200000, 0.800000, 1.000000
3.000000, 0.200000, 0.900000, 1.000000
3.000000, 0.200000, 1.000000, 1.000000
3.000000, 0.300000, 0.000000, 1.000000
3.000000, 0.300000, 0.100000, 1.000000
3.000000, 0.300000, 0.200000, 1.000000
3.000000, 0.300000, 0.300000, 1.000000
3.000000, 0.300000, 0.400000, 1.000000
3.000000, 0.300000, 0.500000, 1.000000
3.000000, 0.300000, 0.600000, 1.000000
3.000000, 0.300000, 0.700000, 1.000000
3.000000, 0.300000, 0.800000, 1.000000
3.000000, 0.300000, 0.900000, 1.000000
3.000000, 0.300000, 1.000000, 1.000000
3.000000, 0.400000, 0.000000, 1.000000
3.000000, 0.400000, 0.100000, 1.000000
3.000000, 0.400000, 0.200000, 1.000000
3.000000, 0.400000, 0.300000, 1.000000
3.000000, 0.400000, 0.400000, 1.000000
3.000000, 0.400000, 0.500000, 1.000000
3.000000, 0.400000, 0.600000, 1.000000
3.000000, 0.400000, 0.700000, 1.000000
3.000000, 0.400000, 0.800000, 1.000000
3.000000, 0.400000, 0.900000, 1.000000
3.000000, 0.400000, 1.000000, 1.000000
3.000000, 0.500000, 0.000000, 1.000000
3.000000, 0.500000, 0.100000, 1.000000
3.000000, 0.500000, 0.200000, 1.000000
3.000000, 0.500000, 0.300000, 1.000000
3.000000, 0.500000, 0.400000, 1.000000
3.000000, 0.500000, 0.500000, 1.000000
3.000000, 0.500000, 0.600000, 1.000000
3.000000, 0.500000, 0.700000, 1.000000
3.000000, 0.500000, 0.800000, 1.000000
3.000000, 0.500000, 0.900000, 1.000000
3.000000, 0.500000, 1.000000, 1.000000
3.000000, 0.600000, 0.000000, 1.000000
3.000000, 0.600000, 0.100000, 1.000000
3.000000, 0.600000, 0.200000, 1.000000
3.000000, 0.600000, 0.300000, 1.000000
3.000000, 0.600000, 0.400000, 1.000000
3.000000, 0.600000, 0.500000, 1.000000
3.000000, 0.600000, 0.600000, 1.000000
3.000000, 0.600000, 0.700000, 1.000000
3.000000, 0.600000, 0.800000, 1.000000
3.000000, 0.600000, 0.900000, 1.000000
3.000000, 0.600000, 1.000000, 1.000000
3.000000, 0.700000, 0.000000, 1.000000
3.000000, 0.700000, 0.100000, 1.000000
3.000000, 0.700000, 0.200000, 1.000000
3.000000, 0.700000, 0.300000, 1.000000
3.000000, 0.700000, 0.400000, 1.000000
3.000000, 0.700000, 0.500000, 1.000000
3.000000, 0.700000, 0.600000, 1.000000
3.000000, 0.700000, 0.700000, 1.000000
3.000000, 0.700000, 0.800000, 1.000000
3.000000, 0.700000, 0.900000, 1.000000
3.000000, 0.700000, 1.000000, 1.000000
3.000000, 0.800000, 0.000000, 1.000000
3.000000, 0.800000, 0.100000, 1.000000
3.000000, 0.800000, 0.200000, 1.000000
3.000000, 0.800000, 0.300000, 1.000000
3.000000, 0.800000, 0.400000, 1.000000
3.000000, 0.800000, 0.500000, 1.000000
3.000000, 0.800000, 0.600000, 1.000000
3.000000, 0.800000, 0.700000, 1.000000
3.000000, 0.800000, 0.800000, 1.000000
3.000000, 0.800000, 0.900000, 1.000000
3.000000, 0.800000, 1.000000, 1.000000
3.000000, 0.900000, 0.000000, 1.000000
3.000000, 0.900000, 0.100000, 1.000000
3.000000, 0.900000, 0.200000, 1.000000
3.000000, 0.900000, 0.300000, 1.000000
3.000000, 0.900000, 0.400000, 1.000000
3.000000, 0.900000, 0.500000, 1.000000
3.000000, 0.900000, 0.600000, 1.000000
3.000000, 0.900000, 0.700000, 1.000000
3.000000, 0.900000, 0.800000, 1.000000
3.000000, 0.900000, 0.900000, 1.000000
3.000000, 0.900000, 1.000000, 1.000000
3.000000, 1.000000, 0.000000, 1.000000
3.000000, 1.000000, 0.100000, 1.000000
3.000000, 1.000000, 0.200000, 1.000000
3.000000, 1.000000, 0.300000, 1.000000
3.000000, 1.000000, 0.400000, 1.000000
3.000000, 1.000000, 0.500000, 1.000000
3.000000, 1.000000, 0.600000, 1.000000
3.000000, 1.000000, 0.700000, 1.000000
3.000000, 1.000000, 0.800000, 1.000000
3.000000, 1.000000, 0.900000, 1.000000
3.000000, 1.000000, 1.000000, 1.000000
