90453
90552
90633
90599
90587
90795
90746
90854
90593
90533
90815
90562
90608
90707
90790
90458
90626
90657
90724
90572
90566
90482
90657
90602
90823
90604
90692
90701
90767
90568
90687
90698
90679
90809
90682
90606
90679
90697
90859
90496
90536
90668
90658
90588
90581
90672
90650
90652
90735
90580
90627
90732
90651
90655
90673
90712
90823
90611
90519
90674
90779
90548
90712
90574
90697
90587
90960
90717
90675
90604
90721
90639
90583
90710
90644
90518
90597
90638
90798
90754
90731
90418
90603
90633
90550
90597
90630
90577
90823
90638
90638
90651
90496
90600
90674
90625
90649
90650
90511
90622
90666
90590
90725
90573
90558
90728
90749
90608
90654
90721
90640
90676
90454
90703
90578
90694
90619
90646
90702
90756
90593
90738
90705
90618
90719
90734
90696
90581
90624
90710
90624
90806
90687
90464
90580
90552
90618
90667
90697
90698
90750
90660
90579
90683
90632
90713
90705
90728
90613
90772
90660
90922
90588
90733
90576
90647
90689
90639
90576
90641
90581
90741
90632
90514
90624
90568
90505
90726
90677
90732
90763
90647
90599
90597
90840
90674
90824
90670
90559
90680
90733
90614
90653
90613
90534
90743
90634
90539
90776
90637
90670
90541
90719
90585
90601
90622
90758
90810
90544
90724
90589
90608
90524
90665
90828
90689
90878
90541
90857
90556
90680
90746
90747
90601
90683
90815
90553
90641
90696
90586
90448
90687
90689
90480
90680
90653
90737
90579
90732
90561
90770
90681
90738
90577
90595
90765
90583
90842
90653
90687
90592
90608
90667
90656
90741
90509
90742
90730
90588
90685
90753
90630
90726
90732
90572
90717
90563
90642
90520
90696
90756
90620
90743
90669
90523
90799
90560
90562
90699
90447
90781
90718
90484
90764
90624
90652
90696
90706
90562
90642
90664
90605
90770
90434
90620
90724
90638
90490
90603
90581
90746
90727
90469
90796
90598
90488
90737
90860
90640
90611
90697
90680
90607
90552
90554
90717
90644
90538
90678
90655
90680
90650
90618
90598
90699
90720
90649
90622
90792
90670
90608
90703
90712
90823
90648
90704
90605
90698
90793
90753
90647
90665
90591
90665
90691
90675
90657
90605
90554
90774
90679
90716
90792
90708
90627
90675
90521
90509
90736
90506
90843
90550
90504
90578
90612
90501
90755
90811
90534
90640
90620
90667
90698
90758
90538
90559
90629
90713
90735
90602
90586
90619
90653
90742
90786
90643
90469
90632
90743
90690
90543
90826
90752
90657
90803
90604
90610
90609
90530
90747
90687
90593
90717
90791
90656
90639
90726
90772
90596
90529
90908
90624
90691
90730
90677
90460
90688
90666
90670
90654
90755
90550
90686
90716
90777
90731
90689
90876
90619
90838
90594
90547
90650
90617
90687
90507
90590
90500
90655
90441
90587
90642
90734
90561
90546
90652
90571
90870
90572
90780
90645
90708
90707
90582
90673
90684
90564
90674
90738
90660
90560
90693
90622
90562
90746
90652
90671
90808
90699
90570
90651
90676
90582
90641
90724
90829
90762
90633
90754
90652
90593
90672
90676
90769
90792
90580
90759
90753
90651
90576
90583
90635
90755
90619
90573
90637
90619
90734
90708
90701
90719
90820
90780
90500
90685
90744
90716
90533
90510
90584
90572
90662
90645
90777
90552
90722
90537
90731
90773
90615
90726
90891
90556
90444
90607
90603
90724
90667
90705
90747
90668
90697
90594
90599
90586
90683
90587
90506
90638
90611
90689
90701
90463
90601
90587
90518
90559
90629
90637
90651
90624
90494
90565
90671
90700
90673
90581
90558
90612
90656
90537
90538
90716
90562
90672
90767
90457
90694
90575
90748
90759
90601
90697
90648
90825
90555
90796
90667
90648
90588
90710
90551
90719
90495
90771
90718
90712
90570
90518
90415
90596
90677
90478
90483
90555
90516
90567
90646
90827
90699
90605
90654
90626
90570
90704
90681
90613
90488
90560
90689
90681
90591
90650
90830
90881
90551
90624
90781
90737
90507
90655
90685
90647
90516
90486
90619
90641
90612
90760
90695
90723
90645
90628
90549
90630
90653
90681
90594
90535
90615
90658
90590
90692
90719
90648
90493
90614
90754
90678
90741
90552
90772
90568
90618
90596
90538
90606
90563
90691
90604
90516
90656
90699
90676
90552
90601
90780
90660
90646
90647
90487
90596
90754
90767
90645
90654
90664
90781
90648
90524
90729
90506
90718
90621
90563
90515
90602
90677
90610
90679
90736
90542
90591
90681
90711
90597
90931
90532
90751
90752
90680
90537
90770
90853
90604
90583
90511
90705
90772
90550
90642
90690
90671
90805
90691
90483
90801
90619
90555
90822
90639
90765
90725
90592
90586
90772
90538
90579
90711
90597
90638
90701
90513
90731
90453
90584
90716
90654
90751
90670
90681
90601
90637
90732
90611
90724
90568
90579
90591
90648
90731
90712
90699
90557
90564
90642
90618
90666
90769
90585
90666
90628
90731
90622
90560
90667
90773
90451
90632
90740
90749
90542
90579
90761
90482
90714
90634
90580
90727
90620
90743
90791
90762
90784
90550
90640
90832
90611
90572
90633
90797
90646
90611
90636
90614
90815
90705
90611
90494
90702
90622
90679
90657
90560
90654
90579
90634
90631
90656
90838
90764
90744
90558
90788
90455
90504
90755
90623
90734
90626
90623
90669
90472
90702
90703
90733
90576
90778
90605
90642
90774
90592
90627
90713
90541
90896
90536
90685
90678
90706
90686
90701
90618
90669
90604
90529
90600
90621
90494
90806
90654
90716
90676
90827
90525
90660
90523
90767
90727
90745
90513
90553
90768
90553
90674
90583
90636
90792
90687
90642
90735
90569
90814
90737
90823
90695
90622
90571
90528
90682
90623
90719
90746
90518
90663
90639
90585
90526
90809
90773
90531
90521
90764
90473
90709
90619
90687
90657
90819
90639
90581
90564
90768
90542
90766
90491
90571
90585
90643
90688
90806
90514
90706
90858
90757
90615
90719
90638
90704
90583
90738
90735
90697
90549
90533
90700
90714
90652
90704
90708
90849
90612
90570
90657
90607
90683
90764
90627
90590
90763
90526
90667
90587
90736
90838
90465
90723
90664
90684
90639
90534
90688
90588
90577
90576
90521
90859
90715
90790
90781
90723
90735
90666
90697
90691
90600
90682
90554
90709
90782
90804
90504
90610
90656
90646
90784
90711
90712
90704
90573
90608
90718
90754
90650
90782
90706
90675
90576
90579
90628
90745
90695
90372
90589
90645
90475
90716
90610
90644
90677
90629
90509
90780
90740
90755
90716
90723
90602
90512
90493
