38643
38610
38371
38523
38540
38440
38498
38699
38728
38553
38648
38533
38555
38359
38390
38294
38470
38298
38513
38649
38528
38394
38387
38587
38456
38613
38806
38658
38789
38399
38720
38414
38388
38793
38460
38609
38563
38621
38465
38405
38802
38435
38503
38410
38270
38621
38462
38275
38448
38369
38585
38404
38481
38729
38416
38522
38288
38148
38252
38601
38637
38528
38462
38671
38793
38435
38673
38416
38498
38541
38566
38634
38471
38396
38409
38627
38586
38127
38540
38639
38550
38224
38187
38595
38508
38286
38627
38406
38287
38502
38349
38571
38679
38687
38208
38427
38507
38548
38608
38144
38341
38144
38395
38412
38610
38580
38466
38503
38577
38305
38595
38451
38612
38034
38365
38498
38500
38360
38403
38749
38588
38536
38448
38629
38437
38524
38161
38142
38579
38230
38494
38611
38961
38693
38413
38514
38562
38603
38582
38305
38588
38694
38676
38753
38610
38534
38626
38353
38431
38343
38548
38469
38495
38705
38432
38429
38661
38398
38333
38371
38502
38542
38417
38987
38516
38317
38278
38701
38316
38630
38399
38990
38168
38779
38652
38532
38539
38331
38339
38295
38395
38529
38553
38291
38547
38254
38721
38327
38568
38246
38594
38241
38584
38370
38349
38464
38564
38578
38626
38517
38378
38467
38622
38595
38676
38275
38553
38458
38545
38067
38206
38536
38437
38525
38741
38723
38350
38604
38361
38523
38265
38230
38633
38649
38359
38575
38573
38683
38475
38611
38570
38580
38537
38513
38699
38418
38310
38639
38584
38689
38793
38504
38292
38597
38609
38304
38761
38295
38545
38352
38297
38536
38356
38574
38271
38507
38389
38393
38509
38586
38593
38647
38372
38555
38599
38419
38410
38523
38173
38303
38528
38551
38293
38447
38576
38387
38415
38475
38460
38503
38321
38236
38350
38531
38505
38360
38308
38491
38470
38264
38708
38556
38262
38367
38218
38431
38351
38377
38366
38710
38103
38620
38338
38404
38323
38569
38255
38590
38653
38717
38429
38558
38505
38573
38418
38377
38761
38616
38666
38369
38617
38407
38182
38512
38484
38507
38488
38509
38254
38600
38435
38500
38493
38685
38751
38311
38517
38410
38163
38361
38379
38534
38367
38409
38393
38697
38327
38243
38650
38416
38302
38642
38451
38590
38394
38673
38541
38770
38454
38401
38571
38378
38579
38417
38212
38414
38716
38800
38240
38488
38750
38327
38725
38614
38430
38197
38277
38365
38336
38638
38478
38499
38724
38254
38462
38559
38468
38335
38285
38458
38356
38365
38142
38649
38412
38504
38321
38761
38623
38776
38445
38510
38549
38328
38430
38372
38610
38411
38824
38264
38326
38540
38380
38265
38377
38242
38651
38402
38398
38506
38468
38359
38603
38647
38503
38572
38376
38548
38518
38657
38203
38389
38511
38452
38431
38513
38203
38663
38290
38502
38631
38373
38481
38338
38473
38695
38474
38339
38338
38760
38369
38515
38576
38428
38277
38294
38588
38345
38516
38659
38543
38448
38778
38226
38639
38552
38409
38520
38676
38751
38570
38236
38548
38427
38701
38394
38530
38315
38462
38364
38467
38715
38378
38761
38491
38600
38357
38336
38260
38548
38527
38370
38831
38506
38403
38521
38073
38575
38539
38463
38517
38651
38546
38456
38497
38503
38353
38556
38357
38767
38375
38312
38524
38845
38328
38335
38635
38530
38684
38335
38514
38188
38460
38185
38512
38390
38238
38389
38340
38508
38587
38700
38510
38558
38319
38671
38468
38328
38401
38478
38722
38258
38527
38435
38400
38373
38566
38556
38350
38596
38609
38324
38329
38604
38264
38457
38485
38563
38497
38670
38407
38616
38408
38763
38315
38284
38335
38577
38571
38324
38494
38288
38490
38427
38495
38397
38360
38664
38654
38471
38347
38539
38443
38715
38647
38536
38518
38249
38310
38313
38543
38405
38296
38407
38399
38350
38218
38577
38729
38481
38437
38546
38508
38287
38506
38540
38420
38315
38491
38691
38346
38611
38535
38490
38463
38427
38546
38488
38464
38527
38521
38347
38493
38238
38778
38413
38300
38591
38678
38361
38511
38530
38464
38514
38586
38541
38455
38514
38686
38163
38391
38656
38512
38503
38270
38406
38618
38431
38155
38062
38490
38385
38322
38486
38449
38366
38434
38354
38408
38387
38502
38583
38309
38773
38438
38450
38579
38509
38592
38511
38342
38351
38509
38611
38279
38820
38540
38396
38633
38422
38476
38557
38414
38503
38704
38561
38337
38348
38275
38500
38300
38714
38490
38474
38325
38380
38545
38482
38305
38523
38360
38536
38513
38453
38551
38396
38433
38574
38491
38668
38439
38735
38356
38541
38317
38341
38474
38400
38634
38522
38426
38454
38659
38409
38579
38565
38380
38363
38819
38130
38507
38628
38449
38266
38802
38582
38261
38878
38311
38349
38677
38614
38513
38229
38452
38347
38311
38464
38523
38496
38488
38587
38281
38683
38545
38252
38640
38260
38379
38478
38450
38926
38595
38394
38525
38627
38345
38482
38265
38617
38543
38590
38276
38364
38552
38273
38311
38656
38479
38228
38752
38246
38090
38377
38504
38720
38358
38377
38351
38334
38449
38465
38450
38397
38576
38745
38049
38335
38694
38241
38276
38498
38270
38447
38272
38381
38440
38569
38408
38549
38306
38259
38419
38537
38302
38267
38440
38492
38484
38378
38445
38367
38491
38317
38227
38402
38401
38182
38716
38446
38526
38391
38638
38499
38551
38311
38445
38439
38637
38552
38274
38571
38416
38655
38291
38309
38496
38517
38512
38443
38436
38245
38429
38639
38472
38609
38478
38214
38364
38354
38358
38616
38615
38662
38364
38334
38445
38468
38372
38576
38619
38536
38442
38365
38470
38464
38235
38464
38364
38361
38649
38557
38508
38378
38493
38557
38539
38293
38675
38430
38696
38341
38408
38482
38344
38487
38250
38455
38318
38646
38344
38456
38443
38258
38308
38509
38555
38552
38136
38532
38493
38262
38424
38493
38458
38562
38563
38473
38535
38363
38282
38414
38416
38564
38556
38213
38493
38626
38476
38526
38339
38582
38432
38674
38492
38601
38541
38518
38399
38284
38745
38542
38637
38322
38768
38298
38373
38377
38389
38229
38504
38404
38344
38234
38455
38361
38554
38225
38668
38480
38395
38676
38502
38474
38287
38435
38555
38181
38476
38403
38330
38430
38414
38494
38673
38365
38075
38454
38385
38340
38483
38552
38359
38432
38257
38418
38475
38508
38350
38587
38408
38536
38646
38393
38452
38375
38489
38359
38483
38420
