44392
44426
44422
44357
44448
44289
44459
44561
44252
44488
44410
44371
44282
44455
44237
44420
44505
44560
44471
44266
44416
44409
43908
44659
44238
44128
44298
44639
44235
44642
44383
44501
44256
44242
44435
44409
44241
44436
44336
44007
44524
44469
44394
44396
44632
44158
44413
44748
44134
44213
44402
44339
44553
44350
44392
44466
44229
44431
44517
44304
44321
44166
44577
44538
44256
44567
44262
44427
44227
44286
44684
44542
44266
44603
44673
44519
44138
44169
44218
44289
44455
44391
44329
44584
44608
44383
44513
44302
44328
44415
44460
44351
44370
44173
44322
44710
44308
44479
44250
44678
44475
44322
44294
44698
44500
44545
44420
44345
44170
44352
44418
44410
44707
44473
44354
44585
44287
44216
44190
44368
44067
44458
44256
44294
44435
44420
44208
44147
44382
44608
44152
44391
44478
44564
44453
44372
44528
44369
44562
44380
44348
44542
44209
44450
44315
44488
44382
44501
44714
44466
44441
44161
44238
44332
44070
44684
44357
44186
44603
44478
44255
44182
44531
44055
44302
44432
44272
44310
44345
44342
44500
44381
44135
44254
44681
44323
44288
44327
44239
44342
44559
44879
44690
44463
44383
44417
44515
44449
44559
44436
44395
44247
44443
44169
44385
44180
44190
44034
44524
44291
44728
44612
44419
44191
44289
44531
44504
44157
44154
44112
44171
44420
44268
44522
44418
44332
44087
44033
44334
44555
44620
44383
44271
44151
44160
44551
44285
44384
44230
44250
44301
44235
44490
44502
44577
44197
44329
44615
44587
44306
44826
44172
44475
44167
44420
44522
44527
44531
44587
44279
44332
44461
44297
44284
44071
44299
44307
44327
44452
44297
44254
44411
44340
44439
44376
44150
44487
44242
44145
44549
44490
44381
44303
44704
44262
44292
44629
44485
44362
44554
44279
44383
44450
44518
44344
44083
44517
44202
44554
44707
44500
44334
44416
44502
44488
44213
44741
44350
44626
44206
44424
44452
44518
44080
44237
44159
44596
44371
44432
44315
44280
44453
44283
44250
44240
44499
44444
44223
44326
44405
44299
44392
44308
44311
44650
44707
44361
44437
44247
44217
44082
44346
44430
44381
44440
44335
44413
44399
44505
44104
44420
44523
44400
44094
44284
44394
44498
44403
44357
44427
44102
44489
44494
44242
44234
44369
44413
44365
44457
44381
44250
44362
44377
44700
44304
44607
44303
44412
44481
44468
44381
44320
44595
44378
44395
44336
44313
44342
44138
44303
44487
44211
44259
44502
44481
44334
44097
44421
44131
44352
44321
44220
44613
44209
44473
44660
44280
44563
44319
44438
44117
44529
44342
44047
44357
44399
44530
44419
44336
44282
44332
44445
44384
44231
44581
44400
44392
44518
44591
44269
44504
44133
44473
44432
44326
44157
44179
44349
44365
44055
44371
44351
44365
44327
44618
44457
44329
44290
44472
44334
44462
44293
44597
44534
44328
44234
44109
44224
44549
44361
44222
44427
44361
44337
44447
44370
44375
44220
44335
44339
44232
44292
44663
44279
44323
44407
44351
44407
44414
44553
44210
44536
44353
44505
44200
44446
44347
44190
44482
44281
44056
44332
44316
44575
44207
44678
44371
44503
44275
44234
44338
44496
44352
44215
44303
44329
44667
44383
44519
44404
44515
44062
44374
44390
44460
44453
44419
44551
44068
44282
44361
44512
44217
44019
44133
44483
44280
44324
44432
44476
44244
44114
44148
44132
44303
44202
44322
44362
44345
44470
44039
44242
44584
44227
44318
44161
44356
44509
44186
44535
44227
44522
44355
44339
44093
44233
44475
44221
44268
44308
44317
44394
44303
44511
44267
44291
44338
44277
44388
44171
44375
44307
44321
44400
44187
44313
44183
44215
44135
44511
44256
44307
44501
44274
44527
44390
44214
44206
44214
44157
44251
44217
44389
44439
44276
44124
44496
44361
44493
44147
44061
44390
44135
44241
44130
44419
44130
44296
44239
44258
44547
44356
44496
44539
44448
44040
44362
44426
44033
44408
44332
44141
44442
44327
44152
44390
44367
44430
44261
44439
44089
44078
44492
44298
44413
44464
44263
44297
44266
44243
44531
44258
44391
44153
44263
44472
44470
44369
44691
44345
44396
44290
44431
44121
44314
44201
44485
44214
44315
44263
44044
44074
44080
44559
44233
44299
44187
44240
44328
44347
44295
44356
44281
44433
44267
44285
44295
44042
44325
44202
44333
44442
44418
44358
44526
44229
44228
44375
43920
44233
44365
44181
44183
44275
44141
44189
44649
44451
44489
44339
44286
44260
44486
44319
44482
44302
44324
44431
44285
44400
44251
44454
44537
44033
44424
44245
44540
44399
44205
44736
44440
44208
44359
44393
44529
44417
44329
44377
43988
44239
44470
44666
44286
44293
44394
44361
44378
44242
44322
44372
44457
44163
44361
44264
44455
44320
44357
44392
44152
44220
44348
44190
44471
44329
44181
44464
44350
44214
43991
44178
44330
44502
44295
44203
44326
44272
44432
44330
44397
44114
44325
44210
43988
44520
44502
44471
44399
43916
44290
44286
44271
44540
44561
44386
44307
44450
44265
44590
44398
44559
44665
44286
44201
44455
44579
44019
44357
44310
44258
44683
44547
44353
44360
44567
44180
44399
44276
44470
44314
44437
44471
44616
44311
44388
44330
44357
44409
44536
44563
44014
44441
44207
44549
44231
44372
44256
44165
44325
44535
44436
44498
44445
44099
44150
44185
44255
44332
44143
44243
44407
44598
44443
44534
44184
44485
44259
44397
44389
44584
44236
44532
44407
44431
44289
44550
44136
44066
44319
44179
44004
44414
44332
44393
44161
44276
44310
44195
44273
44386
44558
44516
44563
44310
44475
44497
44346
44573
44500
44524
44503
44310
44555
44271
44378
44473
44538
44167
44418
44353
44439
44432
44469
44592
44313
44353
44302
44347
44522
44366
44410
44226
44431
44639
44495
44348
44234
44346
44181
44174
44168
44016
44347
44175
44426
44354
44140
44589
44385
44225
44028
44110
44441
44260
44166
44321
44247
44484
44192
44452
44541
44347
44244
44218
44382
44492
44330
44166
44406
44225
44169
44490
44349
44212
44367
44181
44464
44121
44215
44364
44443
44316
44393
44541
44663
44620
44628
44520
44485
44351
44247
44221
44260
44135
44225
44362
44589
44383
44417
44345
44458
44532
44350
44190
44132
44435
44291
44410
44227
44249
44616
44296
44403
44502
44412
44596
44116
44264
44456
44177
44422
44341
44458
44289
44282
44427
44566
44322
44374
44351
44339
44606
44613
44434
44594
44462
44371
44057
44302
44560
44416
