55717
55469
55302
55719
55642
55771
55975
55401
55680
55760
55489
55666
55435
55753
55509
55641
55606
55476
55441
55610
55450
55714
55739
56163
55387
55673
55633
55661
55479
55766
55418
55525
55601
55710
55606
55765
55805
55232
55994
55427
55641
55414
55707
55474
55552
55454
55701
55758
55478
55308
55709
55284
55619
55281
55606
55421
55663
55685
55794
55504
55869
55440
55599
55572
55614
55750
55365
55581
55414
55729
55445
55759
55791
55376
55721
55359
55816
55620
55565
55386
55326
55824
55363
55670
55458
55330
55430
55522
55451
55874
55396
55478
55563
55878
55492
55250
55800
55524
55314
55675
55615
55414
55524
55684
55390
55713
55550
55589
55114
55582
55467
55532
55602
55438
55650
55532
55502
55568
55303
55314
55493
55521
55614
55453
55602
55576
55661
55657
55770
55768
55697
55823
55768
55460
55481
55406
55546
55612
55584
55574
55663
55947
55786
55581
55547
55716
55684
55724
55662
55698
55648
55341
55665
55460
55599
55588
55507
55567
55926
55728
55658
55514
55544
55387
55457
55836
55463
55499
55509
55624
55715
55617
55858
55615
55356
55497
55723
55654
55655
55516
55503
55586
55679
55533
55959
55303
55554
55607
55622
55819
55376
55421
55459
55467
55831
55747
55911
55775
55383
55546
55735
55616
55566
55318
55420
55724
55340
55670
55481
55462
55440
55477
55632
55484
55647
55909
55443
55494
55667
55534
55511
55632
55412
55805
55721
55728
55790
55548
55695
55569
55618
55411
55633
55540
55240
55593
55576
55720
55472
55561
55378
55691
55422
55835
55496
55564
55511
55736
55813
55384
55339
55505
55927
55698
55662
55620
55182
55076
55394
55408
55276
55377
55499
55497
55405
55546
55621
55345
55367
55583
55446
55701
55561
55427
55446
55785
55575
55543
55634
55386
55486
55531
55179
55547
55487
55664
55448
55497
55713
55518
55533
55543
55831
55565
55891
55326
55820
55698
55633
55704
55484
55493
55465
55533
55682
55917
55443
55255
55463
55612
55688
55387
55597
55513
55425
55439
55627
55564
55198
55147
55718
55485
55254
55711
55442
55784
55442
55463
55619
55696
55436
55489
55577
55269
55634
55675
55495
55575
55658
55849
55345
55276
55562
55471
55632
55348
55276
55417
55718
55789
55541
55498
55719
55594
55595
55533
55922
55307
55729
55401
55514
55223
55402
55574
55580
55605
55882
55494
55623
55588
55689
55631
55415
55327
55592
55637
55496
55395
55545
55416
55412
55534
55599
55201
55456
55477
55531
55351
55482
55205
55369
55426
55497
55626
55434
55286
55713
55591
55601
55630
55547
55927
55700
55742
55654
55543
55578
55479
55294
55521
55535
55711
55608
55758
55583
55530
55431
55447
55705
55518
55684
55359
55867
55324
55457
55941
55877
55679
55615
55559
55562
55533
55263
55537
55531
55636
55578
55690
55697
55913
55651
55285
55815
55712
55477
55694
55393
55591
55654
55538
55238
55457
55568
55525
55551
55670
55692
55797
55560
55568
55758
55532
55671
55664
55449
55696
55608
55528
55801
55463
55631
55748
55369
55619
55633
55343
55460
55724
55712
55703
55603
55447
55676
55545
55480
55880
56009
55752
55402
55378
55569
55727
55568
55492
55639
55567
55594
55748
55629
55513
55540
55715
55577
55467
55552
55639
55270
55612
55628
55576
55293
55580
55617
55659
55170
55764
55607
55529
55552
55948
55496
55318
55477
55779
55295
55546
55415
55673
55467
55647
55466
55432
55767
55480
55530
55651
55679
55924
55490
55879
55635
55616
56127
55693
55621
55666
55651
55492
55608
55716
55860
55750
55451
55578
55712
55565
55389
55403
55705
55754
55781
55448
55680
56026
55598
55585
55471
55627
55701
55396
55447
55349
55604
55631
55668
55486
55703
55575
55733
55487
55700
55648
55594
55574
55599
55434
55427
55531
55613
55578
55425
55587
55618
55396
55476
55610
55825
55828
55729
55335
55852
55774
55491
55709
55459
55528
55751
55516
55461
55499
55440
55352
55599
55326
55625
55729
55701
55653
55393
55755
55410
55602
55549
55410
55506
55583
55460
55609
55340
55486
55580
55634
55578
55328
55590
55382
55516
55423
55471
55570
55441
55408
55567
55443
55540
55608
55866
55445
55537
55477
55254
55426
55649
55684
55468
55443
55484
55401
55674
55502
55615
55628
55691
55705
55835
55914
55766
55623
55441
55495
55263
55439
55475
55741
55472
55331
55758
55280
55575
55446
55536
55718
55514
55600
55620
55773
55542
55392
55553
55478
55553
55547
55553
55544
55845
55939
55712
55560
55507
55602
55777
55670
55789
55583
55619
55562
55846
55779
55580
55322
55490
55785
55781
55380
55612
55556
55420
55483
55299
55611
55833
55808
55335
55641
55580
55554
55709
55210
55495
55755
55841
55578
55339
55561
55685
55609
55846
55610
55733
55397
55580
55380
55498
55575
55631
55322
55495
55716
55358
55721
55569
55377
55416
55379
55359
55625
55461
55810
55477
55560
55403
55489
55380
55561
55303
55560
55664
55754
55377
55613
55605
55254
55476
55501
55552
55381
55536
55553
55614
55674
55355
55420
55365
55514
55605
55426
55593
55322
55754
55783
55561
55641
55497
55535
55296
55568
55702
55448
55763
55683
55359
55598
55669
55562
55738
55535
55496
55584
55699
55513
55496
55696
55526
55533
55819
55590
55815
55693
55662
55817
55750
55771
55598
55357
55607
55411
55488
55469
55752
55568
55672
55686
55540
55496
55641
55828
55822
55738
55536
55876
55602
55454
55228
55669
55438
55628
55430
55530
55481
55379
55637
55617
55425
55368
55359
55196
55864
55538
55502
55802
55245
55469
55626
55826
55470
55686
55496
55519
55337
55476
55623
55589
55474
55572
55449
55716
55607
55181
55516
55451
55513
55778
55788
55879
55527
55629
55367
55497
55332
55747
55943
55476
55306
55717
55767
55574
55791
55669
55843
55689
55626
55592
55239
55617
56035
55677
55432
55475
55677
55597
55685
55792
55501
55482
55570
55776
55599
55578
55693
55604
55596
55555
55639
55444
55768
55431
55783
55882
55738
55713
55627
55541
55928
55512
55599
55463
55910
55763
55618
55639
55422
55680
55783
55565
55447
55638
55267
55562
55509
55458
55537
55485
55495
55528
55336
55373
55327
55848
55644
55695
55451
55726
55549
55373
55907
55305
55651
55762
55946
55432
55548
55594
55549
55479
55673
55842
55741
55362
55622
55307
55485
55338
55585
55564
55489
55745
55509
55568
55756
55729
55664
55617
55536
55638
55642
55552
55558
55804
55639
55659
