299402
300536
300517
299861
300207
300487
299972
299875
298808
300296
299862
301180
300395
299773
300146
299806
299931
299815
299272
300429
299829
300298
299067
300241
299485
300005
300014
300309
299801
299904
299292
300918
299960
300359
299910
299916
299980
300058
300668
299801
299731
300373
300594
299862
299988
299091
301048
299423
300853
299314
300084
300169
299866
299355
299794
299691
299022
299828
299817
299452
300840
300073
300162
300330
299989
299903
299954
299300
300472
299915
299692
300245
300341
300337
300542
299614
299434
299987
299673
300286
300130
300059
300746
299819
299690
299963
299569
300409
299570
300496
300099
300011
299561
299392
298858
300106
300684
299921
300788
299686
299796
299600
300721
300134
300456
299897
299827
299833
299457
300491
299447
300273
299914
300941
299367
299620
299540
299641
300257
300276
299595
299301
300680
299645
299580
299578
299375
300701
299634
300680
300100
299476
298991
300126
300489
299649
300441
300124
299681
299544
300449
299852
299701
299676
299772
299047
300850
299770
299895
300353
300291
299806
299310
300309
299352
299760
300511
299656
300103
299693
299086
299997
300001
300473
299946
300216
300478
299715
300255
300564
299835
299632
299595
299802
299673
300293
300165
300321
299959
300376
300186
300048
300017
300054
300096
300408
300196
299728
300399
299693
300008
299229
300475
299926
300352
299253
300262
300243
299835
299610
300089
300870
299503
299873
299825
300471
299686
300321
300430
299534
300031
300022
299374
300050
299599
299480
300774
300216
300385
299576
299799
299931
300311
299876
299489
299823
299304
300063
300134
299271
299909
300011
299772
300319
299586
300022
299846
299751
300107
300212
300493
300882
300121
300292
300137
300073
300626
299967
299683
299607
300122
300392
300098
299877
300268
300514
300535
299880
300671
300163
300547
300387
299863
300157
299509
300157
300261
300106
300134
299494
299460
299486
300219
300270
299847
300023
300421
300475
299724
300408
300543
300146
300443
300123
300500
301092
299840
299455
300162
299529
300354
299931
299614
300190
300073
300003
300131
299281
299392
299648
300691
300044
299140
299014
300790
300010
300317
300318
299460
300305
300185
299756
300264
299923
299528
299428
300385
300047
299415
301129
299692
300538
299813
299531
298886
300480
299877
298763
300304
299782
299338
300048
299477
299872
300915
299433
300855
300235
299926
300620
300320
299976
300737
300270
300166
300602
299259
299932
300247
300735
299802
299668
300037
299695
299843
300347
299483
299859
299966
300424
300560
300066
299681
299685
300079
298762
299360
300207
299790
299478
300755
299907
300428
299821
300687
298962
300570
300260
299655
299252
300420
300279
300976
300000
300392
299765
300594
300271
299977
299925
299919
299879
300179
300495
300000
300226
300207
299868
299656
300304
300059
299797
300659
301149
299575
299265
300218
300221
299203
299990
299985
300195
300521
299287
299834
299856
299420
299604
299776
300043
299391
300014
299606
299887
299607
300703
299704
300585
299825
300370
300587
299362
299806
300375
300643
300692
299673
299720
298685
299736
300210
299174
300087
300344
300977
300276
299720
300282
300383
300111
300427
300266
300403
299514
299483
300532
300889
300366
300126
300378
300641
299569
299860
299751
299557
299342
299268
299407
299730
300207
301030
300548
299754
299396
300591
300050
299975
299961
299838
299548
299237
299841
300152
299441
299699
299954
300041
300450
299551
300600
300312
299603
299334
300125
299309
299602
300113
298819
299794
300479
300208
299797
299876
299893
299834
300098
299179
300179
300370
299984
299944
300464
298855
299321
300262
299880
299825
300108
299793
301023
300876
299299
299403
299872
300381
300123
300344
300080
299985
300093
300384
299752
299692
299833
300507
299244
300442
299859
300340
299524
299352
300082
299808
299911
300016
299426
299329
299560
300547
299187
299679
299173
300084
299755
300082
299799
299880
300995
300591
300093
300002
300153
299958
299250
300440
299836
300440
299432
300280
300049
300216
300285
299588
299433
300369
299924
299776
300619
300118
300625
300622
299974
300342
299521
299453
300062
300261
299973
299635
300241
299695
300251
300473
300496
300199
299599
299203
299878
299132
299818
299479
299856
300258
299637
299872
300461
301015
300096
299834
300945
300319
299337
300242
300494
299959
300876
300658
300238
299695
300401
299968
299424
300507
300301
300083
300170
299263
300052
301028
299682
298805
300605
299942
299192
300072
300041
300552
300110
300554
300039
300402
300581
299706
299984
299801
299268
300143
300540
299649
300112
300575
299305
300486
300034
299026
300131
299933
299673
300494
300047
299493
300253
300945
299835
299797
299723
300534
299748
300518
299597
300389
299518
299523
300874
300190
299846
299727
299968
299433
300118
299977
299253
300427
300034
300263
300009
300374
300228
299585
299567
300083
299375
300328
299866
300242
299905
299541
300637
300092
299717
300003
300239
299337
299872
300231
299495
299088
300698
300110
300015
299523
300516
300322
299593
298874
300693
300217
300159
300115
299330
299845
300277
299879
299842
299950
301331
299829
299736
300608
299659
300041
299934
300097
299619
300429
300208
299830
300824
299829
299178
298983
299787
300362
300283
299994
300499
299648
300381
300523
300650
299436
299866
299502
301054
300075
300520
300229
301007
299717
299974
299916
300604
300420
299857
300487
298502
300634
300099
300076
300214
300233
299888
300359
300228
300097
299971
300602
299248
301098
300039
300136
299544
299138
300031
301057
299956
299838
300654
299813
299868
300636
300325
300612
299501
300689
299523
299726
299982
300033
299468
299739
299962
299812
299743
300441
299382
300016
299852
300142
299900
300148
298710
300354
300412
300389
300134
299642
299750
300193
300136
299884
299901
299441
300290
300646
299133
299588
299938
299951
300168
300772
299635
299597
300908
299870
299876
300217
299770
300198
300435
299619
299352
299717
301027
300219
299719
299654
299826
299770
299851
300465
300859
299064
300529
299785
300283
300421
300585
299793
299282
300455
299997
300177
300469
299926
300100
299786
300191
299674
300335
300530
300630
299922
299926
299685
299826
300704
299908
299766
299782
300435
299545
300421
299866
300582
299769
299855
299359
299712
300607
299939
300073
299991
299757
299730
300295
300593
300555
300913
299540
300223
300130
300870
299719
299869
299533
299084
300101
300396
300012
300114
300562
299860
299665
299331
299467
299772
299729
300189
299803
299858
299871
300004
299608
299365
299540
300209
299968
299750
300194
299965
300897
300401
299095
299358
300850
299996
299853
300855
300096
300092
299813
299802
300676
300258
299848
299621
300237
299894
300283
299097
300020
300079
301596
300755
299805
300401
299656
300252
300463
301050
300264
300046
299322
300137
299975
300317
300081
299410
300752
299888
299961
300376
300694
300031
299976
299583
300546
299093
299985
300476
300328
300483
299422
299885
300857
300552
299968
299847
299689
300160
300366
300224
300538
299854
300074
300607
299286
299558
300155
