399460
400081
399954
399851
400427
399856
399742
399983
400620
399211
400146
399252
400310
400119
400362
399946
399774
400645
399828
399820
399984
399813
399600
400722
400984
400251
400740
400105
400174
399341
399378
400006
399444
400342
399716
399652
400818
399456
400701
399105
400548
399710
400801
399628
399759
400206
398985
399777
399782
399961
399496
399438
400448
400405
399957
399906
400206
399492
399741
399885
400141
400197
399698
400235
400178
399668
399259
400994
400180
400846
400760
400624
399389
400015
399555
399333
399670
400334
399897
400142
399681
400373
400283
399827
399833
399994
399335
401173
399570
400909
400102
400455
399902
400271
399055
400302
399631
400039
400464
400834
400123
400007
399879
399929
400625
399922
400468
399105
400681
400014
400029
400142
399397
399518
399964
398912
400106
399133
400627
400164
399356
399601
399714
400640
399672
400250
400500
400302
399351
399996
399876
399908
400067
400653
400448
400396
400160
399621
401220
399074
399873
400200
400506
399830
399116
399477
400157
399443
399645
400072
400109
400656
399554
398990
399480
399338
400285
400375
399567
399704
399862
399975
399978
399819
400197
400256
399882
399241
400282
399757
400448
399979
398772
400284
400120
400187
399550
400347
400667
400659
400105
399782
400445
401128
399910
400335
399572
399955
400713
400668
399702
400614
399419
399771
399688
399977
400431
399994
399693
399430
399804
399473
399686
400446
400108
400127
400324
400364
399534
399091
399665
400303
399712
400108
399424
398979
400498
399739
400235
399404
399819
400542
400660
399829
398643
400496
400114
400062
399803
399860
399664
399673
400231
399729
399831
400370
400109
399284
399044
400328
400351
400253
399889
399300
398463
399997
399619
399828
400227
399715
399748
399975
399825
400341
399697
400212
400651
400204
399396
399852
400382
399187
400369
400920
400583
400000
399391
399356
399749
400445
399656
399590
400250
399783
400570
399980
399971
400808
399203
399955
399665
399489
400277
399462
399944
399641
399365
400343
400076
400624
399695
400180
400543
399640
400718
400201
400531
400068
399709
399831
399982
400532
399832
399810
400081
399623
400728
399869
400162
399991
399684
400021
399434
399598
398882
400111
399962
400645
400769
399965
400002
400169
400178
400200
399614
400271
400418
399624
399570
399165
400389
399887
399667
400696
399473
401012
399485
399953
400412
399404
400172
400284
399408
400463
400420
399449
399506
400850
400624
400259
400146
399903
400063
400133
399432
400052
400213
399609
400135
399762
399561
399772
399217
400455
399595
399379
399700
399862
399498
400144
400304
400168
399174
400266
400124
399824
400899
400029
399477
400379
399465
399498
399896
400322
399233
399189
399949
400508
400200
399724
399490
399106
399991
398945
400702
400076
400425
400421
400287
399486
399067
400819
400653
400041
400654
400356
399752
399631
399860
399675
399762
399900
400800
399987
399913
399638
399807
399718
400213
399525
401088
399946
400158
400215
401248
399639
399559
400529
399861
400067
400066
399880
400790
401019
400395
399972
400716
399976
400566
399527
400826
400657
401034
400390
400100
400822
399875
400472
400170
400868
399886
400453
399721
399493
400066
400309
399507
399628
399723
398833
400869
399905
400058
400527
399983
399752
400245
399162
400047
399704
399519
400812
399559
400730
399012
400466
400193
399871
399899
399815
400598
400217
400260
400274
399864
400123
399426
399495
400270
400275
400882
400380
399930
399655
399813
399105
400078
400144
400091
399297
401155
400446
399858
399837
400258
400017
399743
400095
400406
399992
399633
399734
399947
400276
400095
400066
400825
400602
399712
400381
399504
399608
400295
400031
399970
399886
399928
399949
400225
400683
400737
399397
399832
398830
400776
399468
399632
399271
400063
400298
399939
400305
399955
400018
400192
400081
399518
398934
399324
400221
399908
399977
399603
400507
400000
401165
400204
400380
399929
399784
400402
400241
400687
400599
400284
399325
400488
399974
400435
399993
399686
400595
400031
400019
399712
399311
399494
399762
399549
399845
399309
399711
400103
399365
400695
399140
400307
400007
400081
401370
398769
399152
400101
399953
400340
399835
398996
399958
399694
400475
400448
399844
400311
399430
399638
399331
399731
400829
399883
400442
399292
399875
400533
400187
400851
400808
400095
399589
399685
401162
400692
400212
399187
400438
400104
400337
400037
400017
399915
400138
400300
400400
399650
399894
399505
399850
399936
401225
400372
400210
399773
400628
399936
400809
399877
401035
399956
399686
399381
399848
399029
400483
399646
399962
400027
400329
399667
400259
399944
400892
400116
400649
400328
399790
399658
399485
399674
399583
400218
400286
400190
399443
400471
400703
400326
400264
400040
400261
400086
399936
400584
399483
399753
399598
399977
400682
400008
399872
399744
401096
401171
399240
399983
401160
399662
399681
399207
399645
399326
399378
400028
400283
399542
399852
399729
399437
400494
398812
400368
399074
399790
399799
399810
399040
400062
399520
399845
399400
400860
400174
399685
399446
399131
399957
399200
400212
400468
400782
400802
399513
399756
400160
400422
399454
400591
399732
399121
399711
399300
399981
399864
400191
400669
400135
399145
399911
399413
400277
400074
400045
400232
400298
400577
399415
400000
399423
400168
400694
400198
399720
400101
399328
400897
401134
400127
400173
400261
399506
398985
400216
399494
400141
399738
400151
400119
400399
399626
399899
399007
401125
400030
400346
400420
399653
399476
400034
399372
399487
399295
400335
400151
400340
400509
400376
400894
399477
400316
399035
400396
400735
400069
399591
399388
399217
400227
399532
400857
399916
399612
399452
399750
401064
400063
400235
400060
399638
399172
400154
400369
400582
399911
399819
400283
399148
400160
398706
400202
399700
399936
400616
400806
400825
400635
399573
400229
400291
401085
399699
399208
399897
401234
399610
399021
400327
400388
399530
400183
399933
399367
399647
399957
399616
399879
399642
400350
400093
400297
399896
399976
399998
400267
400454
401460
399876
399487
399912
399451
400654
399884
400480
398904
400048
399850
399919
400561
399959
399617
399441
399449
399769
400833
400040
399386
400276
400292
399840
400092
399720
400794
400108
399818
400059
399815
399813
400411
400164
400593
399860
399707
399533
399078
399872
399743
400600
400484
399505
400243
400696
399833
400731
399755
400124
399220
399675
399424
399881
400341
400298
400759
399759
399854
400901
399624
399834
399763
401236
400022
400295
399770
399997
400105
399915
400315
400249
400123
400616
399671
400876
400003
399790
399029
401044
400099
399921
400627
399268
400329
400383
400376
399567
399433
399473
399925
400193
399950
400410
400004
399884
399609
400052
399845
399753
400187
399259
400702
399233
400122
399825
399937
399915
400021
400011
399473
400909
400658
400712
400124
399649
400546
400520
399670
399660
399861
400512
400453
400281
400105
400337
400500
400199
400482
400458
399775
400576
399397
400986
400083
400220
399229
399222
