700657
699394
700227
699966
700477
699893
700062
699799
699373
700058
700005
699774
700272
699811
700592
699533
699580
700760
700291
699926
700412
699980
699768
700422
700298
700180
700300
700659
699585
700254
700200
700559
700402
700371
699277
699825
700052
699984
699510
700305
700091
699735
700483
699971
699990
699573
700307
699230
700275
698521
700612
699564
700195
699526
699952
699737
699591
699935
700629
700039
700158
699312
699423
699821
700727
701006
699451
699936
699992
699807
700638
699996
700310
700153
699672
699719
700047
700182
699746
699911
699880
699369
699542
700019
699589
699689
699911
700087
699342
700530
700381
700134
699817
700633
700006
699964
700342
699674
701017
699854
700948
700533
699580
699468
699187
699595
699384
700868
700296
699571
700098
700514
700373
699790
700177
699349
700067
700722
699840
699864
699118
699404
699699
700525
699366
699525
699774
700303
700391
700588
700335
700092
699911
699285
700595
700146
700392
700227
700283
699197
699931
700480
699616
699182
700090
700330
699164
699755
699389
699286
700562
700684
700276
700120
700733
700076
700695
700105
699891
700148
699901
700140
699677
699228
699766
700418
699560
700074
699757
700863
699601
700137
699714
699370
700793
699412
699476
700121
699615
700004
700379
699841
699819
700334
700365
699770
700423
700658
699589
700477
700789
700004
700014
699883
701073
700317
700275
699878
699716
699649
700653
700656
698890
700630
700010
699551
700977
700462
700939
701148
700000
699653
699634
700661
699929
700487
700133
700476
700384
700795
700475
699587
699420
700766
700309
700104
699823
700105
699774
699616
700182
699827
699443
699864
700422
699632
700034
700315
700179
699693
699829
700235
699226
699462
699732
699710
700010
699759
699820
699682
700070
699398
700154
700145
700361
699781
700648
699183
700125
700333
701018
699682
698674
700518
700585
700314
699333
699695
699954
699948
699994
700995
699734
699864
699808
699588
699682
699112
699566
698488
700025
700316
699893
700116
699869
700472
699657
700551
699068
699575
700471
700546
700981
699353
699912
699368
700556
700407
699855
700680
700038
699693
699896
700426
700849
699853
699821
700494
699689
699619
700141
699914
699825
700142
700529
701030
699624
700239
699887
700998
699447
700205
701149
700014
700250
700076
700119
699640
700426
701166
699792
699385
699582
699590
699282
699910
700429
699416
700342
699167
699715
700211
699492
699833
701302
700171
700043
700016
700492
700523
699112
699427
700667
700028
699515
700574
700170
699590
700033
700666
699614
699232
699792
699401
699688
700369
700370
700081
700167
700149
700073
698937
699960
698706
700174
699534
700327
700366
699411
700276
700263
699941
700695
698931
700484
699415
700395
700636
699839
699351
699813
700024
700526
700289
698718
699774
700061
700000
699867
699524
700033
699538
700234
700033
699626
699571
700427
700515
699822
699245
700282
700352
699777
699691
700281
699352
699730
700144
699441
699947
700303
700142
700615
700495
699528
700229
700821
699773
699829
699464
700340
699775
699832
700368
699735
700528
700305
700005
700007
699406
700039
699704
700087
700086
699949
699750
699952
699953
700228
698902
700121
700536
699965
699912
699975
699955
700102
700756
699476
699870
699763
699443
699719
700049
700390
700066
699979
699498
700447
699860
700211
699394
700760
700002
699112
699682
700040
699560
700207
699577
699869
699580
700244
699757
699207
700511
699649
700036
699327
700292
700526
699577
700307
700898
699512
699605
699924
700239
699496
699830
700646
698990
699885
699950
700223
699685
700588
700168
700249
699867
700597
699524
700344
699514
700257
699814
700041
700547
699928
699471
700433
700026
699838
700183
699387
699657
699882
700235
700063
699927
701421
700059
700109
699981
699829
700163
699945
699450
699233
700109
700557
700174
700010
700630
700585
699893
699943
699805
700596
698750
699673
699472
698910
699981
699272
699675
701374
700602
700469
699962
699690
700682
699418
699498
700489
700705
699953
700585
701020
700021
699941
699364
699725
699926
700046
699587
700254
699531
699317
699559
701374
700115
699946
699905
699553
700010
699385
700541
700402
699805
700074
699537
700292
699453
699667
699363
700189
700084
699990
699956
699208
699905
699732
700037
700485
699218
699642
700824
699359
699694
699844
700490
699411
699651
699547
699845
700047
699374
700406
699357
700558
699871
701023
700028
699725
699083
699183
700033
700018
699371
699738
699211
699648
698771
700371
700532
700098
699280
700263
700478
699687
700090
700294
700503
699564
700282
700648
700083
699477
700370
700112
700080
699348
700028
700462
700203
699748
699851
700151
699808
700595
699980
699291
700454
700056
700214
700082
700546
700507
700005
700201
699944
700195
699965
700344
699403
700160
700168
700151
700387
699486
699805
700026
700228
699167
700433
700471
700686
700024
700544
700094
699337
700278
700763
699781
700464
699530
699680
700394
700422
700504
700538
700342
700842
700765
700580
699519
700249
699814
699783
699891
699543
699928
699641
701027
700280
700187
700125
699375
700537
700203
699039
700173
699727
699965
700403
700339
699848
700652
699727
700394
700945
700248
699376
699605
700791
700075
700150
700341
699573
700530
699966
700156
700044
700114
700262
699388
699016
699664
699593
700124
699693
700418
699902
700813
700516
699786
699568
700254
700210
699859
700075
700192
700392
699656
700955
699123
700247
700393
700037
699854
700243
700114
700207
699359
699929
699853
699771
699987
699925
699771
699735
699816
700080
700206
700836
700436
700495
700563
701084
699766
700481
699894
699780
699646
700380
699884
699654
699941
699864
700589
699997
700038
700539
699019
699563
699941
700370
699903
699807
699681
700782
700334
700365
700414
701211
700469
699960
700610
699865
699432
700033
699875
700482
700497
699921
700428
700311
700739
700604
700848
699797
699283
701108
700531
700058
699986
699849
700682
699881
700113
700143
699820
699987
699700
699927
700676
700211
700170
699944
700025
700421
699866
700264
699906
701275
699875
699154
700707
700586
700807
700100
699952
699465
699867
700241
699713
700107
700693
700473
699825
700168
699578
699452
699927
699972
700099
699728
700212
699321
700563
700456
699792
699440
699640
700503
700009
700399
699945
700237
699915
699353
699897
699584
700184
700074
700108
699985
699793
700277
699951
700446
699813
699840
699512
699323
700110
700328
699418
699316
699300
700069
699981
700052
700250
699258
699725
700345
699621
700476
699904
699441
700900
700360
700967
699722
700146
700792
700974
700949
700132
699710
700541
699621
699852
700376
699869
699871
699846
700107
699851
700411
699459
700003
699294
699605
700342
700164
700329
700489
699425
700269
700597
699996
700568
699492
699918
700095
700362
699941
700328
699848
699721
700215
700049
699964
699326
698962
700512
698953
700358
700776
699190
700507
700241
699048
699629
699491
700567
699735
699869
700019
699307
699791
700506
700374
700351
699914
699975
699558
699795
699826
700463
700663
700006
700496
700510
699404
700626
700093
