600347
600321
600829
600697
599855
599498
598886
599909
599725
601055
600105
600141
600570
600189
599851
600110
600571
600291
599515
599527
600530
600129
600092
599548
599375
600267
600706
599297
600159
600700
599906
600081
600278
600429
600511
600241
600199
599437
599276
599299
600255
599601
599879
599716
599103
599133
599178
599565
600207
599273
600381
599281
599813
599496
599233
598914
600451
599935
600399
599259
600306
599975
600138
599172
599640
600362
599494
600508
600023
598815
599534
600160
599230
600251
600996
599753
599885
600394
600082
599870
599559
599165
600538
601539
599685
599986
600099
600226
600179
599269
599926
599762
599514
599582
599904
599674
599962
601212
601042
599409
599826
599500
599933
600284
599576
600031
600336
599428
599805
599604
600092
599971
599976
600733
599950
599918
600534
600553
600547
600946
600434
599552
600000
599784
600098
600057
600354
600296
600757
599121
600036
600058
599439
599977
599275
599810
599758
600041
600185
599630
599762
599436
599596
599790
600244
599727
599568
599756
600315
599989
599685
600128
599279
599988
600200
600278
600153
599382
599718
600432
600496
600947
600057
598715
599860
600180
600207
600320
599706
599944
600058
600345
600321
599278
600177
599664
600749
599730
600182
600247
600041
599520
600173
599773
599853
600416
599685
599841
600376
600371
600591
600161
599722
599946
598963
599810
600494
599100
599348
600664
600350
599855
599631
600326
600154
599712
599979
599312
600812
599494
600758
599553
600492
600430
600477
599950
599985
600796
600645
600073
600166
600055
599699
598835
599763
600109
600369
599892
600503
600575
600012
599951
599371
600002
600442
600188
599525
600139
599865
600622
599969
600293
600263
600022
600936
599718
600449
600095
599960
600012
599722
600157
599642
599762
600637
599309
600550
600057
600258
600095
600122
600994
599733
600261
599721
600437
600780
599653
599617
599789
599166
599920
600317
600405
600467
599278
600204
599142
599903
599744
599838
599843
600017
599244
599509
599582
599848
600138
600111
599729
600614
600288
600681
600465
600158
599495
599153
599576
599995
600493
599313
599665
600007
600049
600133
599895
599083
600152
599766
599919
600874
600652
599590
599523
600161
599572
600598
600261
599642
600860
599879
600017
600582
600722
599948
599456
600303
600892
599937
600250
599309
599660
600240
600404
599085
599779
599346
600298
599683
601156
599539
599806
599734
600374
600998
599710
600101
599814
599942
599654
599832
600337
599752
600264
599831
600026
599854
599828
600496
600614
600811
600424
599532
599918
600256
599670
598674
599926
600511
600630
600307
600510
599221
600646
599628
600301
600364
600239
600220
599780
600201
600422
600160
600293
599677
600977
598833
600114
599579
599997
600417
598636
599758
600068
599541
599977
600666
600327
600394
599342
601057
599770
599956
598815
600176
600013
600714
599776
599909
600921
599988
599467
599509
600588
599288
599378
600289
599627
599966
599576
600265
599683
600507
600622
600285
599949
600064
599594
599668
601048
599224
599249
599211
600529
599811
600721
599587
599999
599422
599704
600051
599600
600585
599655
599623
599488
599323
600269
599710
599447
599771
599558
600544
600130
600132
600140
599696
600362
599731
599788
599892
600824
599800
598731
600320
600012
600939
600597
600084
600023
599616
599190
600154
600203
599945
600038
599835
600129
599095
599087
600087
600195
600065
600315
599811
599844
600222
600244
599827
599739
600251
599740
599600
600261
599477
600299
600286
599392
600823
600010
599606
600182
600365
600222
599448
599684
600105
600492
600188
599794
599204
600354
600045
599950
600237
600053
600312
599650
599463
600359
599875
599798
599616
600280
600772
599903
600017
600608
599467
599889
600073
599483
601024
600750
600075
599300
600330
600128
600077
600158
600486
599573
600512
600583
600215
599923
599911
599094
599697
600751
600092
599700
599506
600172
600974
600141
599789
599934
599411
599705
600046
599836
599316
600044
599811
599914
600610
600723
600126
600853
599780
599709
600393
600106
599828
599380
600341
599706
599687
599443
600489
600765
600129
599905
599871
600528
600212
600249
600275
600932
600078
600271
599678
599528
600070
599592
600241
600062
599231
599870
599598
599887
598986
600105
599869
600667
599968
599936
599881
599976
599985
600957
600428
600549
599746
600239
600400
599985
599229
600157
601232
600291
599591
600821
599425
599338
600518
600314
599473
599883
600452
600371
601067
600720
600727
600213
600285
600687
600372
599875
600211
599782
599257
600795
600349
599590
599820
599321
600836
599320
599940
600439
600981
599706
599422
600589
599256
600256
600364
600152
598974
599313
599501
600640
600146
600115
600461
600084
599676
599771
599734
599658
600555
599175
599666
600600
600345
599924
600364
599993
600408
600495
599697
600566
598770
599897
600227
599641
600761
600550
599555
600249
600172
600505
600038
599941
600472
600183
599863
600683
599529
599844
599264
600254
599706
600701
599220
599863
600185
599539
599425
600334
599828
600706
600561
600268
599476
599603
599300
599451
600673
599801
600162
600178
600039
599596
599542
600243
599597
599356
600554
599873
599945
600742
599933
599517
599562
600606
600586
599852
599780
599260
600147
600096
599807
600468
599615
600205
600179
599971
600170
599556
600352
599716
599972
600582
600076
599398
599913
600552
600059
599752
599664
599381
599583
599913
599989
600521
599661
599874
600912
600417
599803
599210
600338
599572
599608
600020
599540
600291
599636
600675
600379
600198
599903
599867
598644
599758
599867
601296
599621
600272
599977
600408
600242
599939
600301
600089
600092
600313
600100
599913
600792
599943
600540
600079
599640
599408
600433
599281
600279
599670
600780
599838
599409
599205
599285
600011
599738
599439
599707
600537
599642
600003
599493
599170
600074
600796
600275
600917
599811
600563
599363
599674
600399
600043
600061
599261
600221
599819
599677
600036
599930
599618
600364
600184
600209
599867
600120
600002
599815
599038
600731
600553
599927
600389
600186
600852
600335
600524
600098
600504
600417
599675
600816
600042
600394
600327
599265
599482
599899
599495
600391
600270
600613
599775
599907
600209
599282
600309
600278
599283
600249
600316
600543
600396
600611
600216
599584
600259
599294
599495
599949
600278
599762
600780
599929
599289
599671
600367
599117
599937
599724
599912
600143
600546
601129
599890
599095
599489
600427
599256
600033
599610
600425
599879
600058
600301
599858
599946
600307
600819
600102
600016
599936
599334
600529
599523
599839
599281
600214
599268
600276
601004
600121
600038
600308
599952
600295
599637
599671
599920
600138
600402
600395
600232
600254
599445
599618
600018
600509
598850
599407
599552
600135
600785
600692
599243
600005
600533
599260
599289
600724
599939
600477
599429
599389
600943
599539
599887
600264
600402
599817
598958
600114
600569
599908
598814
600127
599464
600458
600643
600448
600778
599759
598810
599245
599290
599822
601617
599694
600646
600977
600264
600047
599975
600098
599208
600245
600448
