423605
423291
422980
423447
423336
423150
423182
424133
423626
423927
422397
423146
423616
424111
423371
423736
423228
423319
423695
423330
423564
422948
423528
423000
423767
422994
423914
423351
422495
423476
422766
422929
423278
423442
422937
423032
424035
422844
423472
422732
423724
423664
423625
423613
422906
424077
423309
422670
422595
423434
423622
422445
422652
423156
422618
423452
423496
423156
422773
422713
423032
422681
423315
423907
423605
423205
423247
423196
422570
423663
422791
423115
423964
423397
423016
424275
423683
422856
422604
423210
424049
423680
423333
424462
422971
422863
423384
422825
422969
424402
422720
423197
423261
424692
423480
423745
424177
422798
423223
423432
423974
423481
424070
423582
422984
423940
423319
423545
423701
424333
423062
422398
424271
423674
422836
423063
423771
423498
422891
423254
422871
423066
423358
423374
423309
422725
423135
423158
423468
423948
423408
424093
423015
423373
423339
423302
423414
424202
423626
423105
423687
423331
423474
422983
423153
423616
423820
423297
422845
423280
422643
423095
423963
423720
423895
422988
423162
423445
424186
423475
423227
424244
423560
423549
423028
423357
423915
423819
422872
423243
423344
421932
423789
423189
423069
422861
424028
423242
423072
423815
423504
423347
423260
422788
423232
422601
423573
423344
423557
423969
423654
423790
423165
423107
424235
423672
422946
423973
424007
423147
423582
423348
423650
423186
422331
421855
424019
423016
423703
423638
424750
423662
424049
423778
424284
424822
423664
423720
423935
423414
423477
423989
424671
423484
423222
423610
422709
423934
421952
422888
423488
423044
423291
424453
424284
423072
423046
423725
423899
423076
423563
423374
424152
423451
424451
423586
424047
423320
423353
423145
423710
423873
422498
424546
423138
423792
423124
422811
423194
422821
423258
423224
424568
423910
423311
423628
422942
423258
423233
423496
424287
423246
423492
423167
422678
423869
423049
423349
424120
423407
423760
424133
422523
423435
423532
423204
423485
423789
423552
423677
424035
423012
423789
423741
422702
422993
422971
423510
423569
423929
423252
423236
423498
423329
422757
423322
423309
422910
424265
423634
422652
423286
423441
423460
422991
423306
423173
423625
423895
422878
423692
423281
424035
422915
423737
424266
423851
423134
422967
422915
422964
423812
423436
423410
423264
422863
423267
423449
423456
423815
423764
422850
424719
422728
423425
423213
422762
423664
423591
423574
423249
423148
423438
422906
423085
423398
422866
424101
422777
422501
423600
423851
423534
423898
423187
423368
422996
423693
423643
422985
423251
422620
423207
423187
423165
423980
423076
423320
423753
422774
423881
423489
423311
423664
423720
423226
424065
423069
423436
424008
423662
423791
423145
423213
423724
423416
422581
423251
423000
423506
423567
423453
423636
424053
423174
423459
423708
423056
423952
423025
422746
423755
422512
423175
423373
423205
423077
423180
422994
423032
423584
423689
423743
423821
422790
423431
423211
422324
424243
422975
422975
422654
423084
423158
423572
423019
423271
423678
423706
422921
422945
422864
423831
423805
422943
423779
423328
423241
423067
423959
423887
421930
424282
423401
423531
423963
422912
423089
423933
423538
423177
423239
423118
423125
423159
423653
422750
423188
422962
423066
423426
423258
424578
423546
423858
423045
423805
423472
422961
423465
422836
423467
424044
423343
424036
423045
424374
423575
424430
423397
424867
423658
423225
422307
422637
422948
423514
423852
423328
423531
423450
423793
423684
423732
424250
424046
423051
423667
423413
423443
424531
422635
423685
423770
423054
422468
423033
422670
423259
423202
423035
422867
423461
423332
424437
422986
423081
423988
423062
423636
423766
424185
423551
423053
423270
422991
423797
422864
423346
423437
423731
423295
422763
422931
422999
422747
423662
423437
423345
423948
423332
423434
423658
423666
423627
423438
423780
424212
424019
423187
423063
424706
423969
423179
424587
423180
424143
424364
422765
423889
422660
423466
423287
423859
423505
424271
424061
423975
423535
423456
422965
423498
423546
423438
423100
422940
423334
423706
422943
423182
424165
422675
423200
424164
423249
423510
423135
423135
423489
423254
422978
423221
422392
423977
422992
422423
423579
423633
422066
423457
424213
422769
423756
423437
423912
423158
424011
423486
423927
423388
422903
422406
422966
423806
423517
423794
423193
421830
423156
423247
423315
423248
422578
423308
422673
423586
423864
424478
423317
423366
423756
422805
422770
423984
423710
423338
423488
423565
423214
423020
422781
423722
423672
423510
423194
423349
422021
423511
423215
423519
423945
423527
424500
423371
422957
423509
424373
423584
422839
424370
423075
423008
422774
423657
422778
422468
423914
424192
423769
423463
422630
423505
423999
423277
422791
423806
424036
423456
423468
423541
424262
423206
423025
422967
423935
422772
423737
422930
423641
423808
423953
423373
422504
423897
424006
423594
424030
423120
422505
422890
422903
423686
423732
423153
423427
423306
423328
423061
422594
422410
422698
423814
423682
423134
422645
423388
423139
423404
424546
422844
423833
423071
424019
423456
422218
423477
423656
423504
423581
423845
423371
423127
422760
423205
424412
423087
423398
422892
423019
423062
423677
423387
423815
423136
423037
423308
423318
422977
423236
423441
423524
422672
423566
423131
423170
423429
423467
422768
423385
422853
423553
422518
423161
423883
423759
423888
423405
423176
423574
423919
422923
423457
423956
423398
423200
423966
422919
423873
423376
423526
423189
423274
422842
422854
423753
424257
423296
423722
424054
422496
422822
423738
423474
422381
424259
422878
423215
423108
423700
423442
423426
422481
423840
423332
424666
422828
423577
423139
423497
424237
423352
423516
423939
422336
422203
422852
423491
423036
423994
423451
423209
423549
422998
423104
423711
423514
423804
424069
423261
422908
423844
423306
424226
424581
423734
422958
423713
424013
423063
423872
423179
423202
423575
423907
422992
423910
422838
422506
423359
423570
423557
424259
423228
423100
423182
422817
423367
423686
423444
423768
423749
423356
424005
423229
423505
423228
424054
423222
423157
423073
422923
423579
424189
423401
423673
422808
423339
423684
423900
423051
423429
423092
423046
423634
423625
423604
422504
424100
423190
422865
423421
423439
423499
422986
423839
422872
423215
423362
423950
422843
422394
424168
423308
424144
424797
424107
424330
423568
423614
422602
423187
422542
422976
423796
423458
423826
422704
423533
423478
423323
422797
423781
424311
423434
423345
423043
423978
423164
422951
422391
423098
423357
422499
423132
423143
423972
423334
423604
423053
423472
423284
423221
424229
423397
423199
423305
424002
423446
423817
423117
423736
423245
423612
424492
423019
422814
422664
423592
423206
423118
423522
423522
423927
423495
423761
423827
423063
422957
423311
423192
423125
423066
422945
422936
423653
423628
423436
424138
423329
423648
422752
423705
423103
424026
423457
423401
423109
424065
423173
423364
