509756
509739
509944
509923
509707
510224
509849
510408
509410
510613
510184
510578
510366
509581
509843
509371
510057
510150
510144
510234
510276
510379
509585
510370
509521
509306
508969
510115
509164
510173
510433
510978
510770
509795
510699
510359
510347
510053
510090
509230
510052
510545
510448
510358
509939
509504
509241
510085
509472
509394
510214
510596
510635
509457
510509
510917
509364
510172
509824
509798
510446
508975
509875
509941
510864
511250
510298
509888
510362
509599
511368
509865
510124
510056
509458
510241
510389
510255
509916
509537
510558
509621
510065
510347
510392
509570
510109
510320
509768
509970
510494
510234
509149
509181
510382
509454
509774
509807
509928
510365
509901
510558
509888
509642
509757
509735
510092
510432
509673
509710
509153
509809
510128
509367
509339
510234
509668
509858
509979
510208
509800
509536
510623
509893
509136
510364
510034
509904
509318
509339
510493
509487
509690
510148
509585
509532
509891
509542
510973
510451
510098
510255
510203
510599
509482
510558
509545
510064
510014
510318
510021
509931
509439
509912
510299
510244
509878
510223
509499
509753
509847
509442
510032
510243
511112
510353
509391
510369
509785
509945
509526
509657
510736
509498
510156
510138
509959
510272
510922
509779
510083
510595
510092
510068
510334
510349
509633
509941
509564
510106
510294
509375
509872
510559
509660
510494
509985
509450
510064
510441
509901
510134
510924
511096
509965
510198
510301
510142
510505
510359
510145
509520
510037
508952
509750
509766
509742
510126
510263
510120
509514
510552
510009
509595
510566
510392
509600
509155
511182
510523
509548
510494
510441
511051
509230
509497
509275
510500
509796
509742
509744
510168
509664
509372
510623
510761
508962
509664
510742
509632
509702
510093
509469
509236
509273
508881
509488
510808
510229
510583
509995
510459
509930
509379
509530
510313
509846
509727
510329
510430
509938
510106
509516
510883
510628
509773
510716
510137
510810
510092
509547
510580
510141
509366
510362
509857
509941
509721
510689
509957
510163
509570
509570
509805
510007
509312
509960
509642
509994
509901
510473
510663
509613
509748
509455
509897
509780
510039
510422
509644
510680
509113
509725
510744
509992
509634
510489
510062
509397
509426
510713
510801
510590
510893
509022
510031
510622
510002
509967
510296
510439
510198
510173
510115
509672
510494
510528
510662
510419
509814
510633
509027
510615
510068
510989
509526
509666
509561
510556
509883
509655
509169
510139
509971
509825
510403
510072
510122
509862
510561
508957
511084
510648
510180
509582
509766
510398
509405
510544
510528
509400
509338
510521
509809
510564
509550
509939
510074
509343
510462
508612
509004
509412
509839
509780
509613
510475
510079
509096
510411
509690
510574
510319
509509
510184
509266
510590
509773
510566
511355
509887
509985
508943
510062
510003
509357
509927
509978
510680
510068
509759
510464
509607
510171
510394
509172
509003
509591
510785
509694
510431
509295
509214
510742
510712
509430
510310
509526
509741
509016
511197
509907
510305
509701
508912
510280
510123
510153
509597
509687
510499
510265
509980
510741
509543
508968
509572
510457
510647
509898
510543
509407
510726
511332
509910
510324
510086
509421
510780
510385
510309
510291
510086
510283
510227
510258
510091
510089
509296
509522
509481
510676
510430
509261
509956
509394
510495
509274
509396
509294
509807
509645
509716
508413
510236
510497
509624
509651
510504
509220
510201
509960
510433
509847
510763
509426
510336
509687
511340
509826
510533
509306
509885
509865
509833
510416
509792
510118
509944
510464
509948
509814
510468
509872
509798
510070
509494
509770
510448
509911
510054
510512
511099
509378
509877
510283
510262
511097
509129
509497
509851
510291
510419
510169
510083
510600
510480
509997
510061
509107
510169
509801
509212
509689
509992
510510
509994
510527
509910
509905
509506
510062
510721
510027
509475
509787
510056
510522
510387
510213
510071
509141
509178
510065
509744
510102
509105
509995
510324
509538
510307
510119
510542
510591
510755
510267
510526
510815
510403
509378
509867
510418
510283
510244
509399
509211
510049
509790
509894
510400
508798
509661
510793
510228
510993
509771
509963
509858
510319
509442
510267
509975
510215
510185
510525
509636
509757
509926
509893
509599
510810
509383
510591
510399
510629
510399
511137
510396
510677
509452
509972
509567
510221
509440
509371
510939
510041
509930
510071
509565
509832
510627
509793
509871
510904
510113
509620
509772
509814
510982
510463
510220
510337
509459
509474
509881
510011
510036
510135
510507
509218
509920
508928
509793
509979
509979
510642
509428
509035
509588
509612
509641
509902
510530
509562
511621
509931
509966
510252
509386
509506
509833
511186
510276
510405
508947
509574
510316
510126
510312
510935
510243
510411
510270
509449
510693
509985
510076
509952
509777
508862
509636
509856
509496
510956
510052
510053
509428
508996
509684
509220
510053
509618
509190
510775
510104
510412
509166
510175
509698
509198
509666
509757
510168
509534
510045
510204
509781
509886
509524
510161
509066
509864
509115
509804
510159
510296
510428
510481
509374
509831
510233
509261
510078
510737
510451
510338
509530
510230
510250
509261
510212
510115
509737
510729
510070
509965
509653
509717
510526
509431
510446
509570
510129
510488
509418
509408
510056
509853
510523
510223
509859
509821
508897
509945
508839
510343
509138
510432
509356
511314
510567
510109
509971
509230
510010
510746
510018
509692
510676
510705
509729
510018
509675
510443
510446
509847
510335
509042
510390
510042
509695
510879
509732
509104
509775
510578
510329
510932
510638
509372
510770
509898
509865
508962
509404
510963
509356
510270
510364
510131
511366
509363
510321
510325
509690
510388
509840
509690
510209
509015
510092
509940
510120
510264
509711
509840
509504
509905
509704
509408
509356
509698
510413
510350
509831
511309
510265
510182
510010
510307
510080
510927
510044
509484
511230
510679
509694
511430
510239
510301
509711
510092
509546
510359
510632
510694
510434
510587
510508
510354
510198
510387
509968
509892
510422
509997
510325
510040
508940
510726
509178
508752
509800
510393
510017
509874
510070
509673
509268
509397
509668
510042
509856
510134
509884
510443
509884
510649
510415
509677
509765
509509
510356
510326
509716
508989
509933
510441
509915
510238
510222
510169
509410
509809
509534
509733
510970
509649
509888
508999
509157
510618
509545
510966
510169
510147
509814
509551
510485
509621
510789
509482
510691
509965
510376
510226
510675
510804
509599
510137
509330
509472
510541
509649
509426
509467
509851
510055
510767
510530
511121
510223
510080
509824
509512
508953
510096
510403
509554
509614
510017
509989
510143
510321
510268
510194
509524
510303
509872
509809
510024
510396
509937
509431
510416
510513
509503
510263
510790
510125
509228
509381
510557
509307
510132
509196
509999
510800
509114
509973
511022
509713
509815
510476
510477
511089
509867
509670
509258
510116
508633
510475
510508
510085
510116
510762
509690
510909
510392
