868357
868049
867688
868645
867391
867437
867447
867753
867909
868175
867778
867942
867863
867895
867743
867856
867676
867870
867801
866976
867984
868231
868344
867308
867833
867500
867987
868170
867272
867969
867437
867968
867527
867951
867687
867398
867944
867629
867571
867805
867747
867807
867967
867023
867915
867607
868122
867933
867888
867656
868309
867937
867302
867534
867263
867889
867446
867634
867923
867947
867466
868113
867907
867424
867728
867355
868126
867730
867851
867813
867799
868316
867633
867367
867735
867723
867432
867699
867571
867480
868265
867830
867973
867801
867402
867585
867620
867788
868018
867801
867485
867460
867950
867744
867780
867949
867635
867864
868009
867986
867646
867918
867760
867629
867421
868084
868132
868294
867705
868018
867885
867885
868155
867443
867731
867900
867573
868097
868084
867505
867735
867704
867687
867584
867781
867507
867824
867486
867204
867860
868133
868544
867792
867749
867819
867689
868195
867630
868181
867638
868004
867507
868876
868028
867926
867381
868298
867282
867128
867676
867685
867801
867871
868069
867602
867566
867565
867493
867770
868169
867184
867770
867608
868051
867795
867392
867855
867260
867774
867742
867306
867791
867609
867656
868126
867736
867478
867952
868024
868292
867769
867531
867444
868040
867590
868110
867756
867166
868143
867750
868285
868189
867598
868098
868009
867315
868034
868034
868248
868050
867671
867632
867729
867891
867723
868069
868182
867996
867281
867890
867616
867787
867646
867970
867573
867979
868317
867708
867659
867980
868003
867159
867949
868249
867777
867277
867785
867353
867747
867639
868022
867917
868422
867950
867515
868529
867888
867869
867697
867448
867920
867967
868046
867745
867255
868020
868171
867626
867544
868124
867577
867838
868127
867858
867878
867605
867872
867619
868028
867515
867064
868042
867288
867781
867656
868295
867847
868014
867772
867699
867917
866885
867748
868215
867614
867953
867888
867345
867471
867509
868277
867694
867457
867696
867817
867676
867122
867970
867600
867576
868031
867575
867206
867665
867565
867585
867817
867493
867717
867851
867848
867597
868489
868060
867852
867674
867636
867111
867698
868216
867603
867462
867312
867850
868097
867881
867823
867082
867484
867991
867684
867341
867454
867603
867645
867773
867996
867649
867193
868109
867491
867663
868116
867725
867835
867502
867515
867929
867326
867669
867288
867520
867744
867795
867889
867538
867816
867077
867304
867193
867767
868507
867482
867606
867821
867552
867662
867997
867503
867562
867744
868442
868042
867678
867862
868317
867391
868309
867774
867767
867752
867777
867703
867648
867889
867775
868161
867674
867424
867454
868142
867843
868301
867620
867193
867815
867174
868040
868334
868130
868264
867596
867217
867229
868017
867998
867222
867174
868530
867465
867827
867789
868141
868029
868015
868091
867696
867853
867312
867952
868100
867882
868049
867657
867042
867604
867878
867818
867840
867549
867898
867794
867427
867300
867962
867388
867435
868511
867624
867700
868438
868397
867354
867356
868816
867806
867762
867337
868022
867381
868102
867254
868438
867611
867485
867876
867756
867525
867822
867479
867354
867966
868120
868113
867618
867842
868132
867584
867884
868305
867736
868043
867521
867834
868054
867676
867858
867478
868156
867554
868397
868115
868034
867554
868182
867910
868083
867419
868569
867861
867590
867522
867616
867969
868286
867689
867743
868064
867908
867666
867586
868569
867817
868192
867758
868124
867508
867706
868231
867441
867689
867647
867840
867383
868465
867196
867619
867788
868036
866890
867466
868388
867877
867735
867753
867956
867943
867541
867782
868031
867717
868357
867975
868115
867010
867410
867705
867461
867557
867850
867667
867771
867093
868089
868296
868355
867871
867892
868125
867537
868043
867788
867747
867950
867399
867928
867700
868275
867690
867150
867310
867455
867859
867741
867919
867504
867951
867957
867452
867854
868322
867412
867887
867788
867057
867469
867283
867277
868028
867870
867944
867875
868028
867465
867654
867171
867450
868154
867323
867677
867776
867770
867829
867324
867841
867513
867729
867838
867549
868047
867884
867487
867659
867746
867631
867461
867667
867706
868525
867905
867741
867658
867658
867753
868110
868223
867889
868018
867570
868064
867780
867872
867400
866698
867720
867929
867497
867832
867669
867850
867609
867788
868200
867932
867491
867527
867620
868362
867569
868084
867464
868092
867889
868110
867382
867874
867406
866853
867726
867444
868047
867653
868094
868006
867422
867694
867591
867738
867801
868298
867779
867550
867741
867728
868341
868622
868295
868134
868298
867741
867842
867679
867605
867851
867705
867470
867962
867392
867691
867943
867588
868006
868509
868028
868060
867550
868122
868349
867498
868132
867776
867780
867440
867259
867884
868277
867079
867583
867760
868211
867755
868197
867420
868285
868074
867578
867915
867567
867467
868008
867511
868096
867690
868084
868050
867909
867569
867217
867906
867412
868097
868209
868038
868303
867631
867912
867872
867519
867543
868810
867119
867958
867737
867856
868181
867277
868256
866809
867513
867812
867443
867729
867968
868233
868090
867753
867490
867931
867884
867908
867807
867736
867652
868293
867651
867697
867127
867650
867720
867917
867891
867571
867699
867569
868257
867492
867385
868081
868558
867498
867933
867592
868028
867772
868047
868004
868149
867754
867887
867678
867721
867775
867201
866925
867924
867658
867527
867590
867611
868114
867628
867879
867897
867966
867893
867370
867744
867817
868386
867705
867975
868067
868177
868076
867500
868287
867697
867616
867654
867871
867752
867857
867905
867826
867480
867503
867140
868352
868137
867860
867482
867549
867788
867574
868228
867958
867856
867756
868366
867939
867408
867567
868523
867848
867198
867441
867631
867413
868090
867306
868207
867306
867613
867261
868257
867446
868166
867679
867604
868296
868065
867646
868001
867599
867363
867706
867934
868338
867560
868731
867512
867662
867932
867292
867230
867479
868155
867309
867909
867262
868096
867798
867603
867419
868364
867697
868068
867866
867677
867717
867493
867415
868077
867788
867309
867683
868035
868187
868077
868542
867805
868163
867320
867913
867638
868119
868275
868157
867691
868463
867431
868118
867999
867910
868245
867643
867347
868070
866548
867926
868572
867647
867400
867900
867780
867509
867690
868308
868142
867620
867520
867827
867446
868502
868340
867791
868469
867451
867927
867287
868073
868403
867658
868302
867639
867868
867987
868016
868301
868224
868398
867812
867681
867558
867041
867967
867687
868158
868228
867896
867998
867729
868082
867234
867756
867727
867582
867743
868409
867166
867326
868118
867793
867932
867482
868250
868032
868008
867867
868259
867895
867707
867425
867422
868004
867427
867729
868134
867660
867502
867716
867419
867857
867664
868052
867950
867982
867747
867891
868016
867927
867923
868064
867286
868186
867889
867982
867664
868327
867943
867642
867716
867912
867862
867899
867703
867776
867912
868047
868425
