764226
763954
763450
764610
762910
762997
763512
763585
763021
763100
763638
763930
763478
763970
763624
763790
762916
763055
763764
763083
764125
763489
763453
764109
762706
763340
762772
763070
763674
762945
763502
763510
763738
763796
763069
763663
763962
763622
763322
763797
763568
763091
763820
764124
763718
764164
763349
762609
763081
763700
763088
763261
763485
763092
763636
763913
763261
763418
763193
762692
763559
763996
762887
763678
762977
762818
763325
763506
763179
763304
763733
763853
763643
763689
763519
763512
763384
763100
763265
763201
763451
763577
762570
763644
763132
763827
763734
762876
764006
763080
762885
763036
763459
763363
763420
764038
764286
764443
763157
763150
763241
763666
763159
763035
763342
762650
763639
763398
763801
763762
763984
763231
763086
763755
763005
763462
763350
763786
762548
763164
763550
763238
763538
762989
764077
763152
763300
763628
762886
763224
763573
763758
763036
763637
763047
764207
763484
763515
763246
763710
763991
763956
763636
763466
763732
762808
763112
763676
762827
762871
763416
763616
764003
763052
763200
763111
763012
763265
762749
763091
763308
764293
763250
763635
763814
762816
763374
763774
762498
763552
763755
762826
763014
763403
763662
763264
763150
764026
763159
763314
762693
763478
762979
763622
762640
764031
763485
763203
764039
764512
763579
762332
763448
763503
763342
763904
763785
762952
763494
763972
763335
763113
763384
763257
763780
762961
763068
763835
762281
763155
762786
763801
763519
763381
764208
763038
763525
763153
763497
764066
763798
763448
763436
763682
763593
763508
763833
763762
763628
763164
763111
763236
764478
763827
762825
763548
763826
763662
763535
763621
763777
763464
763873
762965
762915
763801
763488
763494
763142
763185
763610
763722
763938
763634
763160
762686
763557
763816
763081
764237
763138
763122
763038
763053
762913
763242
764509
763565
763593
763411
763290
764190
763493
763655
763251
763563
763249
763027
763682
763199
763505
764032
763238
763185
763223
763278
762966
764275
764213
763478
763382
763488
762615
763449
763775
763418
763936
763694
762613
763119
763263
763407
763148
763738
763105
763024
762903
763579
763068
763511
763397
762885
763627
763398
763553
763227
763795
763434
763267
762641
762825
762934
763914
762729
763061
764348
762828
763455
763523
763141
764147
763353
763952
763796
764112
763356
763700
763309
763853
764039
763383
763922
763403
763453
763348
763022
763198
763237
763433
763753
763413
763180
763639
763860
763262
763528
763467
763687
763576
764145
763656
763714
763615
764414
763582
763907
762813
763752
763359
763316
763327
763036
763059
763578
763853
763383
763430
763900
764015
763392
763145
763770
763001
763399
762632
763333
763425
763445
762856
763912
763615
762624
764214
763652
763671
763447
762343
763842
763332
763865
763833
763736
763088
763612
763282
763085
762828
764046
764252
763589
763924
763385
763015
763270
763342
763368
763985
764345
763446
763780
763718
763784
763604
762950
763311
763322
762912
763197
762782
764106
763826
762709
763309
763291
763153
763719
762826
763417
763649
763758
763410
763853
763753
763641
763143
763568
762944
763858
763572
763080
763984
763029
762560
763702
763201
763604
763660
763680
762986
762967
763217
763988
763689
763140
763517
763677
763933
763651
763360
762480
762549
763997
763058
762926
763666
763282
763879
763369
764200
762989
763279
764058
763291
763007
763204
763821
763357
763308
762925
763306
764028
763821
764287
763531
762561
763504
763312
763797
764041
762922
763565
763305
763500
762917
763271
763314
763938
763398
763768
764068
763582
763914
763873
763734
763893
763405
763606
763099
763699
762978
762801
762948
762621
764045
764287
763993
763921
763396
763004
763757
763545
763860
764403
763578
763701
763092
763438
762729
763294
762598
763880
763596
763909
763697
763431
763459
763274
762837
763395
763481
764086
763118
764045
763651
764018
764302
763227
763224
763866
762887
763889
763068
763242
763927
763594
763702
763612
763417
762884
763874
763600
762962
763239
763528
763374
764105
762045
763986
763242
763599
763362
763154
762959
763580
763175
764373
763955
763178
763247
764079
763025
762775
763770
763979
762709
763536
762811
763062
763556
763661
763480
763882
762914
763869
763582
763099
763505
763619
763793
763533
763609
763246
763142
763355
763240
763834
763141
763645
763699
762703
763107
762876
763060
763172
763159
763004
763113
763249
763699
762930
763189
763306
763867
763349
763774
763899
763599
764042
762595
763361
763947
762581
764136
764216
763441
763585
763146
763842
763074
763295
764482
763849
764056
763140
763048
763166
762713
763117
762437
763330
763040
762758
762935
762428
763176
762934
762705
763090
763027
762839
763916
763097
763091
763578
763616
763259
764110
763843
762101
763783
762640
763905
763646
763229
763679
763634
763287
764101
763376
763083
763158
763009
763265
763200
762741
763623
763686
763555
763921
763681
763614
762651
763446
764122
763722
763550
762473
763941
762979
763470
763236
764243
763644
763193
763652
763875
763258
763751
763893
763627
763199
763362
764387
763149
763414
763198
763896
763140
763394
763867
763346
763457
762867
763188
763643
763241
762861
763088
763761
763523
763312
764182
764110
763211
763987
763717
763670
763092
763185
763431
763362
763453
764064
762962
763739
762833
763773
762767
763640
763250
763834
763615
763957
763127
763425
762865
763355
763584
762672
763173
763999
763325
763314
763437
763150
764188
763292
763210
762938
763508
762758
763225
763352
763312
763280
764209
764352
763194
763309
764050
763894
763266
763829
763691
763381
762877
761962
763995
763781
763268
763535
763479
763361
763482
763462
764249
762560
763273
763406
763413
763326
763394
762777
764205
763327
763403
763424
763238
763777
763480
763016
763070
763203
762802
763208
763149
763212
763275
764284
762873
763379
763142
763667
763142
763466
763444
763804
763125
763552
763602
763645
763708
762874
763890
763358
763807
763655
763187
762980
763854
763502
763187
763873
763408
763195
764469
763106
763872
763986
763475
763418
763750
762589
762927
763949
763745
764076
762976
763636
763980
763910
763799
762896
763502
762608
763429
763352
763061
764148
764101
763600
764265
763019
763143
764090
763742
763107
763562
763657
762956
763775
763113
763110
762856
764104
763504
763293
763465
763835
763608
763757
763142
764008
763828
763525
763879
763962
763772
763056
763978
762926
763101
763973
762850
763235
763535
763210
763280
763401
763704
763299
762839
763646
764162
763335
763576
763809
763631
763286
763475
763478
763145
762549
763323
763042
763072
763273
763012
763464
764047
763002
762833
762948
763158
762861
763772
763659
762863
764366
762407
763298
763703
764155
762693
762306
763897
764113
763935
763481
763889
763146
763406
764080
763875
763237
762599
763971
763202
763738
763360
763590
763309
762951
763187
764369
764264
763446
762772
763536
763785
763727
763182
763271
763563
763361
763155
762851
762784
763917
764081
762948
763753
763544
763525
763429
763400
763659
763771
763825
763217
