624018
624624
623501
623880
624319
624683
624136
623850
623867
624370
623420
623734
624016
624289
624013
623782
624121
623287
623673
623664
624147
623393
623715
624412
624450
624067
623409
623654
623582
625242
624397
623406
622651
623448
623222
623981
624288
623858
623632
623402
623348
624046
623950
622802
623521
623891
623266
623435
624790
623514
623827
624601
623910
623490
623998
624377
623632
623451
624601
623631
623493
623799
623924
624170
623295
622963
624107
623697
623484
624216
624003
624498
622649
623608
623739
623351
623218
623857
623867
623438
623498
624772
623969
623362
623586
623762
622706
624364
623770
623740
623670
623803
624067
623921
623817
623417
624840
624109
623426
624401
624195
624129
623725
624330
624440
624155
624082
623470
623739
623476
623881
624055
624417
623719
624182
624175
623956
623845
623866
623345
623524
623503
624013
622693
624323
623433
623485
624549
622694
623815
623275
624190
624279
622870
623755
622775
623416
622910
623594
624035
623919
623599
623567
624093
624059
623692
623535
624053
623692
624032
623523
623178
624006
623511
623176
622888
623364
624187
623256
623109
623913
623803
624500
623863
624047
623701
623161
624140
623581
623318
624038
623274
623819
624345
623956
623379
624338
623668
624141
624264
623575
623777
624625
623694
623283
623996
623998
623461
623903
623995
623629
624016
623944
624023
623430
622726
623179
624316
624052
622894
623621
624349
624402
623442
624408
624219
624335
623726
623704
623657
623677
623545
624074
623603
623304
623562
622985
624391
623766
623791
623714
622980
623474
623602
624118
624334
624176
623520
624134
623227
623200
623211
623840
623969
623551
623560
623089
623405
624574
624268
623951
622954
624753
623330
623866
623937
624198
623587
623195
623703
623435
623101
624358
623131
624528
623256
624219
624039
624077
623838
623782
623361
623766
623422
622752
623289
623992
624097
624360
623333
623640
624087
623075
623879
623718
623536
623822
623219
624081
623723
624563
623095
624513
623971
623116
624070
624238
623564
623733
623188
623655
623093
623357
623155
623347
624917
623862
622920
624082
623955
623935
623949
623693
623921
624333
623458
623414
623973
623554
624032
623749
623154
623350
623455
624063
623780
623602
622687
624058
624848
622759
624038
623365
623821
623129
623912
623147
623185
623845
623594
623447
623571
623317
623478
623039
623351
625116
624497
623754
624059
623668
624013
623784
623422
624196
624253
623138
623239
624143
623736
623830
623907
623381
623969
624369
624528
623694
623880
624169
623890
624701
624240
623391
623805
623886
623600
624249
624197
623926
623913
623572
623667
623636
623507
623446
623858
623703
624551
623386
623045
624127
623369
624693
624475
623390
623494
624463
624108
623460
623769
622273
623056
623218
623222
623739
624364
623291
622963
624748
623129
623739
623373
623772
623157
624964
623611
624397
622880
623275
623571
623566
624176
623978
622829
623150
624183
623704
624048
624262
624534
623885
623611
624727
624090
623351
623288
623750
624258
623365
624552
624100
624246
623528
624947
624166
623706
623947
622931
623842
624846
622609
624249
624074
622774
623674
623887
623430
624267
623695
624109
623986
623564
623064
623764
624415
623167
623585
624553
624244
624314
625062
623923
623696
624921
624616
624550
623835
623409
623190
624393
622675
624496
623583
623938
621989
624245
622694
623887
623578
623359
624062
624467
624349
624096
624190
623522
624392
623646
623659
623773
624555
624437
623974
623701
623726
623364
623498
623585
623223
622763
624264
624925
623503
624050
623205
624309
623603
624023
623077
623121
624465
624061
623278
623649
622844
623761
624590
623574
623885
624612
624144
624635
624273
624018
623805
623822
623370
623132
623323
623869
623269
622906
623462
624049
623899
623470
624312
623042
623252
624299
623433
623175
624120
623783
624085
623181
623212
623779
623660
623839
623795
624121
624527
623429
623416
624527
624439
623643
623579
624525
623305
623147
624058
624435
623770
623824
623229
623582
623950
623780
624308
623226
623465
624023
623692
623209
623312
624550
624041
623609
624317
624626
624137
623325
623691
623728
623925
623254
624603
623956
623625
623645
624150
622953
623398
623702
624274
623307
624041
623931
623300
624167
623160
623606
622980
624072
622982
623361
623591
623199
623564
623746
623567
623694
624125
623378
623966
624142
624140
623279
624522
623529
624444
623846
623968
624416
623012
624189
624010
622327
623621
623973
623708
624141
623674
623253
624985
624326
623630
623882
623790
624359
622944
623726
624101
623588
624398
623350
623358
623518
623372
623923
624051
624355
623660
624479
624314
624036
623690
623655
624752
623899
624061
624064
623524
623232
624119
623949
623121
623718
623686
624394
624462
623959
623570
624213
624087
623521
624646
623661
623275
623510
623401
624658
623965
623359
623239
624061
623100
624006
624647
624281
623608
623748
623710
623866
623670
624278
623967
623577
623901
623264
623483
623749
623363
624663
623329
622666
623905
623573
624568
624066
624538
624051
623861
623500
623642
623710
623540
623606
623550
624041
623508
623206
623874
624008
624001
623960
624314
623824
623635
624405
622845
624176
623353
623994
623093
624205
624821
623571
623877
624027
624260
623298
623315
622965
623553
623947
623938
624049
624319
623578
623658
623050
623273
623167
624004
624070
624122
623892
623861
624898
624303
623577
624757
623551
623989
624354
623618
623285
624142
623792
624339
623803
624017
624066
623445
623656
623813
623404
624071
623206
622984
624506
623953
623176
624404
623716
623538
623451
623789
623397
623544
623387
623126
623953
623120
623884
622585
622930
623761
623866
623919
623241
624054
623695
623812
623453
624411
624259
623305
623483
623859
623114
623286
623822
622847
623977
624490
623820
623942
623754
623454
624160
624567
623879
623765
623985
625222
622891
624117
623331
623598
624007
623363
623851
624273
624502
623720
623828
623916
623463
622882
623665
623071
623871
623910
623155
623458
624094
624728
623373
623462
623406
623603
622853
624098
623682
623506
623851
623342
624625
623821
623803
623985
624264
623770
623063
623344
624168
622971
624079
624224
623103
622681
623765
623692
623668
623981
624041
624272
623292
624707
623501
623573
623849
624374
624523
623419
624466
624070
623688
624397
623560
623210
624123
624093
623558
622838
623792
623762
624311
623428
623921
624016
623884
623808
624451
623643
623621
624105
624351
623676
623162
623153
623371
623356
623881
623910
623563
624057
623400
623702
623000
623547
623596
624068
623842
623320
624217
623902
622948
623451
623856
625074
624669
624075
623966
623764
623817
623581
623474
623812
623164
623376
623458
622981
624609
623968
623752
623862
623711
623312
623379
624669
624241
624921
624032
623763
623969
623633
623662
622548
623943
624272
624424
624151
624212
624270
623307
624098
624543
623498
623188
624370
623738
623223
623245
623284
624326
624111
623650
624534
623646
623127
623987
623287
624114
623122
624371
624288
624244
624019
623790
623347
623605
624720
623785
623425
623910
