682100
682084
681620
682460
681107
682024
682359
682912
682786
682470
681588
682231
681827
682661
682121
682174
681445
682395
681857
681579
682171
681881
682578
682010
681803
682121
681920
681925
682361
681870
681733
682768
682027
681122
681998
681389
682007
682507
681567
682522
682470
682154
681308
682195
681129
682422
681329
682639
681448
681891
682418
682839
682414
682021
682075
682380
682696
682424
682293
682091
681667
682662
682450
682290
681560
682738
682309
681955
681875
681545
682165
681665
681716
680854
681838
681385
681688
681440
682012
681937
681555
682550
682136
681582
682732
682139
682923
681670
681686
681769
681805
682150
682201
682339
682307
682783
681855
682257
681912
681536
682030
682985
681696
681851
681699
681215
682319
682890
681468
682313
682176
681825
682107
681376
682204
681685
681724
682104
682578
682145
682443
681730
681716
681488
681887
681152
682049
681880
682509
682167
681680
681932
682380
681675
681611
681414
682276
680875
682558
682370
682497
682080
682161
682036
681684
681680
681321
682475
681795
682855
681874
683035
682264
681951
682958
682552
682667
681078
682553
681461
682174
682248
682306
681948
681615
681593
681217
682907
682606
682562
681614
682289
681177
681891
682094
681806
682194
681456
681856
682144
682118
682357
682240
681207
681940
681993
682346
682440
681644
682028
681611
682312
682331
682659
681855
681821
681383
681845
681867
681183
682715
681706
682717
682248
681049
681824
682379
682288
681715
681709
682660
681876
681894
682395
682293
682123
681849
682258
682307
681824
681799
681801
682130
681764
681903
681806
681579
682142
681459
681628
682916
683065
681745
681787
682299
681505
682751
682690
682324
681830
681977
682218
682091
681043
681691
681552
681650
681732
681999
682086
682940
682000
682161
682269
682786
681810
682498
682511
681774
681984
682684
681844
682156
682293
682096
682529
682153
682043
682356
682579
681435
681521
681618
682443
682393
682085
681060
682333
682272
682239
681723
682291
682459
682119
681080
681304
682073
682069
681926
681872
681944
682654
682449
682561
682567
681510
682725
682253
682681
681806
681600
682105
681940
681743
682382
682264
681888
681899
682180
682284
681849
682623
682621
681777
682108
682192
681845
682101
682082
682065
682166
681296
681291
682511
681324
682249
682485
683101
681662
682325
682185
682162
681082
681639
682440
681933
683186
682335
681275
682446
681200
681951
682736
682406
681686
683025
681985
682203
682303
682729
682672
680851
682541
681820
682696
682358
681087
681357
681997
681932
682889
681911
682116
681430
681753
681529
681282
682420
681918
682641
682606
682088
681748
682118
682457
683167
682248
683287
681382
681589
681835
682314
681742
681797
681898
681826
681848
683002
681938
682702
680544
682638
682289
681857
681328
682416
682973
681271
682422
682336
681390
681824
682487
681881
681620
682382
682578
682586
682531
682562
682008
681782
682505
681228
682513
682176
681869
682056
681852
682099
682126
681440
681777
682530
681580
682034
682323
683037
683040
682450
682181
681828
682846
681619
682459
682014
682351
682473
682704
682520
683210
682262
682126
682523
681476
682044
682512
682277
682356
681637
682486
681250
682042
682487
682392
682336
681732
682092
682625
682068
681993
681771
682372
681964
682575
681695
680533
682476
682029
681971
681843
682102
682532
681555
681852
681092
681557
681975
681700
682461
682241
682588
682414
683406
681423
682860
681753
682082
682142
681853
682360
682284
681891
682010
681256
682186
681628
681595
682113
682287
681677
682457
682147
682323
681639
682917
681738
682760
681914
681585
682311
682469
682165
681390
681845
681726
682027
681849
681228
682809
681739
682113
681990
682362
681933
682216
682236
681676
683226
682429
681892
682169
682686
682805
681451
682396
682101
681640
681859
682287
682954
681714
682133
681990
681722
681461
681274
682026
682219
681993
682041
682132
681986
682332
681615
681798
682595
681657
682722
682048
682242
681356
682577
681750
681753
682509
682235
681612
682162
682308
681898
681936
681150
682546
682203
682007
681954
681983
681496
682441
681262
682739
681894
681741
681951
682164
681551
681842
681970
681953
681670
681528
682083
681704
682903
681910
682077
681146
682376
681801
682301
682030
682171
681931
682810
682334
682257
682094
681244
681286
682326
682246
681989
681712
682305
682739
681739
681366
682650
682690
682160
681426
683074
682808
681699
681433
682068
681644
682817
682694
682141
682315
681732
681255
681511
681241
682587
681691
681766
682138
681524
681849
681741
681933
682013
682448
681532
682797
681608
682518
681158
681163
682853
682243
682131
682427
681926
681868
681881
682789
682306
681680
682268
681651
682928
682422
682254
681706
681901
682007
682452
681219
683171
682709
681621
682933
681718
681799
681453
681858
682242
683464
681885
682304
682301
682470
682452
682273
681546
681692
681040
681667
682067
683479
682930
681725
681533
682286
681948
682727
682647
681973
682322
682069
682414
681687
681584
681899
683014
682927
682937
681136
682348
681976
681792
682648
682227
681554
681936
682805
683424
682750
683368
682934
682284
681107
681627
681230
681650
682353
682223
682572
681295
682241
683202
681882
681841
682150
681881
681541
681568
682036
681404
682545
682077
680742
681507
681880
681404
682827
682323
681331
682300
681941
682426
682519
681131
682183
681663
681153
681824
682002
681704
682581
682530
681917
682313
680840
681852
681861
682380
681581
682637
682460
681579
682464
683336
682737
682261
681833
682277
682250
682525
681525
681925
681963
682221
681992
682461
681200
683014
681398
681877
681430
683111
681975
681820
681872
682041
682744
681749
682227
681777
682710
682739
681436
681777
681635
682413
682563
682157
682064
683045
682129
681678
681520
681880
682602
681482
682056
680655
682360
681687
683102
681371
681818
681974
681209
682670
682460
682464
682686
682007
681945
682343
681156
681367
681960
682438
681808
682467
682391
681323
682593
682489
682274
682205
682337
682574
681698
682656
681941
682139
682922
681707
682054
681757
682116
682697
682335
681570
682418
682340
681899
681560
682520
682567
682726
681844
681139
682453
682656
681987
681192
682548
681755
681774
682428
683016
682351
681667
681320
682395
681701
682903
681920
682529
681086
682408
682376
682757
682538
681868
681813
681779
681741
681723
682401
682584
682167
682200
682059
681777
682103
681792
682479
682714
682010
681793
682027
682202
681620
682502
681807
682203
681993
681293
682295
682444
682134
681945
682225
682478
681957
680929
681527
681916
681729
682024
682365
682634
682067
682844
681806
682619
682967
683332
681390
681043
681844
681802
682509
682433
682128
681361
681684
682466
682286
681402
682350
682213
681673
681982
682117
682888
682174
681223
682467
682199
681667
681724
681856
681662
682441
682231
681873
682266
682470
682168
681831
681783
682583
682149
681976
682241
682102
681669
681566
680996
682035
682066
682429
682290
681711
682003
681241
680802
682485
681733
681837
681452
681909
682649
681803
682591
683195
682729
682096
682178
682299
