916743
917023
916624
917030
917066
916762
917260
916825
916832
916331
916846
916533
916620
917127
916650
917061
917289
916334
916955
916600
916768
916798
917002
917015
917454
916776
916731
916519
916673
917175
916704
916495
916842
916539
916914
916761
917457
916361
917040
916884
916481
916681
916487
916793
916991
917117
917526
917171
916748
916736
917130
916935
917117
916987
916735
916758
916765
916700
917384
916639
916871
916590
917144
916597
916647
916831
917314
916994
916562
916346
916941
916828
916503
916933
916455
916555
916904
916714
916701
916791
917069
916646
916873
917250
916650
917141
917140
916844
916581
916431
916739
917021
916867
916780
917028
916699
916532
916846
916876
916647
916887
916747
916832
916876
916809
916784
916838
917009
916948
916990
916312
916926
917238
917111
916915
916685
916879
916766
917524
916624
916963
917134
917015
916256
916856
917039
916799
916760
916981
916753
916761
917307
916804
916776
916902
917109
917272
917235
916689
917117
916609
916785
916487
916659
916522
916667
917153
916787
916863
916892
916598
916761
916866
917198
916988
916319
916509
916753
916933
916873
916943
916745
916621
916650
917251
916841
917014
916739
916802
916839
916793
916605
916743
916804
917151
916427
916890
917001
916730
916902
916886
916674
916450
916173
916037
916920
916643
917040
916893
917113
917115
917114
916705
916772
917056
916486
916746
916945
916923
917112
916810
916392
917451
916610
917050
916654
917032
916389
917414
916926
917020
916955
917084
916787
916795
916466
917235
916899
916692
916675
916882
916899
916717
916947
917052
916733
917025
916613
916526
916877
916556
917006
916930
916465
916611
916879
916588
917000
917075
917036
916795
916580
916880
916493
916312
916964
916464
916962
916945
917156
916739
916920
916791
916853
916700
916697
916704
916659
916999
916420
916981
916590
916769
916721
915769
916659
916631
917216
916862
916888
916432
917222
916943
917355
916889
916602
916786
917093
916755
917110
916315
916669
917135
916680
917182
916961
916555
916798
916811
916698
917033
917029
916302
916985
917036
916854
916808
916575
916898
916903
916749
916441
917106
916479
916438
916721
916687
916652
916845
917461
917044
916721
917235
916886
916619
916786
916913
917006
916610
916641
916734
916947
917175
916641
916882
917087
917318
917406
916510
917227
916874
917116
917249
916773
916537
916778
916864
917189
916656
916950
916739
916647
917455
916559
916453
916894
916350
916870
917237
916835
916684
916353
916905
917027
916644
917479
917249
916928
916976
916711
917196
917392
917053
917088
916283
917097
916800
916915
916796
916941
916507
916130
917202
916647
917111
916713
916712
916443
917014
917124
917114
917047
916297
916617
917219
916772
916883
916606
917161
916776
916618
917084
916877
916913
917132
916859
917080
916634
916771
916873
916751
917022
917085
916222
917036
916539
917046
917459
916521
916582
916870
917340
916941
916578
916590
917153
917042
917065
916701
916328
916971
916597
917222
916890
917324
916850
917044
917360
916763
917094
916254
916687
916695
916955
917089
916634
917343
916393
916852
916921
917002
916987
916635
916443
916456
916740
917141
916884
917174
917186
916788
916892
916791
916607
916848
917157
916909
916397
916517
916629
916730
916741
916539
916584
916763
917014
916653
916592
916969
916743
917042
917218
916523
917118
916465
917127
916364
916537
916731
916742
916891
917176
916853
916647
917224
916856
916784
916858
916838
916921
916934
916819
916851
917046
916807
916675
916762
917207
917299
917054
916937
916707
916839
917244
916710
917015
916501
917662
916868
916712
916776
916460
916853
916861
916816
917194
916843
917277
916739
916215
917066
916247
916336
916952
916947
916580
916946
916255
916987
916783
917184
916970
916468
916761
916768
917025
916429
916693
916955
917255
916421
917098
916705
916405
916427
916282
916915
916726
916700
916730
917053
917209
917253
916993
916540
916285
917276
916638
916506
916338
917163
916513
916614
916556
916584
917153
916763
916974
916822
916645
916419
917051
916542
917039
917605
916769
916585
916654
916939
916785
917375
916870
917199
916843
916591
916753
916706
916713
916376
916967
916830
916994
916780
916995
916843
916983
917040
916494
917030
916612
916864
917046
916640
916925
917388
917182
916951
917103
916995
916992
916942
916719
917164
916616
917448
916926
917011
916886
916720
917283
917022
916406
916849
917376
916801
916657
916676
916791
916601
916867
916682
916575
916600
917296
916974
916467
916762
917074
917033
916676
916701
917464
916464
917087
916799
917127
917051
917058
917232
916737
916758
916969
916341
916841
917174
917152
916816
917269
917127
916619
916686
916476
916756
917509
917480
916886
916500
916636
916614
916790
917140
916851
917201
917227
916888
916765
916240
916821
916951
916923
916972
916959
916758
916813
916995
916298
917071
916604
916698
916945
916603
916665
916764
917004
916926
916606
916922
916905
916472
916925
916962
916667
916624
916858
917140
917063
917416
916532
917007
916873
916680
916705
917003
916765
916545
917024
917396
916902
917081
916766
916813
916560
916533
917033
916697
917081
916941
916690
916627
917416
917050
917017
917026
916223
916719
917097
916891
916282
917034
917554
917207
916894
916536
916538
916683
916746
916889
916648
916509
916739
916781
916358
917199
916855
916623
917442
916842
916962
916752
917345
916987
917156
916130
916334
917006
916762
917053
916972
916969
917002
916441
916733
916984
916712
916396
917356
917035
917036
917265
917129
916669
916863
916600
916707
917149
916941
916835
917008
916869
916770
917128
916661
917199
917136
916770
917102
917132
916762
916843
916797
916718
917293
916918
916649
917197
916812
916776
916643
917005
916936
917231
916912
916771
916661
917078
917040
916827
916496
916393
916845
916537
916957
916911
916727
916637
917255
917050
916793
917363
916300
916636
916503
916972
916946
916351
917208
916828
917403
916860
917078
916883
916647
916885
916188
916799
916285
917067
916658
916786
916748
916458
917068
916854
917206
916950
916838
916742
916756
917113
917152
917089
916739
916655
916863
916916
916911
916618
916960
916829
916976
916337
917401
916790
916900
916620
917099
916736
917022
916627
917124
916203
917344
917051
917235
916730
916527
916762
916844
917027
917124
916706
916690
917032
916863
916860
916624
916798
916882
917161
916924
916869
916883
916903
916870
917147
916637
916582
916963
916807
917087
916466
916961
916670
916737
917037
916924
916381
916925
917616
917107
916353
917072
916938
916725
916471
917244
917292
916937
917126
916867
917134
916518
916378
916866
917061
916818
916478
917035
917412
917169
916955
916822
917209
916710
916685
916769
916591
916993
916977
917153
916670
916765
917101
916939
917127
916805
916479
916659
916717
916424
916692
916373
916622
916751
916640
916879
916829
916996
916866
916900
916945
916580
917670
916843
916372
916702
916840
917007
916488
916531
916381
916841
917041
916358
916369
916455
917018
916979
917061
916733
916546
916694
916997
916780
916976
917553
917086
916916
916790
916639
