35127
35260
35220
34998
35401
35227
35090
35047
35194
35216
35036
35145
34982
35028
35239
35108
34961
35250
34958
35149
34998
35018
35212
35180
35261
35317
35113
35110
34988
35144
34937
35051
35281
35031
35447
35009
35260
35083
35169
35136
35060
35213
34941
35119
35136
35103
34911
35407
35196
35149
34996
35235
35072
35141
34908
35128
35283
35356
35147
34950
35246
35115
34875
35225
34877
35273
35461
35379
35067
35330
35066
34921
35396
35594
35136
34731
34892
35116
35452
35163
35124
35216
35289
35233
35176
35278
35103
35389
35407
35205
35111
35350
35509
35411
35480
35330
35371
34962
35171
35313
35038
34907
35121
35203
35044
34952
34975
35418
35196
35254
35302
35445
35249
35224
35525
34989
34957
35412
35180
35330
35043
35110
35251
35250
35098
34949
35013
34988
35009
35071
35249
34859
35106
34999
35244
35299
35158
35228
35272
35275
35059
35580
35486
35200
35185
35039
35170
35204
34932
35181
35181
34925
34997
35068
35012
34802
35058
35081
34983
35083
35241
35234
35441
35465
34895
35380
35388
35341
35206
34987
35032
35236
35253
35259
34903
35110
35032
35214
35176
35155
35161
35291
35276
35095
35407
35199
35176
34973
35381
35276
34986
35298
35131
35223
35083
34995
34941
35262
35258
35166
35393
35336
35107
35031
35042
35047
35157
35274
35186
35127
35110
35172
35384
35141
35360
35285
35360
35272
34987
35438
35095
35389
35131
34905
35069
35328
35231
35140
35194
35024
35273
35097
35201
35237
35014
35368
35263
35161
35146
35194
35243
35195
35183
35213
35165
35027
35493
35129
35213
35213
35097
34655
35183
35068
35374
35190
35187
34999
35141
35126
35192
35135
35173
35155
34836
35229
34968
35199
35123
34987
35151
35269
35540
35305
35359
34980
34929
34944
35168
35022
34970
35275
35199
35104
35086
34889
35498
34873
35435
35148
35306
35111
35095
35350
35164
34928
35067
35273
35268
35023
35030
35509
35253
35252
35248
35281
35494
35185
35203
35201
34985
35123
35099
35067
35129
35394
35126
35303
35012
35244
35109
35288
35455
35125
35312
34899
35041
35178
35077
35343
35236
35374
34879
35430
35019
35186
35357
35216
34976
35067
35421
35184
35223
35054
35219
34922
35284
35138
35479
35203
34836
35158
35069
35169
34941
35123
35161
35488
35258
35073
35229
35220
35039
35314
35122
35111
35084
35251
35027
35294
35201
35354
34940
35289
35401
35194
35143
35259
35323
35208
35049
35288
35165
35141
35215
35115
35344
35185
35391
35365
35204
35235
35320
35207
35293
35310
34907
35092
35301
35317
35060
35186
35531
35136
35122
34923
35071
35145
35242
35173
35136
35255
35271
34983
35320
35031
35142
35230
35397
35050
35382
34804
35077
35274
35213
35131
35195
35275
34869
35280
34939
35282
35184
35431
35169
35183
35080
35281
34983
35094
35087
35113
34958
35077
34979
35207
35426
35122
35083
35450
35155
35051
35015
35329
34836
35271
34908
35155
35103
35170
35009
35312
35303
35252
35154
35448
35289
35002
35301
35150
35313
35405
35012
34867
34821
35286
35184
34970
35112
35227
34927
35252
34976
35030
35371
35315
35109
35073
35174
35090
35261
34920
35001
35011
34951
35177
35000
35363
35231
35131
35272
35322
35333
35381
35256
34995
35257
35174
35050
35286
35075
35216
35416
35046
35217
35028
35063
35204
34960
35129
35257
35142
35251
35166
35156
34940
35122
35243
35212
35215
35296
35231
35204
35270
35038
35413
35330
35463
35241
35122
35159
35129
34912
35198
35328
35167
34806
35446
35386
35239
35103
34986
34969
35328
35284
35329
35260
35331
35034
35036
35150
35094
35308
35014
35024
35364
35029
35127
35015
35336
35236
35274
35186
35387
35166
35427
35085
35250
35088
35221
35041
35312
35122
35095
35013
35004
35193
35393
35134
34946
34966
35255
35455
35326
35383
34928
35288
35009
35230
35299
35150
35244
35014
35044
35025
35115
35074
35373
35351
35146
35096
34980
35270
34934
35015
35130
34849
35220
35426
35120
35286
34987
35124
35060
35094
35404
35189
35270
35240
35173
35294
35199
34959
35301
35067
35330
35049
35161
35300
35226
35013
35224
35271
35379
35475
35195
34971
35269
34990
35181
34953
35231
35354
35090
35113
35465
35083
35057
35304
35174
34964
35379
35085
35231
35046
35124
35335
34775
35036
35301
35169
35283
35111
35076
35337
35376
35193
35168
35104
35158
35126
35086
35419
35157
34967
35092
35045
35055
35257
35081
34985
35069
35171
35249
35178
35299
35261
35162
35226
34903
35197
35173
35166
35073
35125
35070
35208
35246
35185
35594
35307
35164
35114
34968
35290
35441
35367
35118
35376
35304
35206
35328
35189
35075
35374
35142
35455
35240
35390
35280
35139
34974
35168
35262
35404
35290
35256
35030
35382
35278
34863
35276
35010
35288
35189
35134
35076
35394
35235
35238
35456
35337
35090
35051
34967
35018
34963
35145
35127
35210
35184
35192
35227
35161
35138
35161
35222
35388
35005
35131
35173
35301
35074
35091
34961
35252
35179
35255
35185
35298
35276
35223
35312
35166
35354
35176
35039
35056
35259
35229
35160
35247
35312
35246
35101
35121
35300
35174
35235
35270
35099
35261
35474
35079
35326
35454
35407
34919
35204
35224
35254
35125
34993
35168
35161
35219
35314
35121
35010
35283
35219
35179
35107
35271
35422
35305
35388
35027
34997
35291
35237
35142
35349
35304
35300
35105
35384
35272
35374
35177
35386
35208
35353
35236
35078
35188
35332
35240
35270
35276
35429
35264
35138
35497
35317
35048
34914
35278
35062
34965
35241
35179
35181
35167
35048
35456
35207
35108
35215
35301
35272
34987
35418
35247
35284
35146
35183
35004
35257
35231
35137
35303
35074
35180
35065
35189
35535
35034
35190
35187
35326
35082
34921
35268
35022
35162
35010
35189
35182
35389
35109
35201
35352
35209
35261
35162
35165
35333
35444
35279
35527
34999
35072
35190
35161
35113
35079
35129
35303
35200
35104
35156
34995
35127
35142
35187
35226
35197
35240
35125
35028
34849
35355
35051
35078
35055
35353
35291
34862
35065
34993
35293
35003
35295
34995
35324
35196
34999
35303
35278
35294
35178
35388
35312
35383
35226
35106
35208
35214
35151
35094
35144
34865
35142
35354
35078
35339
35109
34973
35115
35178
35150
35302
35146
35337
35344
35028
34876
35132
35231
35268
35173
35146
35057
35052
35264
35009
34963
34969
35176
35200
35096
35017
35134
34998
35006
35226
35010
35419
35101
