60315
60155
60078
60086
60189
60015
59999
60292
60114
60262
60142
60239
60128
60097
60294
60156
60253
59946
59997
60177
60211
59973
60258
60369
60247
60151
60100
60080
60073
60318
60304
60103
60239
60214
60103
60286
60018
60204
60175
60086
60168
60237
60163
60211
60463
60265
60292
60003
59880
60352
60073
60326
60447
60347
60221
60483
59924
60109
60059
60418
60156
59940
59978
60251
60004
60667
60118
60088
59999
59981
60440
60356
60154
60101
59907
60014
60167
60102
59973
60203
60123
60121
60197
60164
60148
60223
60284
60179
60282
59962
60288
60126
60319
60058
60243
60172
60043
60319
60217
60513
60127
60218
60311
60158
60283
60145
60043
60133
60502
60163
60302
60113
60063
59901
60150
60484
60150
60033
60267
60442
60314
60277
60328
60218
60099
60453
60265
60359
60225
60432
60071
60167
60022
60162
60233
60422
60257
60049
60349
60144
60256
60398
60105
60101
59906
60227
60087
59928
60255
60132
60227
60330
60401
60051
60131
60592
60169
60068
60261
60051
60302
60025
60073
60152
60107
59813
60212
59699
60122
60200
60348
59861
60381
60207
60207
60202
60009
60136
60313
59974
60013
60492
60337
60143
60396
60208
60163
60264
60040
60299
60341
60465
60147
60478
60008
60179
60142
60227
60191
60155
60229
60257
59969
59984
60155
60173
60114
60389
60519
59867
60467
60078
59892
60099
60274
60139
60358
60344
60321
60275
60078
60153
60205
60294
60257
60322
59933
60287
60310
60272
59897
60304
60275
60237
60350
60439
60082
60408
60388
60445
60328
60255
60426
60019
60218
60246
59975
60190
60532
60161
60263
60013
60112
60320
60131
60092
60195
60186
60150
59964
60298
60431
60076
60185
60225
60256
60196
59942
60101
60304
60172
60444
60140
60377
60429
60170
60276
60098
60166
59881
60188
60204
60592
60174
60113
60110
60321
59899
60376
60521
60058
60391
60028
60058
60423
60201
60326
60458
60183
60269
60148
59897
60185
60215
60148
60148
60212
60116
60382
60339
60049
59819
60227
60425
60119
60065
60285
60260
60448
60001
60093
60377
60351
60561
60171
60069
60072
59992
60451
60243
60238
60245
60032
60098
60183
60069
60065
60264
60009
60187
60198
60127
60146
60176
60153
60064
60370
60286
60086
60227
60425
60044
60306
60137
60069
60169
60291
60372
60139
60196
60273
60406
60128
60099
60358
60100
60201
60265
60185
60165
60186
59980
60060
60286
60429
60301
60105
60252
60268
60059
60368
60183
60370
60160
60142
60072
60346
60225
60446
60056
60180
60069
60368
60064
60052
60217
60168
59975
60470
59957
60185
60546
60328
60359
59980
60254
60192
60350
59979
60153
60030
60453
59993
60329
60202
60168
60036
59974
60116
59965
60136
60097
60293
60358
59948
60455
60056
60087
60258
59875
60158
60217
60231
60015
60101
60175
60462
59988
60086
60300
60156
60153
60124
60017
60214
60127
60299
60155
60248
60111
59906
60263
60246
60050
60098
60336
60104
60195
60319
60397
60498
60118
60233
60354
60474
60380
60011
60308
59912
60001
60453
60168
60179
60346
60266
60159
59996
60276
60177
60174
60331
60099
60042
60206
60043
60084
60084
59926
60177
59992
59830
60253
60231
60125
60152
60272
60394
60241
60161
60069
60182
60200
60393
60144
59935
60166
59985
60221
60037
60236
60117
60352
60520
60372
60270
60186
60165
60050
60298
60338
60128
60313
60018
60190
60338
59940
60251
59999
60170
60180
60251
60017
60361
60394
60105
60169
60014
60250
60537
59885
60067
60406
60148
60218
60466
59788
60379
60115
60030
60094
60093
60216
60189
60208
60040
60399
60432
60350
60076
60064
60282
60225
60078
60000
60127
60340
60043
60298
60094
60388
59995
60068
59960
60241
59943
60479
60032
60100
60016
60344
60556
60040
60044
60259
60314
60208
60284
60441
60452
60211
59741
60202
60099
60218
60024
60156
60261
60472
60194
60026
60166
60069
60071
59958
60201
60100
60290
60171
60402
60237
59851
60095
60051
60363
60132
60257
60285
59957
60194
60189
60194
60274
60053
60195
60179
60074
60201
59971
60046
59996
60106
60288
60171
60331
60167
60198
60293
60182
60304
60319
60232
60115
59958
60115
60207
59905
60159
60283
60105
60039
60158
59958
60176
60280
60312
60193
60118
60429
60201
60151
60406
59875
60335
60485
60167
60100
59962
60480
60390
60277
60212
60324
60229
60389
60210
60149
60148
60397
60166
60219
60169
60348
60107
60090
60455
60185
60343
60362
60327
60185
60326
60175
59961
60150
60125
59904
59994
60095
59913
60276
60399
60320
60254
60286
60398
60076
60203
60303
60106
60070
60391
60273
60368
60292
60280
60159
60504
60227
60058
59997
60247
60111
60199
59894
60411
60349
60178
60206
60447
60249
60088
60123
60533
60224
60379
60165
60476
60190
60037
60191
60451
60068
60385
60377
60173
60169
60083
59991
60335
60102
60038
60269
60003
59970
60022
60320
60277
60198
60104
60102
60199
60345
60665
60125
60051
60021
60194
59982
60195
60172
60086
60222
59994
60116
59966
60121
60313
60141
60059
60047
60128
60211
60116
60115
60124
60278
60100
60143
60329
60492
60246
60177
60112
60088
60605
60143
60226
60257
60137
60092
60275
60137
60189
60208
60099
60339
60344
60103
59975
60246
60224
59942
60144
60198
60187
59983
60195
60050
60056
60089
60291
60248
60092
60406
60166
59995
60320
60100
60140
60391
60093
60179
60230
60166
60232
60133
60352
60155
60322
60050
60208
60394
60132
60374
60297
60011
60186
60087
60418
60304
60156
59859
60146
60203
60374
60229
60067
59890
60628
59994
60096
60270
60308
60176
60215
59972
60293
60158
60242
60043
60196
60188
59999
60132
60296
60244
59906
60211
59941
60232
60064
60328
60190
60219
60296
60209
60185
60381
59969
60236
60173
60300
60489
60230
60090
60050
60137
60146
60039
60204
59996
60505
60080
60439
60053
60072
60170
60058
60398
60073
60381
60071
60422
60258
59927
60283
59915
60428
60395
60047
59958
60062
60185
60205
60306
60122
60320
60197
60175
59899
60223
59950
60448
60284
60159
60242
60340
60093
60226
60190
60280
60128
60308
59981
60132
60320
60121
60091
60320
59729
60447
60368
60237
60357
59877
60129
60132
60098
60235
60068
59984
60223
60072
60348
60319
60156
60153
60353
60320
60044
60177
60105
60245
60403
60375
60153
60182
60252
60128
60325
60374
60132
60143
60205
60261
60250
60209
60286
60113
60059
60062
60462
60081
59987
60333
60210
60221
60293
60048
60212
