53832
53957
53756
53937
53857
53992
53965
53948
53822
53836
53716
53866
53779
53928
53842
53710
53839
53950
53942
53824
53709
53966
53959
53630
53840
53746
53823
53928
53900
54047
53755
54078
53827
53833
53896
53810
53660
53766
53973
53890
53931
53568
53734
53633
54007
54042
53769
54004
53831
53878
53832
53646
53641
53765
53858
53826
54008
53988
53827
53837
53906
53681
53931
53840
54006
53748
53624
53840
53745
53837
54084
53992
53564
53696
53712
53767
53806
54094
53411
54085
53551
53556
53664
53944
53596
53884
53668
53800
53975
53752
53876
53783
53867
53960
53922
53674
53904
53844
53683
53981
54014
53845
53797
54119
53804
53794
53960
53726
53794
53866
53653
53651
53703
53845
53977
54157
53724
54052
53803
53706
54138
53666
53834
53664
54130
54030
53782
53891
53881
53740
53798
53891
53520
54173
54042
54143
53479
53917
53717
54087
53938
53865
54157
54324
53872
53938
53692
53953
53912
53854
54397
53964
53779
53881
53945
53886
53772
53907
53569
53832
53984
53697
54087
54275
53813
54056
53830
53808
53737
53855
53718
53848
53903
53881
53866
53874
53881
53612
54083
53737
53995
53974
53765
53949
53810
53587
53786
53622
53941
54182
53702
53844
53873
53792
54130
53772
53833
53831
53956
53751
53696
53955
53908
54206
53909
53721
53680
54154
53886
53513
54009
54123
53727
53644
53793
54009
53784
53768
53851
54130
53927
53914
54156
53988
53827
53731
53719
53795
54090
53763
53968
53813
53764
53717
53783
53935
53882
53988
53798
53766
53900
53708
53740
53670
54055
53974
53797
53981
54024
53820
53738
53701
53563
54070
53830
53790
53869
53921
54191
53922
54047
53856
53747
54040
53788
53643
53808
53963
53747
53756
53954
54103
53614
53745
53696
53566
53783
53903
53604
53797
53803
53699
53883
53784
53965
54094
53765
53901
53723
53800
53748
53696
53961
54044
53775
53774
53756
53838
53934
53852
53835
53821
53788
53900
53936
54110
53783
53782
53764
54206
53706
53870
54000
53723
53924
53887
53829
53810
53864
53700
53935
53906
53679
53927
53744
53884
53753
54002
53677
53906
54074
53946
53953
53455
53631
53992
53728
54086
53706
53868
53904
54061
53912
53748
53925
53897
54095
54142
53789
54084
53732
53725
53742
54089
53820
53806
53998
53854
53767
53920
53903
53929
53990
53809
53938
54100
54057
53826
54098
53783
53822
53697
53847
53711
53907
53754
53549
53939
53916
53593
53745
53955
53841
53938
53821
53921
53808
53893
54072
53869
53975
53880
54180
53937
54053
53922
53849
54133
53730
53624
54045
53783
53810
53694
54034
53665
53642
53625
53844
53724
53985
53985
53868
53565
54007
53753
53811
53663
53861
53930
53902
53875
54067
53944
53941
53670
53825
54151
54062
54012
53689
53657
53782
53781
53575
53758
53870
53852
53989
53923
53778
53851
53728
53861
53743
53819
53758
53775
53855
53838
54120
53839
53855
54060
53848
53901
53791
53756
53888
53598
53871
53666
53833
53774
54012
53806
53995
53792
53772
53775
53989
53649
53836
54030
54158
54007
53524
53946
54059
53616
54142
54059
53783
53977
53814
53804
53757
54053
53801
53586
54034
53908
53904
53888
53893
53966
53730
53682
53867
53862
53689
53830
53809
53668
53851
53719
53814
53820
53801
53731
54000
54062
53897
53692
54094
53746
53802
54028
53744
53759
53806
53854
53894
53703
53976
53979
54103
53980
53934
54039
53770
53936
54059
53933
53941
53822
53462
53390
54295
54017
53846
53896
53947
54029
53799
53975
53874
53782
53756
53634
53945
53713
53682
54059
53781
53749
53645
53548
53941
54078
54101
53804
53877
53794
53767
53802
53991
53684
53740
53824
53868
53674
53931
53922
53900
53971
53834
53794
53935
53640
53764
53844
53695
53847
53870
53796
54000
54105
54078
53770
53597
53769
54023
53679
53967
53724
53776
53943
54025
53782
53874
53973
54121
53839
53645
53712
54034
53966
53686
53967
53590
53710
53968
53540
53912
53584
53984
53942
53855
53453
54220
53825
54083
53845
53968
53895
53772
53716
54100
53584
53669
53926
53744
53811
54030
53997
53807
53894
53954
53914
53987
53651
53583
53709
53802
53777
53978
53836
53995
53930
53673
53756
53661
53886
53801
53704
54099
54035
53967
53778
54159
54282
53531
53854
53778
53762
54193
53922
53905
53689
53776
53981
53867
53620
54037
53753
53581
54085
53863
53647
53730
53912
54090
53906
53771
53929
53710
53646
53561
53621
53547
53887
54017
53948
53784
54002
53689
53960
53983
53661
53791
54065
53814
53757
53729
53885
54021
53825
53862
53682
53899
53941
53761
53937
53912
53950
53965
54036
54170
53814
53664
53907
53817
54204
53541
54108
53834
53975
53910
53748
53828
54082
53939
53892
53818
53834
54007
53793
53705
53830
53772
53761
53789
53916
53628
53759
53579
53788
53928
53965
53889
53634
53897
53724
54029
54269
53814
53771
53769
53933
53814
53996
53994
53937
53675
53944
53761
53796
53978
53619
53865
54034
53810
53656
53685
53732
53803
54137
53859
54047
53629
53958
53739
54032
53419
53660
53884
53741
53638
53656
53935
53629
53937
53928
53868
54202
53775
53763
53841
53929
53679
53704
53792
54104
53731
53797
54248
53979
53649
53553
53709
54072
53757
53660
53797
53951
53957
54038
53899
53870
53712
53674
53857
53834
53612
53810
53901
53859
53996
53700
54017
53964
53878
53994
54053
53643
53761
53765
53678
53840
53775
53788
53873
53940
53724
53803
53762
53869
53835
53674
53738
54059
54014
54016
53789
53692
54132
53593
53827
53920
53672
53592
53963
53930
53973
53714
53790
53686
54017
53773
53868
53964
53815
53793
53662
53674
53781
53613
53934
53707
53628
53633
53667
53965
53855
53919
53703
54222
53944
53928
53716
54175
53833
53605
53903
53851
54064
54097
54072
53606
53739
53728
53969
53907
54073
53708
53913
53728
53740
53902
53736
53886
54140
53661
53911
54005
53742
53889
53784
53771
54040
53988
53690
53845
53667
53874
54015
53956
54140
54056
53530
53676
53906
53732
53838
54009
53529
53518
53613
53770
53848
53821
53767
54228
54083
53982
53811
53879
53895
53740
54040
53786
53951
53785
53859
54086
54190
53682
53862
53792
54017
53822
53879
53843
53930
53738
54097
53684
53912
53824
53776
53982
53961
53591
53788
53900
53795
53520
53932
53767
53493
54025
53784
53745
54092
53805
53800
53965
54031
53835
53699
54031
53860
53834
53996
53831
53763
53773
53839
53844
