28188
28190
28371
28346
28067
28047
28231
28377
28262
28246
28218
28238
28065
28385
28111
28190
28313
28256
28344
28431
28214
28125
28318
28514
28265
28332
28155
28292
28309
28083
28272
28526
28227
28329
28085
28188
28329
28274
28343
28318
28600
28100
28260
28338
27793
28423
28323
28159
28150
28202
28231
28131
28276
28312
27999
28183
28261
28579
28276
28097
28261
28478
28224
28374
28204
28335
28148
28180
28209
28267
28471
28358
28200
28324
28193
28317
28115
28488
28144
28266
28122
28326
28310
28155
28154
28350
28419
28358
28404
28217
28301
28277
27844
28236
28209
27908
28282
28000
28436
28131
28206
28250
28238
28269
28152
28263
28363
28083
28221
28315
28041
28327
28328
28411
28319
28284
28183
28218
28146
28084
28358
28300
28185
28434
28108
28359
28214
28264
28170
28059
28119
28475
28141
28196
28278
28184
28323
28290
28083
28014
28299
28093
28270
28448
28325
28303
28064
28376
28359
28396
28222
28184
28163
28443
28190
28361
28306
28251
28108
28253
28253
28100
28071
28267
28206
28216
27921
28146
28195
28401
28208
28093
28307
28263
28040
28267
28442
28409
28350
28129
28309
28560
28176
28384
28169
28031
27960
28169
28169
28170
28278
28193
28388
28477
28242
28431
28299
28519
28087
28190
28315
28117
28207
28228
28277
28211
28377
28153
28005
28278
28399
28284
28128
28268
28202
28275
28339
27871
28125
28187
28190
28257
28379
28194
28478
28391
28401
28348
28287
27906
28327
28435
28485
28409
28273
28204
28291
28333
28034
28044
28305
28409
28281
28228
28315
28180
28302
28362
28315
27962
28033
28138
28242
28379
28538
28320
28118
28221
28193
28021
28015
28479
28280
28318
28241
28057
28060
28355
28455
28211
28261
28276
28125
28165
28299
28269
28163
28534
28255
28226
28184
28330
28280
28503
28452
28240
28184
28098
28198
28335
28325
28180
28319
28005
28433
28032
28317
28179
28191
28239
28389
28345
28263
28394
28479
28068
28303
28217
28295
28258
28174
28241
28195
28245
28453
28253
28359
28289
28090
28269
28266
28374
28326
28370
28196
28318
28092
28345
28290
28094
28330
28386
28526
28301
28197
28525
28152
28269
28204
27903
28270
28180
28369
28671
28103
28050
28337
28148
28265
28372
28181
28266
28413
28425
28092
28280
28443
28268
28142
27983
28353
28120
28283
28169
28255
28182
28333
28154
28325
28156
28278
28328
28337
28152
28205
28535
28313
28108
28307
28417
28192
28379
28260
28363
28442
28300
28062
28251
28503
28214
28135
28059
28321
28413
28217
28279
28252
28392
28112
28499
28180
28260
28256
28307
28167
28337
28280
28363
28414
28245
28168
28126
28404
28199
28370
28211
28184
28455
28098
28192
28249
28346
28180
28355
28170
28230
28247
28206
28228
28094
28438
28090
28365
28555
28035
28429
28282
28116
28416
28325
28331
28440
28162
28322
28235
28464
28437
28434
28461
28290
28245
28356
28444
28494
28298
28455
28311
28390
28212
28298
28125
28196
28298
28360
28343
28150
28222
28141
28438
28328
28439
28296
28386
28343
28419
28292
28187
28152
28365
28237
28290
28354
28277
28218
28287
28222
28291
28115
28536
28095
28226
28440
28147
28220
28518
28241
28274
28341
28095
28179
28193
28296
28352
28248
28460
28442
28366
28250
28491
28305
28403
28262
28533
28332
28290
28293
28080
28295
28445
28397
28096
28296
28296
28428
28170
27956
28389
28088
27901
28027
28030
28190
28114
28162
28277
28382
28008
28117
28391
27948
28464
28216
28165
28268
28146
28293
28186
28174
28228
28392
28113
28034
28332
27794
28210
28089
28287
28387
28339
28585
28163
28412
28098
28306
28178
28425
28105
28109
28187
28374
28128
28400
28300
28405
28130
28050
28475
28378
28171
28278
28348
28398
28404
28370
28403
28406
28098
28175
28473
28343
28429
28327
28436
28125
28399
28385
28439
28464
28440
28219
28408
28233
28498
28303
28283
27991
28183
28143
28434
28285
28289
28381
28349
28238
28289
28450
28432
28264
28371
28323
28119
28485
28246
28157
28390
28372
28345
28276
28237
28195
28058
28205
28207
28125
28366
28199
28428
28051
28395
28183
28235
28280
28107
28222
28282
28176
28209
28246
28154
28227
28346
28081
28320
28618
27965
28428
28140
28128
28519
28488
28091
28495
28010
28110
28293
28305
28126
28239
28259
28346
28240
28230
28251
28528
28441
28281
28444
28323
28226
28368
28241
28313
28155
28326
28397
28210
28338
28480
28365
28425
28335
28611
28123
28113
28467
28526
28208
28361
28525
28357
28262
28405
28137
28409
28318
28177
28150
28323
28425
28496
28185
28255
28100
28287
28267
28251
28254
28297
28137
28397
28505
28322
28280
28537
28385
28285
28487
28319
28161
28238
28236
28080
28312
28297
28115
28217
28161
28109
28200
28220
28466
28185
28351
28469
28340
28556
28340
28446
28421
28190
28269
28037
28326
28323
28273
28499
28533
28330
27996
28422
28083
28231
28331
27971
28388
28439
28360
28270
28355
28242
28174
28151
28317
27950
28148
28203
28077
28179
27915
28225
28254
28145
28379
28472
28186
28278
27969
28185
28149
28238
28161
28628
28524
28215
28306
28398
28119
28239
28355
28113
28304
28133
28291
28099
28392
28314
28183
28346
28308
28204
28092
28360
28264
28457
28116
28214
28351
28229
28407
28339
28250
28244
28457
28253
28255
28351
28323
28443
28128
28301
28042
28126
28155
28235
28254
28160
28040
28421
28515
28132
28360
28326
28482
28276
28437
28314
28397
28484
28691
28221
28335
28231
28197
27987
28331
28198
28083
28052
28138
28449
28370
28045
28452
28054
28402
28571
28159
28319
28549
28504
28103
28060
28090
28211
28211
28075
28364
28182
28033
28381
28287
28208
28140
28297
28249
28196
28573
28035
28264
28345
28489
28494
28289
28100
28420
28064
28248
28113
28132
28478
28087
28307
28243
28094
28174
28242
28358
28368
28187
28248
28005
27947
28355
28504
28476
28295
28206
28164
28171
28226
28294
28381
28022
28356
28302
28171
28272
28244
28139
28227
28236
28258
28289
28245
28223
28302
28108
28293
28265
28450
28203
28276
28011
28419
28608
28431
28336
28467
28303
28231
28153
28358
28278
28294
28162
28287
28025
28143
28176
28217
28417
28284
28260
27935
28082
28083
28160
27944
28108
28129
28424
28498
28125
28203
28345
28244
28029
28193
28266
28101
28048
28260
28181
28137
28271
28022
28312
28121
28407
28273
28426
28330
28353
28214
28136
28352
28381
28092
28090
28422
