36484
36788
36665
36598
36656
36545
36708
36907
36871
36621
36695
36684
36566
36734
36727
36724
36833
36953
36740
36835
36618
36756
36794
36625
36746
36762
36727
36834
36822
36539
36507
36469
36572
36756
36639
36936
36973
36746
36698
36802
36891
36638
36791
36959
36643
36714
36769
36605
36833
36965
36841
36869
36913
36826
36740
36594
36745
36813
36871
36742
36946
36565
36885
36865
36673
36930
36732
36564
36868
36800
36881
36747
36744
36819
36719
36664
36517
36746
36564
36658
36805
36640
36687
36877
36686
36683
36952
36899
36807
36582
36977
36535
36720
36675
36861
36881
36735
36888
36701
36546
36396
36534
36399
36856
36698
36607
36808
36525
36713
36622
36734
36851
37175
36718
36925
36789
36986
36656
36796
36679
36642
36720
36561
36734
36680
36890
36512
36914
36942
36614
36538
36851
36705
36719
36603
36631
36631
36845
37072
36901
36603
36992
36594
36588
36578
36471
36705
36817
36646
36749
36865
36728
36903
36498
36905
36925
36839
36948
36903
36714
36632
36588
36495
36485
36536
36534
36898
36683
36661
37041
36772
36669
36881
36878
36533
36822
37208
36999
36643
36673
36705
36640
36921
36882
36613
36763
36712
36788
36735
36772
36880
36717
36894
36672
36741
36823
36798
36553
36610
36592
37025
36836
36712
37031
36722
36446
36695
36547
36939
36522
36712
37147
36795
36617
36703
36719
36684
36628
36625
36821
36283
36689
36835
36630
36655
36521
37113
36692
36551
36747
36760
36508
36766
36589
36792
36788
36675
36564
36956
36631
36397
36539
36768
36888
36661
36739
36515
36875
37081
36522
36499
36542
36648
36702
36869
36518
36745
36714
36851
36972
36819
36791
37059
36658
36810
36771
36620
36799
36812
36722
36823
36603
36953
36628
36579
36919
36817
36726
36674
36717
36959
36732
36539
36660
36777
36633
36678
37119
36840
36907
36768
36840
36678
36832
36562
36709
36570
36901
36959
36767
36765
36731
36645
36920
36643
36884
36610
36784
36762
36730
36912
36755
36825
36549
36717
36810
36750
36706
36598
36424
36748
36559
36861
36955
36618
36940
36301
36523
36623
36842
37051
36604
36628
36724
36594
36741
36962
36765
36768
36641
36811
36759
36616
36940
36763
37029
36863
36515
36550
36750
36729
36771
36851
36644
36602
36789
36748
36860
36665
36527
36836
36706
36567
36730
36871
36970
36812
36702
36575
36945
36831
36875
36705
36981
36513
36805
36847
36765
36557
36732
36906
37092
36748
36940
36650
36807
36881
36675
36667
36831
36673
36789
37054
37051
36539
36591
36898
36654
36674
36997
36829
36585
36995
36566
37097
36592
36599
36615
37091
36817
36935
36478
36877
36855
36746
36668
36746
36863
36842
36869
36783
36693
36789
36997
36674
37118
36605
36924
36906
36811
36674
36722
36712
37052
36757
36870
36695
36892
36662
36970
36834
36553
36827
36981
36750
36867
36807
36859
36888
36764
36923
36738
36863
36743
36720
36843
36791
36935
36672
36862
36587
36893
36615
36995
36855
36662
36887
36906
36709
36550
36934
36587
36859
36746
36794
36827
36683
36756
36507
36693
37011
36616
36852
36631
36693
37005
36814
36505
36830
36753
36965
36582
36914
36635
36691
36840
36779
36686
36639
36835
37089
36649
36861
36897
36779
36776
36583
36627
36665
36732
36580
36706
36757
36901
36886
36660
36664
36926
36827
37230
36568
36801
36810
36691
36623
36675
36961
36843
36646
36498
36952
36629
36785
36653
36788
36827
36680
36730
36742
36878
36611
36597
36844
36726
36839
36864
36791
36589
36513
36752
36710
36628
36785
36927
36746
36590
36660
36856
36520
36975
36835
36366
36916
36924
36981
36900
36684
36482
36549
36544
36718
36844
36715
36754
36433
36611
36525
36681
36721
36672
36728
36731
36512
36796
36990
36602
36710
36761
36795
36900
36688
37033
36691
36537
36597
36835
36996
36797
36497
37010
36604
36682
36650
36963
36981
36916
36822
36533
36890
36561
36689
36793
36825
36790
36713
36836
36851
36580
36716
36831
36910
37090
37137
36909
36714
36730
36703
36854
36490
36765
36682
36914
36940
36498
36753
36621
36866
36850
36838
36394
36716
36705
37146
36534
36678
36743
36636
36860
36846
36778
36954
36828
36594
36749
36573
36753
36633
37057
36621
36885
36635
36783
36904
36725
36877
36941
36845
36975
36693
36781
36751
36787
36750
37157
36829
36711
36978
36429
36817
36812
36582
36870
36704
36747
36482
36858
36687
36527
36797
36615
36638
36649
36796
36979
36810
36651
36779
36865
36299
36816
36689
36460
36505
36474
36792
36756
36764
36929
36591
36861
37056
36796
36600
36857
37013
36613
36766
37217
36880
36798
36807
36869
36864
36549
36870
36792
36682
36132
36762
36798
36588
36642
36721
36689
36988
36863
37047
36843
36726
36974
36808
36886
36957
36947
36983
36483
36721
37055
37024
36767
37233
36744
36828
36995
36399
36546
36791
36365
36708
36852
36618
36974
36905
36902
36779
37082
36924
36773
36790
37088
36991
36892
36858
36724
36738
36768
36871
36827
36759
36867
36818
36841
36710
36939
36713
36630
36632
36661
36709
36742
36690
36597
36618
36594
36630
36541
36803
36998
36948
36694
36702
37140
36832
36929
36853
37063
36662
36752
36929
36684
36724
36803
37107
36808
36801
36912
36782
36684
36830
36591
36717
36781
36490
36523
36702
36751
36698
36573
36563
36976
36801
36612
36638
36715
36936
36754
36665
36878
36688
36744
36856
36761
36601
36560
37102
36909
36695
36825
37032
36619
36647
36876
36832
36460
36856
36832
36701
36728
36888
36741
36722
36461
36631
36786
36922
36761
36805
36755
36850
36731
36798
36885
36672
36665
36631
36549
36873
37068
36832
36618
36700
36610
36758
36493
36708
36516
36758
36467
36714
36622
36720
36731
37006
37177
36865
36560
36653
37034
37080
36650
36773
37034
36701
36937
36705
36576
36561
36946
36773
36827
36916
36755
36865
36691
36753
36781
36918
36657
36467
36947
37040
36661
36873
36641
36431
36739
36613
36744
36920
36425
36968
36738
36557
37019
36787
36659
36738
36551
36621
36817
36882
36400
36695
36865
36838
36610
36568
36619
36479
36539
36789
36633
36740
36774
36990
36835
36717
36565
36787
36759
36755
36705
36873
36753
36509
36762
36702
36867
36615
36583
36835
36788
36675
36698
36845
37084
36824
36735
36344
36781
36741
36789
36786
36946
36910
37084
36694
36620
36496
36701
36694
36891
36739
36946
36469
36767
36648
36624
36652
36674
