61940
62162
61751
61971
61808
62040
61894
61926
61981
62404
61968
61844
62266
62107
62058
62102
61893
61866
62100
61882
61773
62160
62020
62127
61865
61889
62059
62123
61999
61860
61958
62056
61761
62099
61981
61900
61903
61977
61911
61943
62089
61939
62082
61910
62052
61851
61936
61906
61852
61927
61787
61908
61983
62075
61716
61976
62030
61946
62020
61938
62347
62184
61722
61875
62073
61909
61837
61922
61917
61913
61946
61900
62035
61915
61690
62127
61879
61678
62007
61936
62059
62109
61708
61954
61868
61861
61878
62103
62117
61825
62076
62056
62030
61991
61936
61872
61858
61573
61685
62123
62036
61948
61795
61968
61918
62032
61999
62123
61614
61845
62094
61952
62104
61864
61870
61869
62078
62237
62048
62237
61988
61915
62029
62035
61825
61865
62373
62003
61905
61663
62184
62265
61774
61930
62214
62004
61940
61923
61789
62024
61709
61612
62106
62163
61821
61745
62005
61975
61888
61779
61960
61851
62242
61764
61952
61772
61777
61892
61876
61932
61816
61989
62078
61918
62158
61871
62038
61890
61776
62013
61758
61967
61716
61930
61798
61983
61808
61972
62100
62035
62110
62092
61815
61804
61888
61975
61623
62032
61630
61947
61895
62154
62068
61837
61874
61951
61820
61843
62139
62171
62159
61930
61606
61982
61860
61793
62028
62042
61866
61991
62198
61967
62265
61822
61866
61940
62273
62062
61977
61969
62133
62195
61784
62082
61890
62124
62177
61777
62050
61962
61997
61897
61928
62060
61715
61776
62071
61678
62054
61921
61982
61971
62029
61879
62159
62262
62178
61923
61703
62102
61796
61979
61817
61923
61880
61849
62046
61975
62084
61725
61808
62072
61747
62113
61972
61755
61935
62037
62137
61866
62111
61873
61896
61686
61844
61889
62001
61818
61837
62149
62067
62034
61943
61623
61764
61885
62108
61953
61839
61864
62205
62014
61743
62320
61799
61921
62277
61714
62011
61997
62232
61977
61909
61831
61940
61783
62063
62138
61752
61818
62123
61773
61692
61954
61951
61828
61894
62080
61674
62028
61926
62123
62034
61891
62005
62013
61727
61908
61745
62062
62116
62027
61757
61597
62040
61954
62084
62068
61723
61937
62070
61942
62137
62244
61981
61878
61858
61945
61813
61965
61893
61900
61934
61974
62075
62043
61736
62025
61859
61952
62174
62107
61689
61992
62066
62235
61800
61950
61866
61865
61984
61956
61929
61746
62223
62029
61935
62128
62133
62132
62366
61813
62106
62051
62089
61804
61978
62039
62139
62042
61829
62010
61865
62072
62208
62234
62294
61968
62258
61927
61859
62208
61992
61968
62048
62049
62098
61872
62080
62079
61919
61925
62001
61784
62428
62068
62009
62225
62069
62044
62030
62241
61995
61869
61992
61942
61964
62271
61759
62157
62033
62101
62176
61713
61935
62148
61997
62087
62011
62313
61897
61787
61911
62320
62129
61953
62197
61896
61931
62157
62003
61951
61742
61738
62047
62339
61976
62050
62327
61956
61856
62038
61808
61916
62038
62312
61986
62013
62484
61915
61835
61970
62142
61984
62337
62078
61829
62072
62093
62058
61928
62124
61830
61913
62129
61886
61978
61865
61761
61966
61911
61923
61806
62297
61836
61957
62024
62127
62086
62007
61898
62312
61945
61994
62156
61825
62176
61637
61996
61738
61996
62031
61656
62181
61961
61934
61916
62043
62035
61770
61885
61737
61799
62060
62032
62319
62197
61872
61851
62004
61902
61953
61780
61785
61927
61872
61936
61912
62052
62034
61869
62221
62239
61812
61936
61937
61951
61938
62160
62032
61960
61961
62072
61927
61941
62042
62102
61876
62280
61808
62030
61910
62157
61919
61951
61787
61688
61793
61931
61969
61756
61954
61696
61866
62093
62051
62047
61915
61766
61960
61795
62008
61580
62063
61958
61950
61733
62100
61949
61901
61911
62108
62396
61972
61838
62079
61974
62323
61829
61868
62085
62196
62196
61880
61936
62071
61860
62331
62072
61894
62150
62094
61888
62058
62072
62080
62375
62109
62085
61552
61934
61991
62122
62196
61928
61480
62100
62055
61854
61984
62203
62189
62063
62276
62154
61987
61885
61908
62146
62177
61994
61960
62009
62336
62019
62329
62029
62163
61956
62097
62149
61902
61735
61996
61803
61872
62315
61711
61855
61919
62154
62249
61908
61814
62075
62102
62085
62294
62088
62190
61949
62084
62082
61822
62206
62180
61882
62159
61928
61897
61974
62076
62171
62104
62080
61884
61790
61932
62135
62084
61729
61994
61916
62240
62236
61938
62014
62061
61999
61821
61991
61887
61632
61750
62054
61977
61856
62108
61606
61827
62092
61897
61797
61848
61998
61929
62240
62091
62035
62354
62028
61816
61878
62017
62022
61977
62206
62069
61901
61747
62360
61826
61765
61886
62048
61945
61909
61921
61789
61945
61747
62040
62071
62210
62031
61854
62032
61845
62090
61832
61854
61882
62061
61845
61950
61821
61884
61983
61694
61882
61935
61887
62008
61953
62113
62159
61848
62152
61742
61902
61857
61865
61888
61886
62408
62213
62033
62306
62021
61803
61601
62115
61803
61861
62177
61645
61945
61655
62025
62233
62271
61968
61675
61908
62062
61694
61928
62053
61861
61751
62065
61773
62083
61843
61973
61798
62084
62207
61559
61732
61792
62179
61973
61660
61931
61867
62193
62270
62009
61941
61950
61911
61940
61945
62150
61866
61920
61832
61770
62209
61875
61865
61830
61879
62201
61711
61950
61906
61918
62028
62102
61683
61982
62017
61765
62172
62136
61975
61734
61862
62130
62029
62103
61859
61994
61759
61960
61906
62179
61834
61884
62137
61897
61855
62186
61858
61661
62064
61959
61891
61861
61869
61842
62117
61841
61869
62157
62058
61989
61864
62069
61791
62040
62169
61958
61834
61964
61908
61829
62237
61993
61910
61783
62305
62060
61772
61952
62037
62054
62148
61728
61813
62117
62486
61878
62037
61687
62042
61709
62031
61806
61763
62071
61774
61980
62074
62091
61907
61850
61892
61859
61729
61773
62041
62090
61943
61913
62077
61985
61914
62148
61762
62008
61917
61876
61922
61915
61857
61718
62023
61921
62147
61578
61962
61821
62162
61802
62021
61986
62157
61818
62003
62149
62063
61812
61533
61948
61813
62137
61970
61961
62108
61973
62052
62069
61852
61955
61965
61708
62137
62023
62009
62153
62023
62020
61753
61927
61935
61943
61917
61989
61990
61924
61775
61967
61701
61975
61925
61955
61833
61845
61981
61744
61866
61909
61973
62174
62310
61798
62157
