53588
53577
53195
53726
53446
53485
53344
53450
53356
53264
53454
53432
53469
53638
53277
53427
53425
53613
53229
53524
53472
53497
53663
53179
53503
53524
53539
53237
53373
53527
53456
53573
53450
53229
53543
53330
53470
53424
53488
53071
53370
53739
53581
53547
53512
53349
53487
53328
53513
53531
53499
53458
53246
53318
53235
53501
53355
53473
53621
53335
53627
53418
53383
53408
53698
53199
53546
53325
53307
53298
53424
53318
53360
53480
53312
53646
53321
53439
53303
53654
53689
53140
53397
53573
53144
53755
53252
53084
53315
53236
53402
53642
53623
53264
53498
53396
53436
53253
53193
53758
53415
53480
53410
53506
53677
53310
53746
53304
53443
53273
53254
53293
53442
53324
53421
53557
53470
53182
53764
53609
53220
53406
53431
53405
53386
53518
53549
53332
53386
53428
53223
53394
53305
53520
53361
53512
53386
53627
53191
53344
53167
53497
53372
53032
53509
53209
53713
53593
53500
53382
53339
53352
53381
53239
53441
53472
53773
53554
53443
53226
53256
53436
53511
53584
53419
53536
53288
53463
53401
53416
53159
53531
53298
53304
53301
53317
53231
53415
53501
53582
53295
53381
53360
53207
53293
53625
53512
53219
53384
53467
53058
53313
53605
53381
53473
53546
53383
53526
53411
53542
53339
53363
53342
53413
53279
53599
53074
53395
53259
53384
53316
53385
53331
53565
53556
53531
53590
53572
53436
53467
53505
53516
53331
53334
53188
53202
53631
53469
53414
53248
53320
53447
53634
53559
53384
53423
53659
53532
53665
53319
53588
53243
53660
53430
53346
53707
53450
53660
53256
53579
53108
53640
53399
53555
53569
53430
53283
53581
53412
53471
53403
53610
53214
53378
53441
53523
53608
53541
53853
53146
53408
53626
53366
53499
53425
53392
53616
53360
53427
53423
53467
53479
53302
53518
53246
53297
53275
53385
53539
53414
53250
53198
53320
53320
53462
53241
53391
53288
53322
53604
53396
53371
53298
53464
53374
53378
53193
53499
53472
53411
53607
53556
53374
53543
53303
53491
53487
53316
53317
53453
53491
53599
53411
53608
53488
53747
53572
53540
53277
53469
53301
53409
53453
53118
53276
53626
53158
53377
53471
53650
53321
53492
53219
53450
53404
53274
53327
53111
53397
53587
53457
53421
53233
53433
53378
53584
53475
53315
53347
53494
53556
53487
53381
53332
53249
53430
53382
53243
53299
53252
53384
53427
53740
53698
53519
53358
53424
53631
53477
53488
53584
53343
53457
53596
53817
53521
53785
53273
53486
53339
53587
53075
53646
53576
53440
53435
53700
53377
53475
53264
53498
53371
53523
53620
53720
53590
53438
53556
53297
53324
53550
53409
53575
53328
53416
53555
53550
53667
53499
53752
53607
53328
53467
53538
53718
53539
53604
53524
53445
53379
53482
53508
53516
53381
53505
53608
53610
53575
53609
53508
53727
53347
53625
53644
53647
53433
53650
53428
53474
53306
53501
53316
53757
53814
53615
53515
53426
53687
53379
53619
53655
53639
53135
53454
53357
53821
53268
53469
53541
53301
53482
53399
53257
53472
53567
53626
53275
53435
53634
53237
53528
53607
53411
53379
53303
53252
53436
53273
53349
53451
53467
53476
53369
53394
53454
53383
53547
53713
53230
53628
53571
53509
53416
53479
53223
53367
53313
53263
53507
53365
53656
53306
53401
53158
53260
53427
53341
53445
53430
53406
53667
53630
53412
53426
53777
53093
53284
53350
52962
53414
53685
53391
53321
53453
53536
53144
53372
53492
53323
53448
53665
53309
53601
53244
53414
53276
53438
53473
53500
53346
53166
53486
53831
53458
53546
53223
53706
53548
53431
53236
53713
53378
53405
53685
53235
53445
53299
53173
53422
53539
53715
53557
53398
53666
53719
53805
53287
53332
53552
53587
53086
53588
53429
53194
53415
53286
53349
53412
53243
53378
53232
53526
53526
53292
53457
53165
53538
53719
53395
53667
53456
53364
53404
53728
53155
53468
53598
53606
53583
53641
53408
53662
53615
53234
53394
53443
53659
53440
53397
53695
53472
53373
53384
53167
53489
53664
53448
53414
53483
53570
53625
53242
53547
53515
53544
53446
53275
53576
53421
53501
53690
53493
53878
53476
53608
53538
53634
53414
53588
53534
53288
53370
53510
53475
53311
53046
53539
53561
53340
53592
53326
53615
53467
53584
53529
53372
53584
53694
53542
53591
53370
53440
53484
53352
53724
53459
53533
53571
53420
53444
53637
53560
53632
53671
53557
53098
52988
53466
53507
53511
53490
53391
53370
53435
53387
53138
53610
53506
53344
53500
53555
53784
53256
53303
53363
53098
53495
53523
53241
53281
53381
53460
53460
53862
53373
53393
53307
53446
53360
53320
53393
53282
53667
53424
53755
53779
53518
53517
53446
53547
53798
53464
53190
53555
53515
53521
53359
53540
53270
53332
53421
53569
53870
53302
53442
53384
53729
53571
53630
53555
53609
53451
53527
53500
53426
53537
53146
53244
53547
53335
53761
53364
53478
53397
53802
53504
53364
53646
53424
53434
53528
53628
53399
53158
53496
53533
53515
53205
53586
53778
53562
53214
53375
53278
53475
53375
53220
53564
53428
53469
53263
53421
53298
53538
53635
53472
53380
53551
53769
53339
53226
53252
53369
53196
53556
53320
53488
53591
53425
53330
53448
53270
53472
53502
53284
53702
53644
53380
53498
53462
53485
53242
53409
53419
53357
53457
53609
53288
53591
53315
53706
53506
53470
53434
53432
53487
53534
53775
53381
53449
53352
53663
53390
53372
53592
53240
53574
53699
53433
53380
53313
53242
53281
53337
53069
53342
53326
53436
53712
53309
53506
53364
53509
53504
53318
53481
53374
53537
53391
53384
53490
53374
53576
53464
53236
53157
53260
53329
53249
53572
53440
53527
53456
53496
53419
53299
53143
53550
53440
53484
53492
53763
53450
53359
53416
53558
53366
53471
53405
53725
53287
53228
53232
53186
53275
53352
53441
53337
53347
53592
53372
53708
53403
53290
53464
53560
53395
53460
53590
53541
53659
53550
53101
53490
53568
53498
53358
53265
53431
53407
53520
53394
53374
53933
53440
53362
53520
53374
53511
53215
53590
53349
53398
53388
53852
53134
53525
53083
53561
53462
53143
53547
53340
53354
53447
53725
53771
53453
53285
53327
53491
53329
53248
53561
53356
53605
53113
53371
53127
53444
53227
53395
53524
53473
53594
53661
53515
53508
53289
53465
53590
53557
53264
53528
53773
53334
53485
53595
53450
53321
53599
53334
53440
53320
53484
53421
53354
53084
53237
53406
