2.800000, 0.900000, 0.992760
1.725000, 0.160000, 0.639948
0.075000, 1.160000, 0.024588
1.025000, 0.160000, 0.369797
1.225000, 1.320000, 0.386061
0.950000, 0.080000, 0.342056
1.725000, 0.880000, 0.640058
1.450000, 0.700000, 0.524701
0.475000, 1.080000, 0.156447
1.950000, 1.162100, 0.641862
0.975000, 1.040000, 0.324725
0.450000, 0.640000, 0.154614
0.225000, 0.320000, 0.079013
2.600000, 0.040000, 0.914634
1.050000, 0.400000, 0.376292
2.600000, 0.560000, 0.940283
0.325000, 1.920000, 0.099755
0.850000, 0.740000, 0.293165
2.225000, 0.700000, 0.881675
1.050000, 1.740000, 0.311801
1.725000, 1.860000, 0.443020
0.425000, 0.940000, 0.142701
0.200000, 1.780000, 0.061612
0.975000, 1.320000, 0.309192
1.125000, 0.420000, 0.404482
0.150000, 1.480000, 0.047482
0.775000, 1.920000, 0.233254
1.750000, 0.120000, 0.649632
1.000000, 1.380000, 0.313587
2.825000, 0.760000, 0.985332
1.275000, 1.600000, 0.376963
1.990000, 1.101500, 0.694755
1.750000, 1.920000, 0.443070
0.550000, 1.100000, 0.181878
0.300000, 1.700000, 0.093415
2.375000, 0.320000, 0.868475
0.200000, 0.380000, 0.069995
1.100000, 0.020000, 0.398253
2.000000, 1.131800, 0.668977
2.125000, 0.780000, 0.871273
0.100000, 1.480000, 0.031544
1.000000, 1.880000, 0.295622
0.975000, 0.380000, 0.348322
0.550000, 0.960000, 0.183948
0.625000, 1.180000, 0.202904
1.200000, 1.200000, 0.389633
1.950000, 0.970200, 0.805183
1.125000, 1.200000, 0.364811
2.950000, 0.940000, 0.998938
0.025000, 0.160000, 0.008802
1.950000, 0.440000, 0.738248
1.675000, 1.360000, 0.505379
0.000000, 1.780000, 0.000000
0.075000, 1.760000, 0.023234
0.900000, 1.900000, 0.268362
0.850000, 0.720000, 0.294208
2.150000, 0.220000, 0.795494
2.725000, 0.140000, 0.943747
2.600000, 0.820000, 0.971958
1.075000, 0.560000, 0.381330
1.050000, 1.100000, 0.347116
0.275000, 1.980000, 0.084385
2.475000, 0.160000, 0.886622
2.125000, 0.000000, 0.782263
0.725000, 1.940000, 0.219196
0.425000, 1.360000, 0.135805
1.250000, 1.900000, 0.358055
2.600000, 0.720000, 0.958316
1.970000, 1.061100, 0.734584
0.800000, 0.740000, 0.276239
0.700000, 0.520000, 0.245081
1.575000, 1.520000, 0.454340
0.400000, 0.520000, 0.139282
1.975000, 0.180000, 0.733968
1.575000, 0.620000, 0.581113
2.175000, 0.760000, 0.882595
0.875000, 1.460000, 0.273317
1.875000, 0.240000, 0.699569
1.525000, 0.720000, 0.555078
0.375000, 1.780000, 0.115607
1.990000, 1.000500, 0.876977
0.450000, 1.480000, 0.141999
0.150000, 1.380000, 0.047939
1.725000, 1.200000, 0.561301
1.675000, 1.920000, 0.434909
0.525000, 1.660000, 0.162473
1.500000, 1.900000, 0.409043
0.200000, 1.140000, 0.065707
0.025000, 1.720000, 0.007764
1.975000, 1.660000, 0.478348
1.875000, 1.560000, 0.490892
0.150000, 0.560000, 0.051626
2.425000, 0.220000, 0.875459
0.825000, 0.400000, 0.292818
1.050000, 0.880000, 0.358710
1.175000, 1.380000, 0.366320
1.125000, 0.580000, 0.399997
0.525000, 1.480000, 0.166081
2.025000, 0.440000, 0.767182
1.550000, 1.360000, 0.474330
1.500000, 1.600000, 0.428808
2.750000, 1.000000, 1.000000
0.100000, 1.120000, 0.032829
2.200000, 0.020000, 0.806073
0.300000, 1.720000, 0.092814
1.950000, 1.800000, 0.461649
0.300000, 0.340000, 0.105526
2.575000, 0.580000, 0.937756
1.000000, 0.660000, 0.350798
0.350000, 0.400000, 0.122769
1.125000, 0.020000, 0.407814
2.525000, 0.820000, 0.965099
1.275000, 1.660000, 0.372918
1.950000, 1.000000, 0.790186
1.950000, 1.280000, 0.578869
1.950000, 0.200000, 0.726239
2.975000, 0.440000, 0.995904
1.700000, 0.320000, 0.632909
1.300000, 1.700000, 0.376752
2.800000, 0.520000, 0.970477
0.425000, 0.560000, 0.147794
1.675000, 0.200000, 0.620994
1.900000, 0.220000, 0.708231
2.150000, 0.400000, 0.807388
2.300000, 0.020000, 0.836428
0.050000, 0.200000, 0.017537
0.175000, 0.860000, 0.059269
0.175000, 0.240000, 0.061620
0.450000, 1.720000, 0.138851
1.225000, 1.980000, 0.351573
2.775000, 0.380000, 0.960461
2.200000, 0.040000, 0.806499
1.075000, 0.260000, 0.387231
0.525000, 0.540000, 0.183393
1.775000, 0.500000, 0.668588
1.825000, 0.260000, 0.680419
1.875000, 1.800000, 0.458954
2.900000, 0.040000, 0.979668
1.725000, 0.000000, 0.639241
0.825000, 0.440000, 0.291645
2.150000, 0.840000, 0.903535
2.800000, 0.060000, 0.958858
1.350000, 0.360000, 0.492786
0.575000, 0.420000, 0.202070
2.000000, 1.200000, 0.620413
1.125000, 0.080000, 0.407932
0.225000, 1.340000, 0.072015
0.225000, 0.040000, 0.079636
0.925000, 1.860000, 0.275936
2.350000, 0.260000, 0.857649
1.075000, 1.500000, 0.330121
0.150000, 0.360000, 0.052550
0.400000, 1.060000, 0.132512
1.700000, 0.880000, 0.626338
2.875000, 0.480000, 0.980453
0.375000, 1.280000, 0.120909
1.075000, 1.680000, 0.321057
1.725000, 1.960000, 0.440376
2.500000, 0.420000, 0.907057
1.900000, 0.920000, 0.755635
1.075000, 0.600000, 0.380700
0.900000, 0.340000, 0.321071
1.900000, 1.920000, 0.453567
