1.825000, 1.040000, 0.661553
2.750000, 0.560000, 0.964316
1.200000, 0.720000, 0.422925
1.250000, 1.580000, 0.372496
0.875000, 1.680000, 0.265166
0.100000, 0.980000, 0.033275
1.225000, 1.980000, 0.351245
0.025000, 1.920000, 0.007627
0.050000, 0.780000, 0.017092
2.650000, 0.220000, 0.929272
2.300000, 0.060000, 0.836641
0.550000, 0.260000, 0.194596
0.900000, 0.980000, 0.301987
2.250000, 0.340000, 0.834483
1.625000, 1.000000, 0.571183
1.475000, 1.720000, 0.413868
0.975000, 1.180000, 0.316890
0.875000, 1.000000, 0.292523
1.250000, 0.760000, 0.439746
1.775000, 0.460000, 0.667148
1.825000, 0.960000, 0.688419
0.400000, 1.660000, 0.123840
2.425000, 0.840000, 0.958329
1.325000, 0.420000, 0.481575
0.525000, 1.560000, 0.163752
2.550000, 0.720000, 0.951373
1.000000, 1.300000, 0.318837
1.525000, 1.780000, 0.419070
2.600000, 0.820000, 0.972206
1.125000, 0.680000, 0.396325
0.025000, 0.240000, 0.008812
0.675000, 1.720000, 0.205964
2.475000, 0.560000, 0.915879
1.920000, 1.152000, 0.640997
0.275000, 1.520000, 0.086352
0.100000, 0.560000, 0.034614
1.500000, 1.720000, 0.418229
0.950000, 1.720000, 0.285341
1.300000, 1.140000, 0.427635
0.100000, 0.740000, 0.034058
1.100000, 1.760000, 0.324412
1.700000, 1.380000, 0.506542
0.925000, 1.640000, 0.281156
0.900000, 1.440000, 0.280928
1.700000, 1.060000, 0.592158
2.700000, 0.580000, 0.958223
2.900000, 0.980000, 0.999281
1.400000, 0.240000, 0.513252
1.725000, 1.720000, 0.453199
1.825000, 1.620000, 0.476548
0.125000, 0.060000, 0.043784
0.950000, 1.500000, 0.293624
2.875000, 0.220000, 0.975858
0.850000, 1.140000, 0.278630
1.375000, 0.540000, 0.499149
0.525000, 0.020000, 0.186640
0.075000, 1.780000, 0.023220
0.350000, 0.340000, 0.122847
1.200000, 1.240000, 0.386415
1.800000, 0.460000, 0.677659
2.500000, 0.340000, 0.901057
0.125000, 0.500000, 0.043024
0.450000, 0.580000, 0.155908
1.075000, 0.600000, 0.380474
1.300000, 1.180000, 0.423764
0.375000, 0.620000, 0.129638
0.950000, 1.520000, 0.292316
0.200000, 1.320000, 0.063907
0.175000, 0.580000, 0.060595
2.575000, 0.020000, 0.909050
0.000000, 1.440000, 0.000000
2.975000, 0.520000, 0.996400
0.475000, 1.360000, 0.151988
0.625000, 1.560000, 0.194363
2.500000, 0.400000, 0.905288
0.550000, 1.380000, 0.175080
0.175000, 0.440000, 0.061067
2.650000, 0.480000, 0.942288
0.725000, 0.280000, 0.257927
2.100000, 0.580000, 0.812740
2.750000, 0.400000, 0.956335
2.300000, 0.440000, 0.858316
1.875000, 1.760000, 0.462167
1.875000, 0.340000, 0.703180
3.000000, 0.360000, 1.000000
1.700000, 0.020000, 0.629963
1.400000, 0.600000, 0.507430
1.475000, 1.760000, 0.410962
0.650000, 0.820000, 0.222329
0.425000, 1.420000, 0.134788
0.950000, 1.900000, 0.281927
0.900000, 1.620000, 0.274452
0.725000, 1.400000, 0.228839
2.850000, 0.580000, 0.979860
1.200000, 0.220000, 0.435203
2.400000, 0.360000, 0.877935
2.800000, 0.280000, 0.962066
1.125000, 1.120000, 0.370286
1.725000, 0.440000, 0.645545
0.600000, 0.700000, 0.206801
0.325000, 1.160000, 0.106033
2.200000, 0.340000, 0.819033
0.075000, 0.900000, 0.025304
0.800000, 0.440000, 0.283190
1.300000, 0.660000, 0.464557
1.600000, 1.580000, 0.451259
1.700000, 1.760000, 0.446762
2.725000, 0.020000, 0.942806
0.950000, 1.180000, 0.309007
0.125000, 0.080000, 0.044091
2.675000, 0.500000, 0.947922
0.250000, 0.320000, 0.087986
1.850000, 0.700000, 0.713221
0.300000, 1.960000, 0.091820
1.050000, 1.440000, 0.326254
2.900000, 0.140000, 0.979967
1.625000, 0.080000, 0.600350
0.000000, 0.500000, 0.000000
1.850000, 1.820000, 0.456004
0.975000, 1.360000, 0.307229
1.925000, 1.240000, 0.594005
2.475000, 0.940000, 0.986183
2.275000, 0.460000, 0.853260
1.650000, 1.500000, 0.471758
1.950000, 1.480000, 0.512925
1.100000, 0.160000, 0.397397
1.825000, 0.360000, 0.683560
2.750000, 0.040000, 0.948292
2.300000, 0.960000, 0.984349
0.525000, 1.660000, 0.162273
1.910000, 0.960100, 0.759296
0.325000, 1.060000, 0.108215
1.150000, 1.820000, 0.335645
0.075000, 1.180000, 0.024282
1.975000, 0.500000, 0.754253
1.700000, 1.020000, 0.601352
0.150000, 1.360000, 0.047942
0.075000, 0.640000, 0.025891
0.250000, 0.960000, 0.083668
1.075000, 0.460000, 0.384148
2.775000, 0.760000, 0.981006
1.475000, 1.280000, 0.465988
0.200000, 1.760000, 0.061875
1.550000, 0.620000, 0.569863
0.550000, 1.780000, 0.168183
0.900000, 1.200000, 0.291813
1.700000, 1.280000, 0.531018
1.075000, 1.040000, 0.358857
1.925000, 0.240000, 0.718243
0.025000, 1.460000, 0.008046
1.150000, 1.020000, 0.386954
0.525000, 0.500000, 0.183679
0.225000, 0.700000, 0.077040
0.050000, 0.860000, 0.016765
1.675000, 1.780000, 0.441889
1.000000, 0.980000, 0.336562
0.200000, 0.460000, 0.069666
0.525000, 0.980000, 0.175439
0.950000, 0.020000, 0.341768
0.825000, 1.500000, 0.256377
1.800000, 1.140000, 0.607130
0.100000, 1.680000, 0.030948
1.050000, 0.280000, 0.377844
1.200000, 0.600000, 0.428130
