0.625000, 1.000000, 0.208305
0.400000, 0.820000, 0.136069
0.675000, 0.660000, 0.234127
1.225000, 0.360000, 0.443314
1.125000, 0.040000, 0.407588
1.825000, 1.760000, 0.458799
1.980000, 0.970200, 0.857533
2.600000, 0.580000, 0.941995
0.725000, 1.300000, 0.232296
0.025000, 1.960000, 0.007650
2.200000, 1.000000, 1.000000
2.000000, 0.400000, 0.754211
2.750000, 0.360000, 0.954595
0.275000, 0.640000, 0.094482
2.775000, 0.040000, 0.953705
0.200000, 0.760000, 0.068420
2.075000, 0.100000, 0.766756
1.975000, 0.520000, 0.755307
0.625000, 0.620000, 0.217724
0.875000, 1.140000, 0.286242
2.175000, 0.920000, 0.952139
2.475000, 0.300000, 0.892805
1.150000, 1.880000, 0.334357
1.425000, 1.880000, 0.395950
0.975000, 1.080000, 0.323438
2.100000, 0.240000, 0.780107
2.675000, 0.920000, 0.990062
2.750000, 0.920000, 0.992607
2.225000, 0.240000, 0.820548
2.550000, 0.240000, 0.907578
2.600000, 0.880000, 0.980999
0.650000, 1.660000, 0.199919
1.925000, 1.660000, 0.476753
1.725000, 1.020000, 0.613234
0.000000, 0.060000, 0.000000
1.850000, 1.340000, 0.543943
1.700000, 0.260000, 0.631604
0.875000, 0.940000, 0.294699
0.675000, 0.540000, 0.235825
1.750000, 0.540000, 0.659106
1.800000, 0.680000, 0.686501
0.575000, 0.140000, 0.204348
0.100000, 0.220000, 0.035308
1.910000, 1.101500, 0.672100
0.000000, 0.140000, 0.000000
0.750000, 0.460000, 0.264079
0.625000, 0.840000, 0.212815
0.500000, 0.120000, 0.176932
0.925000, 0.580000, 0.325154
0.975000, 0.060000, 0.351367
0.450000, 0.480000, 0.156788
1.425000, 0.960000, 0.493627
1.475000, 0.720000, 0.533792
0.175000, 0.480000, 0.060762
0.350000, 0.040000, 0.123704
1.275000, 1.480000, 0.386553
1.825000, 1.300000, 0.553746
3.000000, 0.700000, 1.000000
0.600000, 1.300000, 0.192799
0.350000, 0.100000, 0.123609
2.850000, 0.140000, 0.969953
1.450000, 1.240000, 0.464565
0.175000, 1.060000, 0.057674
1.225000, 0.060000, 0.446155
0.575000, 1.980000, 0.175172
1.325000, 0.800000, 0.467090
1.825000, 0.860000, 0.702295
0.150000, 1.160000, 0.048925
1.175000, 1.300000, 0.372751
0.350000, 1.400000, 0.111505
1.175000, 1.120000, 0.389037
0.600000, 1.240000, 0.194317
0.000000, 1.540000, 0.000000
2.400000, 0.640000, 0.911959
3.000000, 0.360000, 1.000000
1.500000, 1.240000, 0.479836
2.525000, 0.220000, 0.900737
1.375000, 1.120000, 0.455361
1.625000, 1.420000, 0.481732
0.275000, 0.780000, 0.093418
2.900000, 0.380000, 0.982738
1.850000, 0.200000, 0.688757
1.960000, 1.020700, 0.780358
0.425000, 1.580000, 0.132727
2.075000, 0.080000, 0.766542
1.800000, 0.780000, 0.688674
2.325000, 0.180000, 0.846917
1.275000, 1.320000, 0.401238
1.500000, 0.300000, 0.552519
1.925000, 0.940000, 0.778732
0.625000, 1.880000, 0.190216
1.000000, 1.840000, 0.296640
0.350000, 1.620000, 0.108851
0.950000, 1.400000, 0.298153
2.000000, 1.000500, 0.948222
0.825000, 1.120000, 0.271299
1.075000, 1.480000, 0.330539
2.550000, 0.860000, 0.974461
0.625000, 0.960000, 0.209835
0.250000, 0.960000, 0.084035
1.000000, 1.660000, 0.301275
0.900000, 0.640000, 0.314920
0.975000, 1.960000, 0.288427
1.750000, 0.460000, 0.656266
2.200000, 0.080000, 0.807038
1.125000, 1.180000, 0.365434
0.825000, 0.140000, 0.295319
0.675000, 1.360000, 0.214488
0.000000, 0.000000, 0.000000
1.975000, 0.860000, 0.813975
1.875000, 0.540000, 0.714795
1.325000, 1.340000, 0.413941
2.125000, 0.340000, 0.794780
0.375000, 0.800000, 0.127074
1.225000, 0.960000, 0.418115
0.150000, 1.660000, 0.046793
0.625000, 1.360000, 0.198348
3.000000, 0.760000, 1.000000
0.350000, 0.960000, 0.116977
0.175000, 0.300000, 0.061412
2.300000, 0.680000, 0.897758
2.400000, 0.160000, 0.866896
1.900000, 1.460000, 0.514773
0.175000, 1.940000, 0.053614
1.075000, 1.660000, 0.322101
0.525000, 1.300000, 0.168193
2.125000, 0.800000, 0.877882
0.975000, 0.960000, 0.329238
0.825000, 1.560000, 0.254433
1.025000, 1.920000, 0.302314
0.575000, 1.140000, 0.188523
0.725000, 0.720000, 0.249754
1.750000, 0.480000, 0.656780
1.200000, 0.980000, 0.407423
0.775000, 1.600000, 0.238137
2.900000, 0.200000, 0.980620
1.970000, 1.020700, 0.793485
2.275000, 0.860000, 0.944000
1.550000, 0.460000, 0.572099
0.475000, 0.080000, 0.168276
0.125000, 0.860000, 0.042277
1.575000, 1.040000, 0.542363
0.075000, 1.440000, 0.023620
0.075000, 0.360000, 0.025948
2.525000, 0.180000, 0.899483
0.550000, 0.080000, 0.195292
1.225000, 0.940000, 0.418232
0.600000, 1.540000, 0.187039
0.025000, 1.560000, 0.007865
1.075000, 1.460000, 0.331814
2.000000, 1.900000, 0.456338
2.750000, 0.180000, 0.950020
0.425000, 0.480000, 0.148124
0.675000, 0.180000, 0.240212
1.525000, 0.700000, 0.555742
0.100000, 1.440000, 0.031600
0.750000, 1.900000, 0.226134
0.700000, 0.140000, 0.249655
2.950000, 0.740000, 0.995604
2.775000, 0.260000, 0.956745
1.725000, 0.080000, 0.639285
2.625000, 0.760000, 0.966279
0.100000, 0.420000, 0.034744
