0.575000, 1.020000, 0.191558
2.325000, 0.080000, 0.844419
0.225000, 0.920000, 0.075482
1.450000, 0.180000, 0.533387
1.575000, 1.520000, 0.454234
1.000000, 0.500000, 0.355458
1.425000, 0.560000, 0.518331
1.475000, 0.340000, 0.542365
1.600000, 0.920000, 0.571734
2.875000, 1.000000, 1.000000
2.350000, 0.340000, 0.863100
1.125000, 1.220000, 0.362840
1.200000, 0.440000, 0.432598
1.275000, 1.480000, 0.386549
3.000000, 0.900000, 1.000000
0.625000, 0.020000, 0.222636
0.025000, 0.060000, 0.008908
0.325000, 0.100000, 0.114837
2.450000, 0.060000, 0.877694
1.050000, 0.960000, 0.354863
1.900000, 1.880000, 0.455249
0.775000, 0.740000, 0.267052
2.550000, 0.580000, 0.933319
1.075000, 0.020000, 0.388759
0.950000, 1.340000, 0.301314
2.675000, 0.480000, 0.947049
2.040000, 0.970200, 0.949696
1.325000, 0.720000, 0.471452
1.600000, 1.980000, 0.424186
0.850000, 0.720000, 0.294402
2.925000, 0.580000, 0.990087
1.425000, 0.100000, 0.523558
1.775000, 1.280000, 0.548984
0.925000, 1.700000, 0.278768
1.300000, 1.600000, 0.383367
0.250000, 0.100000, 0.088429
1.450000, 0.740000, 0.521987
0.225000, 0.420000, 0.078438
2.275000, 0.440000, 0.851035
0.375000, 0.740000, 0.128203
2.025000, 0.860000, 0.850795
2.950000, 0.200000, 0.990316
2.700000, 0.700000, 0.968451
0.850000, 1.520000, 0.263319
2.600000, 0.280000, 0.920591
0.100000, 1.300000, 0.032291
2.400000, 0.420000, 0.883267
0.150000, 0.220000, 0.052606
0.125000, 0.980000, 0.041971
1.825000, 1.780000, 0.457080
0.650000, 1.580000, 0.201301
0.900000, 0.700000, 0.312411
1.025000, 1.120000, 0.337000
0.025000, 1.440000, 0.007990
2.175000, 0.180000, 0.801994
0.775000, 1.080000, 0.256226
1.525000, 1.880000, 0.413510
0.500000, 1.580000, 0.155709
1.200000, 1.940000, 0.345384
1.500000, 0.600000, 0.548184
1.600000, 0.780000, 0.585387
1.350000, 1.940000, 0.379678
2.950000, 0.400000, 0.991516
1.925000, 0.920000, 0.778420
0.625000, 1.920000, 0.189652
1.475000, 0.500000, 0.541179
1.675000, 1.760000, 0.443570
1.275000, 0.400000, 0.461914
1.450000, 1.520000, 0.426768
0.600000, 1.640000, 0.184833
2.700000, 0.800000, 0.977871
2.350000, 0.960000, 0.986838
0.075000, 1.580000, 0.023658
2.250000, 0.100000, 0.822700
1.575000, 1.680000, 0.435383
0.950000, 1.600000, 0.289025
2.800000, 0.840000, 0.988520
0.075000, 0.340000, 0.026249
0.175000, 1.440000, 0.055443
1.525000, 0.340000, 0.562744
1.400000, 1.200000, 0.453944
1.025000, 0.640000, 0.361344
1.775000, 1.660000, 0.466423
0.075000, 1.180000, 0.024515
0.950000, 1.400000, 0.298211
2.500000, 0.280000, 0.897240
0.475000, 0.880000, 0.159555
0.225000, 1.960000, 0.069088
0.500000, 1.520000, 0.156230
1.475000, 1.120000, 0.490832
0.575000, 0.700000, 0.198479
0.350000, 1.160000, 0.115030
0.150000, 1.860000, 0.046025
0.450000, 2.000000, 0.137768
2.750000, 0.380000, 0.955458
2.675000, 0.120000, 0.932931
1.675000, 1.840000, 0.437881
2.300000, 0.600000, 0.880749
1.175000, 0.000000, 0.427139
1.275000, 0.900000, 0.441918
1.850000, 1.960000, 0.450213
0.100000, 2.000000, 0.030834
0.325000, 0.140000, 0.114586
2.025000, 0.820000, 0.835490
3.000000, 0.440000, 1.000000
1.325000, 1.740000, 0.380158
0.825000, 0.920000, 0.278203
2.700000, 0.480000, 0.951360
0.800000, 0.440000, 0.282546
1.750000, 1.780000, 0.450567
1.875000, 1.800000, 0.459348
0.850000, 1.360000, 0.269390
0.825000, 1.680000, 0.250991
0.350000, 1.840000, 0.107675
2.825000, 0.000000, 0.964205
0.400000, 0.740000, 0.136635
1.475000, 0.160000, 0.542450
0.275000, 0.720000, 0.093808
2.125000, 0.720000, 0.852325
2.275000, 0.940000, 0.975063
1.325000, 1.900000, 0.374666
0.200000, 1.340000, 0.063739
2.925000, 0.700000, 0.992464
2.600000, 0.340000, 0.923655
1.990000, 1.030800, 0.791977
0.025000, 0.020000, 0.008765
1.475000, 1.920000, 0.404544
0.250000, 1.780000, 0.077287
0.325000, 1.860000, 0.099976
0.450000, 0.200000, 0.159334
1.775000, 0.180000, 0.659877
0.625000, 0.880000, 0.210717
1.975000, 0.140000, 0.733114
2.775000, 0.460000, 0.963295
0.750000, 1.260000, 0.241840
0.125000, 0.360000, 0.043696
1.700000, 0.440000, 0.634835
0.625000, 0.840000, 0.212347
1.225000, 1.160000, 0.400534
0.650000, 0.300000, 0.230496
0.050000, 1.920000, 0.015307
1.475000, 0.460000, 0.541240
1.575000, 0.300000, 0.582341
0.400000, 0.540000, 0.139027
0.025000, 0.620000, 0.008604
0.375000, 1.100000, 0.123219
1.675000, 0.040000, 0.620399
0.375000, 1.400000, 0.119288
2.050000, 0.620000, 0.799779
0.075000, 0.780000, 0.025300
1.250000, 0.340000, 0.453568
2.325000, 0.880000, 0.957431
0.050000, 0.700000, 0.017100
0.775000, 0.480000, 0.272983
1.250000, 1.620000, 0.369191
2.400000, 0.060000, 0.864611
0.175000, 1.460000, 0.055619
1.275000, 1.840000, 0.365343
2.850000, 0.840000, 0.991604
1.225000, 1.560000, 0.367149
1.000000, 1.260000, 0.321317
1.075000, 1.780000, 0.317087
0.175000, 1.260000, 0.056637
0.000000, 0.660000, 0.000000
