2.900000, 0.760000, 0.991750
2.900000, 0.480000, 0.984360
2.375000, 0.880000, 0.963577
0.675000, 1.560000, 0.209258
0.750000, 1.020000, 0.250020
0.275000, 1.640000, 0.085373
1.250000, 1.100000, 0.415147
0.800000, 1.680000, 0.244034
2.575000, 0.340000, 0.918025
0.675000, 0.440000, 0.237572
0.725000, 0.320000, 0.257116
0.050000, 1.680000, 0.015490
0.250000, 1.660000, 0.078211
1.850000, 0.340000, 0.693164
2.625000, 0.360000, 0.929834
1.425000, 1.280000, 0.451465
0.750000, 1.780000, 0.226977
0.550000, 1.120000, 0.180084
1.225000, 1.120000, 0.404538
1.825000, 1.840000, 0.452902
0.600000, 1.420000, 0.189266
0.275000, 1.680000, 0.085320
1.700000, 1.860000, 0.440064
1.525000, 1.660000, 0.428277
0.625000, 0.900000, 0.211762
0.300000, 0.720000, 0.102296
2.850000, 0.040000, 0.969422
2.300000, 0.100000, 0.837079
1.650000, 1.380000, 0.494580
0.950000, 0.840000, 0.325871
1.150000, 1.980000, 0.333499
1.175000, 1.520000, 0.356438
1.350000, 1.480000, 0.406230
1.075000, 1.220000, 0.346984
0.650000, 0.240000, 0.231082
1.650000, 0.500000, 0.613389
0.025000, 0.020000, 0.008833
1.850000, 0.680000, 0.712596
0.325000, 1.200000, 0.105774
2.675000, 0.380000, 0.940913
1.750000, 0.300000, 0.651947
1.400000, 0.060000, 0.513752
1.975000, 1.560000, 0.495074
1.050000, 0.260000, 0.377804
1.700000, 0.920000, 0.620957
0.800000, 0.900000, 0.271311
1.600000, 0.640000, 0.591695
0.925000, 0.060000, 0.332012
2.475000, 0.800000, 0.955811
2.000000, 1.220000, 0.610287
1.975000, 0.160000, 0.733990
0.100000, 1.860000, 0.030986
1.550000, 1.560000, 0.443869
1.475000, 1.760000, 0.410662
1.700000, 0.600000, 0.636439
2.500000, 0.340000, 0.900866
2.525000, 0.380000, 0.909369
0.475000, 0.560000, 0.166035
0.325000, 0.940000, 0.108438
1.950000, 1.100000, 0.688649
1.575000, 1.780000, 0.426819
0.425000, 0.560000, 0.147878
1.000000, 0.800000, 0.344961
0.950000, 1.520000, 0.292688
0.525000, 1.600000, 0.163313
0.325000, 0.440000, 0.113563
0.700000, 1.120000, 0.230303
1.600000, 1.280000, 0.502883
2.325000, 0.040000, 0.843967
1.550000, 1.820000, 0.420832
1.950000, 0.540000, 0.745888
2.300000, 0.280000, 0.844639
2.275000, 0.020000, 0.829111
2.100000, 0.100000, 0.775174
0.975000, 1.480000, 0.301400
1.980000, 1.152000, 0.650995
0.700000, 0.620000, 0.243621
2.675000, 0.820000, 0.977890
1.400000, 0.300000, 0.512655
0.550000, 1.000000, 0.183426
1.150000, 1.500000, 0.350358
0.375000, 1.460000, 0.118590
2.700000, 0.740000, 0.971855
2.125000, 0.040000, 0.782842
0.175000, 1.460000, 0.054871
0.225000, 1.440000, 0.071168
0.600000, 1.180000, 0.195008
0.775000, 1.720000, 0.235882
2.300000, 0.480000, 0.862879
0.050000, 0.860000, 0.016891
2.400000, 0.880000, 0.965960
1.175000, 1.980000, 0.339723
0.900000, 0.580000, 0.316258
0.250000, 0.980000, 0.083953
0.775000, 0.380000, 0.274959
1.550000, 0.100000, 0.572177
0.950000, 0.120000, 0.341462
0.425000, 1.320000, 0.136990
1.200000, 1.780000, 0.349011
2.325000, 0.340000, 0.855951
0.400000, 0.980000, 0.133308
1.125000, 0.220000, 0.406895
1.200000, 0.160000, 0.435931
1.925000, 1.360000, 0.545967
2.675000, 0.260000, 0.935836
0.075000, 0.080000, 0.026450
1.525000, 0.180000, 0.562693
1.100000, 0.860000, 0.378117
0.175000, 0.620000, 0.060445
1.200000, 0.500000, 0.431158
2.975000, 0.320000, 0.995457
1.675000, 1.920000, 0.434984
1.075000, 0.300000, 0.386940
1.725000, 1.020000, 0.613533
1.475000, 1.400000, 0.448768
2.175000, 0.240000, 0.804490
1.910000, 1.030800, 0.724576
0.975000, 0.240000, 0.349986
1.900000, 0.620000, 0.732272
0.025000, 0.620000, 0.008655
0.925000, 0.180000, 0.332031
2.275000, 0.340000, 0.841742
1.025000, 1.960000, 0.301756
0.200000, 1.320000, 0.064503
2.300000, 0.760000, 0.916553
2.150000, 0.520000, 0.821700
1.025000, 1.860000, 0.302840
1.525000, 1.820000, 0.416525
0.800000, 0.420000, 0.282555
1.825000, 1.720000, 0.462740
2.050000, 0.800000, 0.843919
0.300000, 1.760000, 0.092552
1.850000, 1.940000, 0.450691
1.250000, 0.220000, 0.454863
2.080000, 0.960100, 0.957026
2.625000, 0.700000, 0.958984
0.675000, 1.360000, 0.214779
0.300000, 1.600000, 0.093687
1.425000, 0.260000, 0.522989
1.970000, 1.081300, 0.711287
0.600000, 1.260000, 0.193611
0.775000, 0.040000, 0.276867
0.900000, 0.760000, 0.311049
1.990000, 1.000500, 0.876163
1.100000, 0.540000, 0.391105
2.575000, 0.980000, 0.996601
0.500000, 0.220000, 0.177084
0.250000, 1.840000, 0.077268
2.075000, 0.560000, 0.800951
0.650000, 0.620000, 0.226249
1.725000, 1.500000, 0.484994
2.075000, 0.460000, 0.787952
1.150000, 1.140000, 0.376656
0.575000, 1.000000, 0.191366
0.950000, 1.760000, 0.284389
0.575000, 0.220000, 0.203514
0.975000, 0.940000, 0.330394
1.900000, 0.700000, 0.739767
2.625000, 0.460000, 0.936399
0.925000, 0.520000, 0.327149
0.050000, 0.040000, 0.017723
0.325000, 1.860000, 0.099924
0.525000, 0.640000, 0.181380
2.400000, 0.380000, 0.879447
