1.325000, 0.320000, 0.482637
0.225000, 0.460000, 0.078572
1.775000, 1.160000, 0.591043
2.600000, 0.120000, 0.915688
2.975000, 0.000000, 0.994967
1.250000, 1.200000, 0.406272
0.300000, 1.820000, 0.092488
0.475000, 0.640000, 0.164054
1.150000, 0.040000, 0.417290
2.275000, 0.380000, 0.845132
2.550000, 0.780000, 0.960634
1.700000, 0.640000, 0.636956
1.650000, 1.700000, 0.444987
2.650000, 0.380000, 0.936175
0.975000, 0.080000, 0.350901
0.300000, 1.660000, 0.093288
2.975000, 0.780000, 0.998230
0.050000, 0.380000, 0.017413
1.400000, 0.800000, 0.497535
0.750000, 1.840000, 0.226738
0.550000, 1.460000, 0.173115
1.900000, 0.780000, 0.749074
0.550000, 0.360000, 0.193693
1.850000, 0.480000, 0.699218
1.000000, 1.940000, 0.295431
2.775000, 0.680000, 0.975324
1.250000, 0.980000, 0.425765
1.725000, 0.380000, 0.643693
2.000000, 0.320000, 0.748816
2.875000, 0.600000, 0.984004
0.600000, 0.620000, 0.208650
0.425000, 0.380000, 0.149355
2.500000, 0.320000, 0.899702
0.300000, 1.280000, 0.096495
1.150000, 0.180000, 0.416893
1.500000, 0.680000, 0.546379
0.425000, 0.700000, 0.146100
1.450000, 1.740000, 0.406772
1.600000, 1.700000, 0.437307
0.525000, 0.260000, 0.185335
2.575000, 0.860000, 0.976394
0.975000, 0.760000, 0.338277
1.650000, 1.880000, 0.432639
1.775000, 0.000000, 0.658354
0.425000, 0.880000, 0.143201
2.010000, 0.970200, 0.917505
1.425000, 0.620000, 0.517573
2.650000, 0.440000, 0.939631
2.925000, 0.960000, 0.998955
1.925000, 0.980000, 0.769103
2.200000, 0.000000, 0.806778
0.375000, 0.560000, 0.130301
1.975000, 1.240000, 0.598346
1.625000, 1.440000, 0.477489
0.600000, 0.480000, 0.210388
2.900000, 0.260000, 0.980886
3.000000, 0.920000, 1.000000
2.750000, 0.200000, 0.950099
1.050000, 0.620000, 0.370798
1.275000, 1.440000, 0.389436
1.625000, 0.900000, 0.586714
1.700000, 0.200000, 0.630907
1.000000, 0.940000, 0.338567
0.200000, 0.860000, 0.067675
1.600000, 1.000000, 0.559764
0.350000, 0.420000, 0.122635
1.600000, 0.560000, 0.592756
1.825000, 1.620000, 0.476458
0.150000, 1.400000, 0.047780
2.875000, 0.700000, 0.987366
1.800000, 1.900000, 0.448236
0.875000, 1.100000, 0.288000
0.775000, 0.560000, 0.271681
1.675000, 0.620000, 0.625564
1.525000, 1.340000, 0.470473
2.975000, 0.900000, 0.999167
1.400000, 1.620000, 0.405266
1.950000, 0.180000, 0.725429
0.625000, 0.260000, 0.221375
0.450000, 0.340000, 0.158131
0.225000, 0.100000, 0.079658
2.250000, 0.600000, 0.867245
2.650000, 0.360000, 0.934889
0.475000, 0.620000, 0.164780
0.425000, 1.920000, 0.130489
1.700000, 1.000000, 0.605963
1.500000, 0.560000, 0.549475
1.600000, 1.860000, 0.427260
0.400000, 0.820000, 0.135766
1.940000, 1.131800, 0.660685
0.150000, 0.400000, 0.052326
0.025000, 0.660000, 0.008618
1.775000, 1.600000, 0.474397
1.200000, 1.840000, 0.347791
0.575000, 1.760000, 0.176308
1.125000, 1.020000, 0.377674
2.600000, 0.680000, 0.953363
1.975000, 1.980000, 0.454166
0.150000, 1.740000, 0.046459
0.600000, 0.700000, 0.207051
1.425000, 0.300000, 0.522761
2.325000, 0.360000, 0.857294
2.200000, 0.540000, 0.840919
2.775000, 0.760000, 0.980607
1.200000, 0.860000, 0.414990
2.300000, 1.000000, 1.000000
0.400000, 0.400000, 0.140330
1.350000, 0.420000, 0.491488
1.800000, 0.640000, 0.686029
0.150000, 1.460000, 0.047816
0.000000, 1.360000, 0.000000
1.940000, 1.051000, 0.729562
0.200000, 0.340000, 0.070177
1.700000, 0.840000, 0.630530
2.400000, 0.700000, 0.923465
2.350000, 0.940000, 0.980190
1.350000, 1.160000, 0.442579
0.275000, 0.280000, 0.096897
0.050000, 0.520000, 0.017582
1.025000, 1.260000, 0.328233
2.550000, 0.720000, 0.951796
1.275000, 0.920000, 0.439471
2.550000, 0.260000, 0.908436
2.000000, 1.141900, 0.659471
0.125000, 0.920000, 0.041846
1.075000, 1.460000, 0.331982
0.925000, 0.940000, 0.313301
2.450000, 0.320000, 0.887936
0.725000, 1.340000, 0.230518
1.950000, 1.140000, 0.656697
2.775000, 0.300000, 0.957946
0.300000, 0.920000, 0.100805
0.275000, 1.600000, 0.086118
0.350000, 1.280000, 0.112542
1.200000, 0.420000, 0.432862
2.100000, 0.180000, 0.777326
0.500000, 1.160000, 0.163199
3.000000, 0.760000, 1.000000
2.825000, 0.260000, 0.966763
1.275000, 1.140000, 0.419981
0.625000, 1.340000, 0.199564
0.325000, 0.880000, 0.109628
1.500000, 1.460000, 0.446094
1.050000, 0.040000, 0.379298
0.150000, 1.300000, 0.048634
2.825000, 0.860000, 0.991023
1.875000, 0.580000, 0.717582
2.250000, 0.940000, 0.972602
2.125000, 0.380000, 0.798021
1.325000, 1.420000, 0.405982
2.525000, 0.300000, 0.904426
1.250000, 0.560000, 0.448913
0.375000, 0.240000, 0.132437
1.300000, 1.320000, 0.408174
3.000000, 0.880000, 1.000000
0.075000, 1.900000, 0.023043
1.525000, 0.700000, 0.556532
0.950000, 1.400000, 0.299019
1.275000, 0.820000, 0.445982
1.100000, 1.780000, 0.323871
1.875000, 0.160000, 0.696949
0.450000, 1.680000, 0.139051
1.025000, 0.300000, 0.368087
1.400000, 0.360000, 0.512207
