0.550000, 1.060000, 0.182266
1.050000, 0.140000, 0.379108
2.925000, 0.620000, 0.990906
1.225000, 1.140000, 0.402614
2.625000, 0.700000, 0.959032
2.000000, 0.820000, 0.819535
0.050000, 1.140000, 0.016509
1.350000, 1.900000, 0.379756
1.150000, 1.660000, 0.341742
0.475000, 1.860000, 0.145230
0.775000, 0.520000, 0.272437
2.450000, 0.120000, 0.878545
1.875000, 0.140000, 0.697042
0.725000, 1.080000, 0.238979
1.150000, 1.520000, 0.349330
2.800000, 0.400000, 0.965448
0.575000, 1.920000, 0.175194
0.150000, 1.380000, 0.047943
2.725000, 0.260000, 0.946543
1.425000, 1.980000, 0.394022
1.700000, 1.940000, 0.437934
1.900000, 0.420000, 0.716842
0.400000, 1.080000, 0.131742
0.750000, 0.540000, 0.263790
2.225000, 1.000000, 1.000000
2.450000, 0.200000, 0.881327
2.040000, 0.970200, 0.950214
1.625000, 1.660000, 0.445519
1.850000, 0.440000, 0.697490
0.075000, 0.300000, 0.026381
1.875000, 0.720000, 0.728295
0.650000, 0.420000, 0.228947
2.725000, 0.000000, 0.942929
0.700000, 1.440000, 0.220519
0.750000, 1.880000, 0.225980
0.925000, 0.440000, 0.328700
1.275000, 0.620000, 0.455818
0.775000, 0.880000, 0.262075
2.100000, 1.000000, 1.000000
1.600000, 0.280000, 0.592121
1.025000, 0.380000, 0.366780
2.750000, 0.500000, 0.960957
1.050000, 1.960000, 0.308284
1.475000, 0.180000, 0.542729
1.150000, 1.500000, 0.349967
0.150000, 1.240000, 0.048278
1.425000, 1.600000, 0.413151
1.975000, 0.280000, 0.737680
1.225000, 1.600000, 0.364084
0.775000, 1.220000, 0.251085
0.950000, 0.160000, 0.341415
0.850000, 0.520000, 0.299677
2.375000, 0.560000, 0.893842
1.700000, 1.960000, 0.437498
2.700000, 0.560000, 0.956784
0.700000, 0.320000, 0.248441
2.525000, 0.580000, 0.928544
2.875000, 0.320000, 0.977267
2.450000, 0.320000, 0.887690
0.050000, 0.280000, 0.017451
0.600000, 0.620000, 0.207698
0.775000, 1.280000, 0.248868
1.650000, 0.460000, 0.613894
2.525000, 0.840000, 0.968631
1.550000, 1.520000, 0.448959
0.675000, 0.780000, 0.230935
1.600000, 1.760000, 0.432720
1.025000, 0.280000, 0.368603
0.925000, 1.320000, 0.294519
1.300000, 1.880000, 0.369509
1.700000, 1.080000, 0.587057
1.125000, 2.000000, 0.327145
1.400000, 1.680000, 0.400633
1.525000, 0.220000, 0.562064
1.050000, 1.360000, 0.329818
0.350000, 0.760000, 0.119582
0.250000, 1.400000, 0.079423
2.950000, 0.460000, 0.992013
1.975000, 1.380000, 0.541178
1.150000, 1.060000, 0.383661
0.750000, 0.320000, 0.266201
0.300000, 0.920000, 0.100997
3.000000, 0.600000, 1.000000
0.600000, 0.980000, 0.200640
2.425000, 0.140000, 0.873144
0.850000, 0.540000, 0.299933
0.900000, 0.260000, 0.322117
2.550000, 0.700000, 0.948533
1.900000, 1.300000, 0.565133
0.875000, 1.080000, 0.288994
0.425000, 0.620000, 0.146863
1.675000, 1.080000, 0.576612
1.775000, 0.180000, 0.659660
1.400000, 0.940000, 0.485523
0.525000, 0.880000, 0.177565
0.675000, 0.420000, 0.237837
2.250000, 0.620000, 0.871154
2.600000, 0.320000, 0.922611
2.075000, 1.000000, 1.000000
0.000000, 0.200000, 0.000000
0.000000, 1.620000, 0.000000
0.875000, 1.540000, 0.269703
0.300000, 0.080000, 0.106015
0.200000, 0.680000, 0.068457
1.850000, 1.440000, 0.514926
0.450000, 1.380000, 0.142623
1.950000, 0.600000, 0.752892
1.000000, 1.940000, 0.295252
0.050000, 1.200000, 0.016099
2.050000, 0.560000, 0.790089
1.925000, 1.760000, 0.464960
2.900000, 0.020000, 0.979828
1.125000, 0.680000, 0.396681
1.050000, 1.860000, 0.308966
2.950000, 0.680000, 0.994809
0.475000, 0.120000, 0.168154
2.100000, 0.720000, 0.841554
0.125000, 0.060000, 0.044135
2.700000, 0.000000, 0.937147
1.125000, 0.100000, 0.407701
0.425000, 1.040000, 0.140832
2.075000, 0.200000, 0.769882
1.575000, 0.320000, 0.582993
2.225000, 0.560000, 0.852669
1.400000, 1.720000, 0.398343
1.575000, 0.580000, 0.580902
1.500000, 1.500000, 0.440112
1.000000, 1.100000, 0.330172
1.875000, 1.900000, 0.453360
0.050000, 1.480000, 0.015823
1.025000, 1.140000, 0.336227
2.250000, 0.040000, 0.821273
1.425000, 1.240000, 0.456907
0.200000, 0.520000, 0.069388
2.000000, 1.860000, 0.458185
1.800000, 1.080000, 0.632671
0.575000, 1.260000, 0.185326
0.425000, 0.060000, 0.150862
0.625000, 0.500000, 0.218922
2.000000, 1.140000, 0.661345
0.000000, 1.700000, 0.000000
1.425000, 1.180000, 0.465402
1.100000, 1.240000, 0.353772
0.200000, 0.960000, 0.067232
2.600000, 0.700000, 0.955345
1.750000, 0.040000, 0.648711
0.850000, 1.280000, 0.273053
1.575000, 0.460000, 0.582605
2.125000, 0.560000, 0.819426
0.750000, 0.880000, 0.255287
0.025000, 1.540000, 0.007764
0.200000, 0.840000, 0.067836
0.350000, 1.700000, 0.108123
0.875000, 0.240000, 0.312776
0.000000, 0.700000, 0.000000
1.650000, 0.520000, 0.614242
1.225000, 0.080000, 0.445928
2.650000, 0.920000, 0.989276
0.950000, 0.000000, 0.341849
2.700000, 0.100000, 0.937610
0.375000, 1.780000, 0.115946
2.625000, 0.140000, 0.922060
1.800000, 1.720000, 0.460826
