1.300000, 1.420000, 0.398638
1.675000, 1.560000, 0.467214
1.125000, 0.380000, 0.405111
1.850000, 1.800000, 0.457512
0.225000, 0.320000, 0.078859
1.425000, 1.580000, 0.415024
0.100000, 1.520000, 0.031522
0.875000, 0.000000, 0.313308
1.500000, 1.000000, 0.518724
0.075000, 1.060000, 0.024681
1.200000, 0.900000, 0.412571
2.175000, 0.920000, 0.951466
0.675000, 1.000000, 0.224936
0.325000, 1.400000, 0.102867
1.800000, 1.100000, 0.624290
0.800000, 0.740000, 0.276170
2.600000, 0.620000, 0.946310
1.350000, 0.160000, 0.493950
2.325000, 0.680000, 0.903410
1.250000, 0.740000, 0.441174
0.675000, 1.340000, 0.215088
0.525000, 0.480000, 0.183723
1.150000, 1.080000, 0.381639
2.825000, 0.800000, 0.987638
0.625000, 0.140000, 0.221992
0.000000, 1.840000, 0.000000
1.625000, 0.040000, 0.600952
1.225000, 0.880000, 0.424331
1.350000, 0.880000, 0.471196
0.250000, 0.940000, 0.083569
1.400000, 1.860000, 0.391418
0.625000, 0.160000, 0.221985
0.200000, 0.740000, 0.067773
0.100000, 1.960000, 0.030500
1.625000, 0.160000, 0.600938
1.250000, 1.960000, 0.357566
1.650000, 0.820000, 0.607012
1.025000, 1.740000, 0.305336
0.900000, 1.920000, 0.267968
1.900000, 0.100000, 0.705351
0.200000, 1.400000, 0.063706
0.900000, 0.240000, 0.321800
0.550000, 0.960000, 0.184005
1.800000, 1.700000, 0.463280
1.990000, 1.152000, 0.651834
0.025000, 1.040000, 0.008257
1.375000, 0.860000, 0.482239
2.250000, 0.380000, 0.837637
1.025000, 0.600000, 0.361189
1.625000, 1.460000, 0.474206
2.025000, 0.840000, 0.842986
1.775000, 1.840000, 0.448941
0.475000, 1.040000, 0.156801
1.650000, 0.040000, 0.611027
0.175000, 0.180000, 0.061749
2.350000, 0.860000, 0.954790
0.850000, 0.400000, 0.301808
0.050000, 1.300000, 0.016134
2.475000, 0.740000, 0.944074
1.050000, 1.020000, 0.351629
0.750000, 0.500000, 0.263719
1.000000, 0.460000, 0.356244
2.175000, 0.700000, 0.865030
1.950000, 0.960000, 0.806781
0.325000, 0.040000, 0.114956
0.825000, 0.980000, 0.275808
1.475000, 1.320000, 0.459760
0.950000, 0.480000, 0.336970
1.425000, 0.200000, 0.523481
1.575000, 0.020000, 0.581315
0.750000, 1.020000, 0.249607
1.450000, 0.920000, 0.508051
1.425000, 0.180000, 0.522669
1.375000, 0.400000, 0.501511
0.900000, 0.380000, 0.319849
1.600000, 1.520000, 0.459075
2.850000, 0.240000, 0.971184
0.775000, 0.640000, 0.269792
2.025000, 0.660000, 0.796041
0.025000, 0.180000, 0.008823
2.600000, 1.000000, 1.000000
0.825000, 0.540000, 0.290150
1.850000, 0.360000, 0.693840
0.825000, 0.220000, 0.293907
2.800000, 0.680000, 0.978180
1.175000, 0.580000, 0.418571
1.775000, 0.760000, 0.675155
0.000000, 1.200000, 0.000000
1.875000, 0.340000, 0.702221
1.550000, 0.960000, 0.544335
2.350000, 0.800000, 0.937550
1.125000, 0.820000, 0.389580
1.525000, 1.980000, 0.412045
0.875000, 1.320000, 0.279655
0.425000, 1.480000, 0.133829
0.475000, 1.460000, 0.150384
2.450000, 0.020000, 0.876954
1.800000, 0.480000, 0.678282
2.575000, 0.220000, 0.912445
1.775000, 0.520000, 0.668870
1.150000, 1.500000, 0.350992
1.225000, 1.940000, 0.352284
0.075000, 2.000000, 0.022959
1.800000, 0.340000, 0.673690
0.900000, 1.040000, 0.299236
1.325000, 0.700000, 0.471807
0.300000, 1.960000, 0.092211
0.125000, 1.460000, 0.039869
0.775000, 1.580000, 0.239435
1.525000, 1.640000, 0.429766
1.800000, 1.540000, 0.487356
1.825000, 1.220000, 0.584024
0.250000, 0.640000, 0.085958
0.800000, 0.300000, 0.285003
1.925000, 0.940000, 0.777452
2.525000, 0.300000, 0.904806
1.800000, 1.220000, 0.576261
1.050000, 1.360000, 0.329989
0.425000, 0.940000, 0.142390
1.275000, 0.320000, 0.463451
2.400000, 0.700000, 0.923551
2.950000, 0.440000, 0.991940
1.975000, 1.920000, 0.454956
1.225000, 0.300000, 0.444397
1.275000, 0.800000, 0.447851
0.100000, 1.540000, 0.031432
2.175000, 0.820000, 0.904121
1.425000, 1.020000, 0.485753
0.500000, 1.680000, 0.154527
2.000000, 0.160000, 0.742605
1.575000, 1.120000, 0.527628
0.075000, 1.520000, 0.023679
1.400000, 0.920000, 0.487044
0.000000, 0.120000, 0.000000
1.200000, 0.060000, 0.436178
1.600000, 1.660000, 0.440993
1.725000, 0.120000, 0.640010
0.925000, 1.440000, 0.288297
2.675000, 0.060000, 0.932114
1.750000, 2.000000, 0.441651
2.275000, 0.260000, 0.835909
2.600000, 0.140000, 0.916178
1.150000, 1.120000, 0.379417
0.025000, 0.960000, 0.008146
0.500000, 0.820000, 0.169694
0.550000, 1.280000, 0.177503
0.875000, 1.820000, 0.262560
2.925000, 0.860000, 0.996335
2.200000, 0.420000, 0.826336
1.500000, 0.520000, 0.550470
0.500000, 1.180000, 0.162969
1.200000, 1.840000, 0.347221
1.950000, 0.000000, 0.722643
0.125000, 1.040000, 0.041264
2.800000, 0.160000, 0.959854
1.975000, 1.160000, 0.645702
0.250000, 1.500000, 0.079033
1.675000, 1.300000, 0.518297
2.250000, 0.520000, 0.853861
0.425000, 0.100000, 0.150584
1.300000, 1.720000, 0.375935
1.700000, 1.280000, 0.530806
0.125000, 0.740000, 0.042555
1.250000, 0.360000, 0.453012
