0.100000, 0.000000, 0.035215
1.175000, 0.180000, 0.426330
0.400000, 0.160000, 0.141072
1.525000, 1.220000, 0.490988
0.700000, 0.200000, 0.249245
1.875000, 1.480000, 0.508112
0.775000, 1.620000, 0.237534
0.225000, 0.640000, 0.077231
0.375000, 1.840000, 0.114997
1.950000, 0.540000, 0.746618
1.475000, 0.140000, 0.543224
0.200000, 1.000000, 0.066108
2.850000, 0.600000, 0.980788
1.675000, 1.260000, 0.529367
1.825000, 0.500000, 0.690872
1.550000, 0.300000, 0.572634
2.675000, 0.660000, 0.961643
0.125000, 1.980000, 0.038681
1.325000, 0.020000, 0.485168
1.025000, 2.000000, 0.301654
2.300000, 0.440000, 0.858415
1.650000, 0.860000, 0.604004
1.475000, 1.100000, 0.494354
2.700000, 1.000000, 1.000000
1.750000, 1.300000, 0.537927
2.300000, 0.220000, 0.841134
1.550000, 0.660000, 0.568575
0.900000, 0.600000, 0.315791
1.950000, 1.500000, 0.507534
1.975000, 1.560000, 0.494967
0.450000, 1.940000, 0.137272
0.500000, 0.320000, 0.176347
1.050000, 1.800000, 0.310031
0.050000, 1.480000, 0.015482
1.675000, 0.060000, 0.620365
0.550000, 1.980000, 0.167679
2.575000, 0.960000, 0.993134
0.600000, 0.060000, 0.213626
0.650000, 0.680000, 0.224635
1.450000, 1.720000, 0.408293
2.275000, 0.940000, 0.974694
1.525000, 0.900000, 0.541300
1.325000, 0.160000, 0.483977
2.075000, 0.420000, 0.783340
1.475000, 1.580000, 0.426332
0.000000, 0.880000, 0.000000
0.650000, 1.300000, 0.208209
0.850000, 0.560000, 0.297892
2.275000, 0.180000, 0.832345
1.900000, 0.840000, 0.754043
1.875000, 1.560000, 0.490641
0.750000, 1.960000, 0.226399
0.000000, 0.160000, 0.000000
0.700000, 0.840000, 0.237998
0.275000, 1.060000, 0.091223
1.575000, 1.360000, 0.480860
2.750000, 0.940000, 0.994364
2.000000, 1.600000, 0.487962
1.425000, 1.640000, 0.409182
0.525000, 1.920000, 0.160081
2.125000, 0.980000, 0.983768
0.200000, 0.820000, 0.067855
0.225000, 0.460000, 0.078221
0.125000, 1.860000, 0.038479
1.875000, 0.540000, 0.713371
0.125000, 1.360000, 0.039917
1.940000, 1.081300, 0.700761
1.575000, 0.060000, 0.581329
0.225000, 0.340000, 0.079100
0.075000, 0.960000, 0.025299
0.600000, 0.200000, 0.213104
2.125000, 0.660000, 0.837806
1.825000, 0.820000, 0.703405
1.300000, 1.640000, 0.380378
1.300000, 0.120000, 0.474619
1.725000, 0.880000, 0.639845
0.275000, 0.340000, 0.096629
1.750000, 1.340000, 0.526676
1.525000, 0.000000, 0.562462
1.970000, 0.970200, 0.838393
1.800000, 0.580000, 0.683053
1.325000, 0.440000, 0.481206
0.075000, 0.000000, 0.026365
1.700000, 1.380000, 0.506182
1.250000, 1.900000, 0.357491
1.325000, 1.880000, 0.374981
0.850000, 0.460000, 0.300892
0.675000, 1.680000, 0.207194
1.450000, 1.900000, 0.400178
1.650000, 1.380000, 0.495089
2.650000, 0.200000, 0.928940
0.700000, 0.380000, 0.247950
0.600000, 1.320000, 0.192719
2.200000, 0.920000, 0.956755
2.000000, 0.440000, 0.757576
1.275000, 0.560000, 0.458008
1.300000, 0.860000, 0.453327
0.325000, 1.280000, 0.104847
1.875000, 0.220000, 0.698541
2.725000, 0.100000, 0.943371
1.025000, 0.620000, 0.360507
0.150000, 0.860000, 0.050426
1.800000, 0.920000, 0.680279
0.475000, 0.780000, 0.161805
0.400000, 0.860000, 0.135048
2.075000, 0.940000, 0.935809
1.825000, 1.800000, 0.455937
0.450000, 0.440000, 0.157489
0.975000, 1.980000, 0.288265
2.175000, 0.580000, 0.839340
0.050000, 0.820000, 0.016905
0.425000, 0.460000, 0.148933
0.200000, 0.300000, 0.070392
0.625000, 0.320000, 0.221350
0.300000, 1.320000, 0.095882
2.925000, 0.720000, 0.993060
0.025000, 1.980000, 0.007758
2.925000, 0.880000, 0.996828
2.300000, 0.700000, 0.901068
2.075000, 0.320000, 0.775929
0.700000, 1.600000, 0.216448
1.600000, 1.520000, 0.459486
1.000000, 0.180000, 0.359963
1.925000, 1.340000, 0.552942
1.650000, 1.740000, 0.441245
1.325000, 0.060000, 0.484468
2.325000, 0.420000, 0.863599
1.200000, 0.260000, 0.434757
2.550000, 0.040000, 0.902924
1.975000, 1.140000, 0.659465
0.675000, 1.040000, 0.224706
2.125000, 0.120000, 0.783741
0.025000, 1.400000, 0.007986
2.070000, 0.970200, 0.964368
0.150000, 0.420000, 0.052328
0.325000, 0.600000, 0.112959
0.575000, 1.240000, 0.185655
1.980000, 1.010600, 0.826264
0.925000, 1.100000, 0.304881
1.475000, 1.440000, 0.442441
2.975000, 0.160000, 0.995109
1.200000, 0.920000, 0.411599
1.075000, 1.240000, 0.346877
0.225000, 0.040000, 0.079379
0.425000, 0.020000, 0.150652
0.175000, 0.580000, 0.060676
1.725000, 0.560000, 0.647771
1.825000, 0.400000, 0.685675
2.225000, 0.440000, 0.836170
2.350000, 0.380000, 0.866374
2.575000, 0.280000, 0.914855
0.950000, 1.620000, 0.288787
1.750000, 0.720000, 0.661970
1.825000, 1.940000, 0.448854
0.650000, 0.940000, 0.219268
1.050000, 1.200000, 0.340759
1.400000, 1.680000, 0.401002
1.325000, 1.940000, 0.374651
1.075000, 1.820000, 0.316737
1.960000, 1.111600, 0.681198
1.800000, 1.840000, 0.451111
1.875000, 0.800000, 0.733781
0.650000, 1.840000, 0.197768
