1.500000, 0.600000, 0.548375
1.700000, 0.460000, 0.635600
0.800000, 1.120000, 0.263103
0.275000, 0.940000, 0.091935
2.650000, 0.480000, 0.942323
0.600000, 0.720000, 0.205722
2.125000, 0.220000, 0.787271
1.525000, 1.820000, 0.416616
0.525000, 1.660000, 0.162060
1.025000, 1.920000, 0.302091
1.725000, 1.020000, 0.613587
2.475000, 0.760000, 0.948130
1.675000, 0.380000, 0.623394
1.375000, 1.260000, 0.438003
1.000000, 1.820000, 0.297254
0.100000, 1.100000, 0.032661
1.825000, 0.580000, 0.693465
0.900000, 1.400000, 0.283258
2.475000, 0.040000, 0.884128
0.525000, 0.600000, 0.182426
1.675000, 0.620000, 0.625702
1.980000, 0.970200, 0.857481
0.275000, 1.100000, 0.090473
1.300000, 1.360000, 0.405136
1.250000, 1.100000, 0.414444
0.450000, 0.120000, 0.159285
2.000000, 1.860000, 0.458195
0.375000, 0.300000, 0.132424
2.750000, 0.100000, 0.948452
0.800000, 0.300000, 0.284505
1.725000, 1.280000, 0.537857
0.625000, 1.120000, 0.205297
0.900000, 0.700000, 0.312609
1.325000, 1.640000, 0.386717
1.225000, 1.560000, 0.367746
0.950000, 0.600000, 0.334080
0.850000, 0.860000, 0.289698
0.100000, 1.720000, 0.030975
1.930000, 0.990400, 0.770365
1.650000, 1.960000, 0.431193
0.100000, 1.180000, 0.032454
0.125000, 0.320000, 0.043774
0.800000, 0.080000, 0.286278
2.925000, 0.540000, 0.989440
1.500000, 0.000000, 0.552341
1.325000, 1.920000, 0.374188
2.175000, 0.200000, 0.802852
0.100000, 1.920000, 0.030821
1.025000, 0.960000, 0.346548
0.850000, 0.380000, 0.301990
0.250000, 0.700000, 0.085897
0.925000, 0.900000, 0.315135
0.375000, 1.380000, 0.119376
1.375000, 1.040000, 0.465015
2.425000, 0.320000, 0.880939
2.175000, 0.900000, 0.941132
0.425000, 1.060000, 0.141009
1.450000, 1.880000, 0.400897
0.400000, 1.240000, 0.129064
0.800000, 1.720000, 0.243210
0.000000, 0.860000, 0.000000
1.725000, 1.200000, 0.560672
2.475000, 0.120000, 0.885327
1.625000, 0.880000, 0.587777
0.975000, 1.920000, 0.288702
2.775000, 0.020000, 0.953375
1.825000, 1.760000, 0.459317
2.925000, 0.040000, 0.984704
2.475000, 0.420000, 0.901130
1.500000, 1.620000, 0.427158
0.500000, 0.260000, 0.176807
0.100000, 0.120000, 0.035045
2.775000, 0.100000, 0.954045
0.950000, 1.420000, 0.297093
2.725000, 0.660000, 0.968043
2.075000, 0.680000, 0.821820
1.525000, 0.200000, 0.562602
2.750000, 0.080000, 0.948740
1.975000, 1.700000, 0.472303
1.575000, 1.440000, 0.467123
1.200000, 0.460000, 0.431597
0.875000, 0.420000, 0.310616
0.825000, 1.880000, 0.248036
2.075000, 0.360000, 0.778804
1.975000, 0.720000, 0.782362
0.800000, 0.700000, 0.277724
1.800000, 1.720000, 0.461318
0.525000, 0.520000, 0.182811
0.000000, 1.860000, 0.000000
2.600000, 0.500000, 0.934157
0.825000, 1.300000, 0.263909
2.900000, 0.540000, 0.985610
0.050000, 1.840000, 0.015353
0.525000, 1.420000, 0.166280
1.625000, 0.780000, 0.597669
1.050000, 1.540000, 0.320689
1.425000, 1.220000, 0.459706
2.600000, 0.120000, 0.915971
2.550000, 0.000000, 0.902609
0.300000, 0.560000, 0.104097
1.700000, 1.560000, 0.470584
0.875000, 0.800000, 0.300939
1.225000, 1.100000, 0.405948
1.700000, 1.020000, 0.600908
1.575000, 1.920000, 0.421243
2.000000, 0.320000, 0.748917
0.025000, 0.700000, 0.008696
0.325000, 1.040000, 0.107630
2.675000, 0.420000, 0.943253
2.550000, 0.140000, 0.904505
0.850000, 0.560000, 0.298356
0.525000, 1.000000, 0.175746
1.975000, 1.720000, 0.470454
0.650000, 1.640000, 0.200197
0.775000, 1.380000, 0.244864
2.800000, 0.140000, 0.959647
0.400000, 1.100000, 0.131936
1.575000, 1.200000, 0.511626
0.425000, 1.040000, 0.141338
0.425000, 0.740000, 0.145740
0.525000, 1.040000, 0.174737
1.825000, 1.400000, 0.523185
1.100000, 0.700000, 0.385516
1.990000, 1.051000, 0.754948
1.050000, 0.180000, 0.379100
0.100000, 1.360000, 0.032094
1.025000, 1.800000, 0.303688
2.075000, 0.440000, 0.785527
1.100000, 1.500000, 0.336709
0.375000, 1.640000, 0.116818
2.000000, 1.131800, 0.668190
0.275000, 0.460000, 0.095818
1.800000, 0.160000, 0.668667
0.475000, 1.800000, 0.145626
0.425000, 1.120000, 0.139630
1.775000, 0.580000, 0.670795
1.125000, 1.360000, 0.352565
0.925000, 0.560000, 0.325756
0.975000, 1.520000, 0.299706
1.500000, 0.580000, 0.549509
1.750000, 0.320000, 0.653193
1.200000, 1.520000, 0.363193
0.525000, 1.680000, 0.162257
0.550000, 0.100000, 0.195385
0.000000, 1.060000, 0.000000
0.600000, 0.000000, 0.213340
2.825000, 0.340000, 0.968389
0.750000, 1.020000, 0.249557
0.550000, 1.380000, 0.175183
0.150000, 0.200000, 0.052755
0.900000, 0.640000, 0.314775
0.250000, 1.240000, 0.080719
0.950000, 0.880000, 0.323839
1.925000, 1.260000, 0.585312
0.750000, 1.140000, 0.245735
1.600000, 0.560000, 0.592390
1.960000, 1.061100, 0.730325
0.000000, 0.020000, 0.000000
0.950000, 0.560000, 0.335899
0.325000, 0.180000, 0.114824
1.875000, 1.640000, 0.477905
1.700000, 1.640000, 0.459557
1.400000, 0.940000, 0.484500
1.800000, 1.340000, 0.536575
