1.980000, 1.061100, 0.738637
0.125000, 0.520000, 0.043427
1.000000, 0.680000, 0.349339
0.150000, 0.940000, 0.050353
0.450000, 1.140000, 0.148069
1.975000, 0.160000, 0.733579
0.875000, 0.160000, 0.313708
1.075000, 1.460000, 0.331807
2.525000, 0.800000, 0.961263
1.700000, 1.360000, 0.509531
1.750000, 0.900000, 0.651656
1.325000, 0.220000, 0.483883
0.875000, 0.660000, 0.304647
1.050000, 1.800000, 0.310267
2.075000, 0.100000, 0.766881
0.850000, 0.580000, 0.298183
0.650000, 0.480000, 0.228307
1.350000, 1.960000, 0.379415
1.550000, 0.660000, 0.568520
0.575000, 0.620000, 0.199602
0.300000, 1.740000, 0.092697
1.475000, 0.320000, 0.542141
2.500000, 0.300000, 0.898544
0.850000, 1.560000, 0.261500
0.100000, 0.380000, 0.035106
2.150000, 0.520000, 0.821738
2.075000, 0.860000, 0.881609
2.550000, 0.940000, 0.988871
3.000000, 0.800000, 1.000000
1.575000, 1.020000, 0.546026
1.675000, 1.240000, 0.534491
2.325000, 0.040000, 0.843822
0.675000, 0.680000, 0.233720
1.500000, 0.880000, 0.532345
1.750000, 0.820000, 0.659323
0.000000, 1.680000, 0.000000
1.000000, 0.260000, 0.358911
0.350000, 0.600000, 0.121198
0.425000, 1.060000, 0.140581
2.100000, 0.680000, 0.832396
1.300000, 0.920000, 0.448478
1.275000, 1.640000, 0.374317
1.525000, 1.020000, 0.525251
0.125000, 1.920000, 0.038516
2.525000, 0.460000, 0.916001
2.600000, 0.420000, 0.928475
1.350000, 1.620000, 0.393756
1.900000, 1.520000, 0.500585
2.800000, 0.840000, 0.988563
0.025000, 0.860000, 0.008311
2.300000, 0.040000, 0.836813
2.675000, 0.300000, 0.937406
2.150000, 0.500000, 0.819323
0.350000, 0.900000, 0.117745
0.325000, 1.540000, 0.101910
1.225000, 0.920000, 0.420282
2.475000, 0.760000, 0.948166
0.475000, 1.020000, 0.157469
1.025000, 0.320000, 0.367769
1.075000, 0.140000, 0.388648
0.250000, 0.860000, 0.084133
1.150000, 0.160000, 0.416874
2.000000, 0.960000, 0.888581
0.525000, 0.880000, 0.177493
0.025000, 0.720000, 0.008540
2.300000, 0.120000, 0.837813
1.350000, 0.080000, 0.494406
0.150000, 1.420000, 0.047623
0.375000, 0.600000, 0.129181
1.225000, 0.820000, 0.427721
0.350000, 0.580000, 0.121371
0.450000, 1.880000, 0.137785
2.900000, 0.800000, 0.993084
0.925000, 1.340000, 0.293647
1.375000, 0.100000, 0.503305
1.475000, 0.300000, 0.542615
2.925000, 0.020000, 0.984821
1.500000, 1.320000, 0.466607
2.650000, 0.080000, 0.926460
2.675000, 0.240000, 0.935474
0.875000, 1.260000, 0.280858
2.150000, 0.100000, 0.791615
0.175000, 0.020000, 0.061617
0.125000, 1.760000, 0.038684
0.850000, 1.240000, 0.274205
2.350000, 0.360000, 0.865035
0.150000, 0.180000, 0.052885
1.975000, 0.580000, 0.761701
1.125000, 0.980000, 0.380276
2.875000, 0.140000, 0.975018
1.325000, 1.740000, 0.380380
0.450000, 1.280000, 0.145150
0.800000, 1.900000, 0.240221
1.725000, 1.600000, 0.467892
1.925000, 1.300000, 0.568492
0.875000, 1.800000, 0.263088
0.275000, 0.320000, 0.096309
2.050000, 0.120000, 0.758814
0.450000, 1.100000, 0.148166
1.875000, 0.420000, 0.706740
0.750000, 1.600000, 0.230557
0.575000, 0.420000, 0.201876
0.150000, 0.660000, 0.051244
0.225000, 0.780000, 0.076499
0.675000, 0.660000, 0.233338
1.925000, 0.040000, 0.713495
0.875000, 0.040000, 0.313609
2.125000, 0.180000, 0.785665
2.150000, 0.280000, 0.798717
0.025000, 1.200000, 0.008061
0.675000, 0.040000, 0.240690
2.300000, 0.220000, 0.841369
1.625000, 0.260000, 0.601815
1.550000, 0.520000, 0.571759
1.550000, 0.980000, 0.541524
1.900000, 1.000000, 0.734454
1.225000, 0.700000, 0.432688
0.275000, 1.300000, 0.088310
0.175000, 1.980000, 0.054018
2.700000, 0.060000, 0.937560
1.025000, 1.860000, 0.302831
1.425000, 1.240000, 0.456830
1.150000, 0.040000, 0.416993
1.300000, 0.520000, 0.469535
1.200000, 1.220000, 0.386562
2.000000, 1.100000, 0.695831
1.850000, 0.260000, 0.690165
0.225000, 1.980000, 0.069340
0.375000, 1.120000, 0.123659
0.675000, 0.820000, 0.230001
0.075000, 0.240000, 0.026401
0.350000, 0.260000, 0.123101
2.050000, 0.920000, 0.904530
1.450000, 0.960000, 0.502674
2.900000, 0.780000, 0.992338
0.225000, 1.720000, 0.069676
1.175000, 1.800000, 0.342113
1.900000, 1.220000, 0.599686
2.300000, 0.080000, 0.837130
0.375000, 0.380000, 0.132064
2.600000, 0.860000, 0.977880
0.150000, 1.860000, 0.046348
1.400000, 0.320000, 0.513089
1.500000, 1.780000, 0.414229
0.900000, 1.900000, 0.268459
1.375000, 1.920000, 0.384749
1.650000, 0.580000, 0.614992
1.950000, 0.900000, 0.801551
2.975000, 0.800000, 0.998309
1.525000, 1.260000, 0.484155
1.825000, 0.260000, 0.680234
1.800000, 0.080000, 0.668345
1.000000, 1.020000, 0.334600
0.325000, 1.920000, 0.099893
1.425000, 0.080000, 0.523465
2.650000, 0.920000, 0.989385
0.175000, 0.700000, 0.060277
0.375000, 0.060000, 0.132782
1.700000, 0.700000, 0.637642
1.050000, 0.660000, 0.369189
0.200000, 1.620000, 0.062536
0.325000, 1.240000, 0.105183
1.450000, 1.040000, 0.492962
1.100000, 1.140000, 0.360867
