1.800000, 0.440000, 0.676810
2.325000, 0.920000, 0.971659
0.375000, 1.380000, 0.119539
0.375000, 1.600000, 0.116982
1.525000, 1.720000, 0.422371
0.875000, 1.060000, 0.290577
2.975000, 0.760000, 0.998002
0.075000, 0.500000, 0.026010
1.450000, 1.040000, 0.493082
2.550000, 0.280000, 0.909280
2.050000, 0.040000, 0.757767
2.000000, 1.800000, 0.462418
1.725000, 1.800000, 0.446663
1.050000, 1.300000, 0.334625
2.975000, 0.740000, 0.997776
1.450000, 0.500000, 0.530677
2.700000, 1.000000, 1.000000
0.875000, 1.400000, 0.275433
1.075000, 1.100000, 0.355222
1.600000, 1.640000, 0.443523
1.800000, 0.960000, 0.671302
1.700000, 1.020000, 0.602029
1.725000, 0.880000, 0.639636
1.940000, 1.071200, 0.710494
1.875000, 0.740000, 0.729647
0.450000, 0.280000, 0.158349
0.350000, 1.400000, 0.111829
0.300000, 0.200000, 0.106042
2.375000, 0.880000, 0.963567
0.625000, 0.880000, 0.212042
2.050000, 0.780000, 0.836814
0.500000, 1.100000, 0.165094
0.000000, 0.300000, 0.000000
0.700000, 1.920000, 0.211469
1.725000, 1.580000, 0.471366
1.275000, 1.200000, 0.413895
0.800000, 2.000000, 0.240558
0.625000, 1.840000, 0.190131
1.050000, 1.680000, 0.314411
2.900000, 0.180000, 0.980390
1.375000, 1.240000, 0.441354
1.125000, 1.920000, 0.327762
0.150000, 1.060000, 0.049612
2.925000, 0.720000, 0.992937
1.025000, 1.040000, 0.342850
2.625000, 0.660000, 0.954182
1.350000, 0.700000, 0.482671
2.300000, 0.960000, 0.984532
2.900000, 0.700000, 0.990090
1.775000, 1.800000, 0.451791
2.975000, 0.600000, 0.996853
2.775000, 0.960000, 0.996785
2.600000, 0.660000, 0.950538
2.075000, 0.460000, 0.787637
0.700000, 1.480000, 0.219051
1.125000, 0.380000, 0.404901
1.500000, 0.760000, 0.541956
1.625000, 1.180000, 0.532407
2.050000, 0.700000, 0.815141
1.425000, 1.540000, 0.418776
0.750000, 0.860000, 0.255680
1.925000, 0.180000, 0.716032
1.725000, 1.560000, 0.474936
0.725000, 1.320000, 0.231478
2.025000, 0.300000, 0.757186
0.225000, 0.820000, 0.076523
2.575000, 0.700000, 0.951917
2.025000, 0.040000, 0.749143
0.625000, 1.600000, 0.193302
0.700000, 0.720000, 0.241581
1.850000, 1.560000, 0.489291
1.125000, 0.620000, 0.398936
0.075000, 0.200000, 0.026400
0.100000, 1.880000, 0.030782
0.975000, 1.420000, 0.304779
1.950000, 0.460000, 0.739969
0.450000, 0.660000, 0.155429
1.250000, 0.120000, 0.455193
1.975000, 0.360000, 0.742343
1.575000, 0.720000, 0.577129
0.750000, 1.220000, 0.242375
1.875000, 0.220000, 0.698084
1.325000, 0.420000, 0.481883
1.125000, 1.440000, 0.347568
0.925000, 1.420000, 0.289588
1.750000, 1.260000, 0.549886
1.825000, 0.420000, 0.686302
0.775000, 0.100000, 0.277358
2.725000, 0.860000, 0.985706
0.500000, 1.020000, 0.166752
1.050000, 0.340000, 0.376997
0.500000, 1.900000, 0.153108
2.100000, 0.100000, 0.775411
1.125000, 0.460000, 0.403280
0.500000, 0.260000, 0.176749
0.850000, 1.100000, 0.279888
0.275000, 1.620000, 0.085746
1.625000, 1.360000, 0.493318
2.525000, 0.520000, 0.921886
0.975000, 1.440000, 0.302914
1.800000, 1.840000, 0.451252
0.525000, 0.080000, 0.186419
2.325000, 0.120000, 0.844826
0.350000, 0.200000, 0.123821
2.775000, 0.440000, 0.962636
0.700000, 0.820000, 0.238088
0.875000, 1.500000, 0.271048
1.025000, 1.860000, 0.302665
2.875000, 0.040000, 0.974545
0.400000, 0.520000, 0.139423
0.400000, 0.500000, 0.139718
0.100000, 1.120000, 0.032959
1.970000, 0.990400, 0.831300
0.400000, 0.300000, 0.140966
1.175000, 0.560000, 0.419562
0.200000, 1.680000, 0.062333
0.950000, 0.120000, 0.341638
0.925000, 1.460000, 0.288173
1.050000, 1.820000, 0.310493
1.050000, 0.300000, 0.377454
1.750000, 0.660000, 0.661481
0.450000, 1.920000, 0.137703
1.150000, 1.800000, 0.336487
0.675000, 0.480000, 0.237288
0.100000, 1.000000, 0.033350
2.575000, 0.680000, 0.949429
1.500000, 0.960000, 0.523383
1.225000, 1.020000, 0.412988
1.200000, 1.520000, 0.363245
2.850000, 0.700000, 0.984782
2.725000, 0.260000, 0.946502
2.650000, 0.920000, 0.989252
0.000000, 0.280000, 0.000000
1.750000, 1.340000, 0.526318
1.850000, 1.380000, 0.532232
1.350000, 1.160000, 0.442563
1.650000, 1.260000, 0.521944
2.250000, 0.020000, 0.821455
1.450000, 1.220000, 0.467114
2.475000, 0.360000, 0.896412
0.850000, 1.180000, 0.276256
1.725000, 0.460000, 0.645427
2.975000, 0.420000, 0.995841
2.325000, 0.540000, 0.878361
1.950000, 1.020700, 0.769787
1.225000, 1.080000, 0.407892
0.200000, 1.480000, 0.063304
2.275000, 0.100000, 0.830082
2.050000, 0.200000, 0.761145
2.800000, 0.920000, 0.994202
1.150000, 1.020000, 0.385644
0.500000, 1.740000, 0.153691
1.850000, 0.240000, 0.689696
0.950000, 0.360000, 0.339181
1.350000, 1.140000, 0.445020
1.750000, 0.440000, 0.655179
2.300000, 0.160000, 0.838937
0.300000, 0.940000, 0.100672
0.700000, 0.340000, 0.248217
0.450000, 1.720000, 0.139012
2.225000, 0.380000, 0.830358
1.050000, 1.460000, 0.324650
1.750000, 0.480000, 0.657093
1.050000, 0.360000, 0.376633
