0.550000, 1.160000, 0.179242
1.600000, 1.260000, 0.507086
1.250000, 1.660000, 0.366841
1.600000, 1.940000, 0.424643
0.500000, 0.740000, 0.171139
2.825000, 0.420000, 0.970630
2.025000, 0.600000, 0.785498
1.225000, 1.420000, 0.376978
0.575000, 1.040000, 0.190476
1.400000, 0.200000, 0.513047
0.725000, 1.160000, 0.236726
0.125000, 1.360000, 0.039729
2.475000, 1.000000, 1.000000
0.975000, 1.800000, 0.290349
1.675000, 1.600000, 0.460604
1.200000, 0.280000, 0.434496
2.775000, 0.740000, 0.979648
1.750000, 1.220000, 0.562558
0.550000, 0.840000, 0.186790
1.850000, 0.400000, 0.695486
2.175000, 0.580000, 0.839981
2.225000, 0.340000, 0.826530
2.600000, 0.220000, 0.918321
1.550000, 0.560000, 0.570802
1.000000, 1.680000, 0.301146
0.075000, 0.320000, 0.026303
1.700000, 1.260000, 0.537014
2.125000, 0.580000, 0.822542
0.650000, 1.200000, 0.211501
1.350000, 1.300000, 0.426403
1.125000, 1.300000, 0.356857
0.925000, 1.140000, 0.302934
1.625000, 0.180000, 0.601060
1.975000, 0.940000, 0.839789
2.925000, 0.820000, 0.995384
1.525000, 0.080000, 0.562002
0.575000, 0.220000, 0.203533
0.025000, 1.900000, 0.007650
2.000000, 1.300000, 0.571574
2.050000, 0.440000, 0.776504
0.225000, 1.640000, 0.070108
0.450000, 0.940000, 0.150978
0.225000, 1.560000, 0.070795
0.900000, 2.000000, 0.267877
0.550000, 1.080000, 0.182047
0.300000, 2.000000, 0.092049
0.725000, 0.280000, 0.258171
1.625000, 1.340000, 0.496932
1.275000, 0.680000, 0.453821
0.950000, 1.600000, 0.289178
1.025000, 0.640000, 0.360833
0.050000, 1.920000, 0.015393
0.400000, 1.460000, 0.126884
0.700000, 1.280000, 0.224720
1.700000, 0.740000, 0.636463
2.300000, 0.080000, 0.837008
0.400000, 0.360000, 0.140847
0.475000, 1.280000, 0.152975
2.900000, 0.100000, 0.979823
1.200000, 0.760000, 0.421486
0.525000, 1.420000, 0.165940
1.725000, 1.200000, 0.560395
0.025000, 0.220000, 0.008796
0.650000, 1.820000, 0.197563
0.450000, 0.380000, 0.158377
0.700000, 0.080000, 0.249326
2.125000, 0.800000, 0.878477
0.750000, 1.780000, 0.227636
2.300000, 0.320000, 0.847550
1.800000, 0.680000, 0.687301
0.350000, 0.980000, 0.117232
2.425000, 0.380000, 0.885965
0.375000, 1.960000, 0.114822
1.400000, 1.800000, 0.393578
2.225000, 0.600000, 0.859894
0.650000, 0.720000, 0.224030
0.700000, 1.380000, 0.221706
0.400000, 1.320000, 0.127990
2.925000, 0.580000, 0.989807
0.000000, 0.760000, 0.000000
1.975000, 0.640000, 0.768756
1.225000, 0.100000, 0.445854
2.325000, 0.200000, 0.847845
2.175000, 0.080000, 0.799548
0.925000, 0.540000, 0.326729
1.400000, 1.920000, 0.390510
0.775000, 1.760000, 0.235004
1.425000, 0.060000, 0.523752
0.500000, 2.000000, 0.152718
1.850000, 1.560000, 0.488730
0.550000, 0.760000, 0.188075
0.100000, 1.320000, 0.031899
1.200000, 0.460000, 0.431822
1.625000, 1.440000, 0.476756
1.930000, 1.121700, 0.665611
0.350000, 1.900000, 0.107136
1.475000, 1.620000, 0.421580
2.475000, 0.800000, 0.955526
0.675000, 0.560000, 0.236040
0.125000, 1.760000, 0.038570
2.900000, 0.360000, 0.982376
1.600000, 0.740000, 0.586713
0.675000, 1.340000, 0.215284
0.200000, 0.940000, 0.067330
0.525000, 1.360000, 0.166763
0.225000, 0.520000, 0.078594
0.650000, 0.340000, 0.230124
2.075000, 0.600000, 0.807073
0.975000, 1.440000, 0.302999
2.850000, 0.120000, 0.969650
1.000000, 1.580000, 0.304404
0.000000, 0.380000, 0.000000
1.600000, 1.440000, 0.472060
0.275000, 0.020000, 0.096977
0.300000, 0.140000, 0.106082
0.825000, 1.500000, 0.256699
2.350000, 0.100000, 0.851161
1.225000, 1.760000, 0.355647
2.975000, 0.480000, 0.996130
2.625000, 0.300000, 0.926979
2.425000, 0.720000, 0.931870
2.000000, 0.180000, 0.742840
1.375000, 0.940000, 0.475143
0.775000, 0.100000, 0.276999
0.300000, 0.260000, 0.105822
0.500000, 0.640000, 0.173186
1.500000, 1.960000, 0.407819
1.700000, 0.300000, 0.632583
1.775000, 0.520000, 0.668796
1.550000, 0.420000, 0.572353
2.775000, 0.580000, 0.969302
2.025000, 0.620000, 0.788614
1.425000, 0.440000, 0.521535
1.975000, 0.360000, 0.742392
1.475000, 0.100000, 0.542669
1.350000, 0.940000, 0.465798
2.700000, 0.740000, 0.972047
1.275000, 1.980000, 0.362857
1.875000, 1.140000, 0.635809
0.925000, 0.940000, 0.313261
2.000000, 0.040000, 0.740791
1.100000, 0.160000, 0.397925
0.550000, 1.060000, 0.181825
1.225000, 0.600000, 0.438296
1.300000, 0.720000, 0.461976
1.825000, 0.040000, 0.677141
0.300000, 1.620000, 0.093523
1.975000, 0.720000, 0.783207
1.150000, 0.960000, 0.390684
0.325000, 0.260000, 0.114357
1.150000, 1.940000, 0.333487
0.350000, 0.620000, 0.121378
0.750000, 0.500000, 0.264042
0.575000, 1.720000, 0.177064
1.550000, 0.220000, 0.572745
0.550000, 1.580000, 0.170829
0.625000, 0.500000, 0.218739
0.750000, 1.920000, 0.226245
0.900000, 1.100000, 0.296104
2.925000, 0.300000, 0.986109
0.800000, 0.760000, 0.275410
1.675000, 1.840000, 0.437759
1.625000, 1.460000, 0.473845
1.800000, 0.140000, 0.668503
