0.225000, 1.360000, 0.071951
2.000000, 0.940000, 0.873016
1.600000, 1.020000, 0.555801
2.525000, 0.680000, 0.941999
0.425000, 0.800000, 0.144244
1.250000, 1.160000, 0.409195
2.225000, 0.380000, 0.830129
1.725000, 0.980000, 0.623678
0.350000, 0.700000, 0.119661
0.725000, 0.380000, 0.256834
1.525000, 1.300000, 0.477019
1.725000, 0.440000, 0.645153
0.475000, 1.060000, 0.157220
0.700000, 0.800000, 0.239400
0.400000, 1.340000, 0.128453
1.075000, 1.400000, 0.335132
2.925000, 0.440000, 0.987910
1.400000, 0.500000, 0.510598
1.050000, 1.200000, 0.340792
0.150000, 1.100000, 0.049233
2.625000, 0.320000, 0.927652
0.000000, 1.100000, 0.000000
1.675000, 0.940000, 0.604967
1.650000, 1.960000, 0.430858
2.150000, 0.840000, 0.904039
1.800000, 1.080000, 0.631932
1.375000, 0.680000, 0.493036
2.175000, 0.800000, 0.896136
0.375000, 0.880000, 0.126115
0.225000, 1.840000, 0.069193
0.025000, 0.420000, 0.008808
1.950000, 1.580000, 0.490764
0.700000, 0.440000, 0.246671
1.400000, 0.440000, 0.511513
2.250000, 0.760000, 0.904994
1.600000, 0.180000, 0.591900
1.550000, 0.400000, 0.573054
1.975000, 1.440000, 0.523267
1.475000, 1.500000, 0.434418
0.550000, 0.720000, 0.188997
0.000000, 1.440000, 0.000000
1.825000, 1.160000, 0.606974
0.300000, 0.700000, 0.103057
1.675000, 1.180000, 0.549919
1.500000, 1.200000, 0.486104
0.300000, 0.260000, 0.105731
1.175000, 0.080000, 0.427039
1.125000, 0.840000, 0.389412
0.275000, 0.180000, 0.097030
1.550000, 0.640000, 0.569672
1.475000, 0.960000, 0.512386
1.100000, 1.200000, 0.357352
2.900000, 0.780000, 0.992509
1.700000, 0.880000, 0.625925
2.225000, 0.640000, 0.867479
1.650000, 1.420000, 0.486099
1.325000, 0.140000, 0.483880
1.250000, 1.060000, 0.418835
1.600000, 1.740000, 0.433927
0.150000, 1.960000, 0.046237
2.525000, 0.980000, 0.995999
1.700000, 0.520000, 0.635788
1.550000, 0.980000, 0.540636
2.700000, 0.040000, 0.937483
2.050000, 0.620000, 0.799475
1.775000, 0.940000, 0.660061
2.175000, 0.640000, 0.851019
0.025000, 0.740000, 0.008628
2.275000, 0.340000, 0.841908
1.525000, 0.960000, 0.533208
2.100000, 1.000000, 1.000000
0.100000, 0.620000, 0.034377
2.600000, 0.280000, 0.920747
3.000000, 0.300000, 1.000000
1.600000, 1.480000, 0.465131
0.825000, 0.000000, 0.295860
0.500000, 1.160000, 0.163685
2.150000, 0.120000, 0.792585
2.975000, 0.660000, 0.997176
2.625000, 0.180000, 0.922832
1.125000, 0.000000, 0.407956
0.925000, 0.900000, 0.315307
0.800000, 0.240000, 0.285667
1.225000, 0.160000, 0.445415
2.325000, 0.200000, 0.847858
1.200000, 0.280000, 0.434614
1.550000, 0.500000, 0.571686
2.625000, 0.740000, 0.963965
1.475000, 0.920000, 0.517178
1.250000, 0.660000, 0.445780
1.625000, 0.720000, 0.600413
0.875000, 0.500000, 0.309216
1.300000, 1.020000, 0.439824
0.950000, 0.580000, 0.334951
0.200000, 0.420000, 0.069795
2.125000, 0.240000, 0.788306
0.075000, 1.820000, 0.023180
2.550000, 0.000000, 0.902698
1.250000, 1.540000, 0.375017
1.925000, 1.200000, 0.614026
1.775000, 1.740000, 0.456732
2.550000, 0.960000, 0.992637
0.075000, 1.800000, 0.023102
2.675000, 0.380000, 0.941150
2.525000, 0.180000, 0.899633
1.575000, 1.280000, 0.496006
1.825000, 0.860000, 0.702388
0.750000, 1.180000, 0.245317
1.675000, 0.200000, 0.621499
2.750000, 0.440000, 0.958114
0.175000, 0.180000, 0.061756
1.150000, 0.300000, 0.415486
0.500000, 0.400000, 0.175378
1.700000, 1.880000, 0.439335
1.625000, 1.380000, 0.488442
1.350000, 1.360000, 0.418609
0.600000, 0.100000, 0.213120
1.500000, 1.940000, 0.408591
2.375000, 0.480000, 0.883015
2.950000, 0.860000, 0.997553
2.850000, 0.920000, 0.995767
0.250000, 0.040000, 0.088666
1.575000, 0.220000, 0.582132
0.700000, 0.020000, 0.249494
0.800000, 1.880000, 0.240095
0.100000, 1.560000, 0.031329
1.930000, 1.071200, 0.704720
2.625000, 0.880000, 0.982688
0.350000, 0.220000, 0.123381
1.475000, 1.440000, 0.442052
1.975000, 1.300000, 0.570955
0.825000, 0.620000, 0.288952
0.900000, 1.220000, 0.291086
0.075000, 1.500000, 0.023581
1.275000, 0.740000, 0.451136
1.425000, 0.540000, 0.519283
0.075000, 1.260000, 0.023898
0.675000, 0.180000, 0.240586
0.400000, 0.380000, 0.140032
1.150000, 1.860000, 0.334927
0.675000, 0.500000, 0.235828
1.725000, 1.680000, 0.457677
0.875000, 0.200000, 0.312838
0.750000, 1.240000, 0.242034
2.400000, 0.780000, 0.940617
1.825000, 1.540000, 0.490385
1.400000, 0.120000, 0.513656
0.100000, 1.960000, 0.030957
1.925000, 0.580000, 0.739991
0.550000, 0.980000, 0.184243
1.275000, 0.440000, 0.461581
0.025000, 1.060000, 0.008253
2.225000, 0.220000, 0.818877
0.100000, 1.060000, 0.033204
0.600000, 0.280000, 0.212282
0.150000, 1.600000, 0.046889
0.575000, 1.000000, 0.191774
0.175000, 1.380000, 0.056040
0.375000, 0.540000, 0.129912
1.100000, 1.360000, 0.346031
1.300000, 1.580000, 0.384795
1.900000, 1.680000, 0.472575
1.275000, 1.220000, 0.412232
0.525000, 0.220000, 0.185662
