1.575000, 1.920000, 0.420941
0.575000, 0.080000, 0.204350
0.550000, 0.460000, 0.192809
2.225000, 0.940000, 0.970129
0.150000, 1.240000, 0.048236
0.700000, 0.420000, 0.246810
2.625000, 0.720000, 0.961383
1.975000, 1.820000, 0.460522
1.175000, 1.020000, 0.394883
2.675000, 0.260000, 0.935779
0.950000, 1.020000, 0.317532
0.950000, 1.180000, 0.310309
2.125000, 0.840000, 0.895011
1.525000, 2.000000, 0.412322
2.550000, 0.980000, 0.996217
2.775000, 0.740000, 0.979245
1.075000, 1.200000, 0.348078
0.750000, 1.780000, 0.227580
1.100000, 1.820000, 0.323180
2.675000, 0.840000, 0.980609
0.125000, 0.140000, 0.043829
2.600000, 0.060000, 0.914685
1.625000, 0.360000, 0.602791
1.200000, 0.300000, 0.434487
1.750000, 1.320000, 0.532379
2.000000, 1.280000, 0.579274
1.425000, 1.380000, 0.437603
0.675000, 1.620000, 0.208222
2.350000, 0.920000, 0.973380
1.400000, 1.020000, 0.476284
1.825000, 1.700000, 0.465628
1.175000, 1.900000, 0.340222
2.250000, 0.220000, 0.826812
1.475000, 0.760000, 0.531624
1.625000, 0.080000, 0.601585
0.425000, 1.960000, 0.130265
0.350000, 0.740000, 0.119482
2.325000, 0.320000, 0.854674
2.350000, 0.240000, 0.856712
0.575000, 1.240000, 0.186339
2.825000, 0.440000, 0.971031
0.200000, 0.740000, 0.067630
0.475000, 0.700000, 0.162895
1.150000, 0.500000, 0.411655
2.000000, 1.780000, 0.463971
1.350000, 1.840000, 0.381650
0.350000, 0.660000, 0.120906
0.600000, 0.780000, 0.205304
1.960000, 1.010600, 0.793546
0.175000, 0.820000, 0.058816
1.750000, 1.080000, 0.608879
1.875000, 1.340000, 0.547595
2.500000, 0.900000, 0.978994
0.175000, 1.360000, 0.056135
0.075000, 1.700000, 0.023299
0.075000, 1.560000, 0.023664
2.625000, 0.860000, 0.979320
1.900000, 1.740000, 0.465967
1.925000, 1.640000, 0.479936
0.800000, 1.920000, 0.240182
0.175000, 1.000000, 0.058171
1.900000, 0.100000, 0.705261
1.150000, 0.580000, 0.409439
0.650000, 0.000000, 0.231436
0.350000, 0.260000, 0.122909
1.800000, 0.860000, 0.686164
1.975000, 0.400000, 0.745088
1.750000, 1.360000, 0.521482
0.950000, 0.680000, 0.332236
0.275000, 1.160000, 0.090061
1.750000, 0.140000, 0.649431
0.725000, 1.140000, 0.237131
0.350000, 0.460000, 0.122055
0.125000, 0.240000, 0.044064
0.550000, 1.620000, 0.170654
0.675000, 0.740000, 0.231666
1.925000, 0.840000, 0.772367
1.800000, 0.580000, 0.682584
2.975000, 0.580000, 0.996653
0.525000, 0.140000, 0.186418
2.000000, 1.000000, 1.000000
2.000000, 1.860000, 0.457959
0.325000, 1.420000, 0.103084
2.225000, 0.920000, 0.960117
2.450000, 0.360000, 0.890448
0.175000, 1.980000, 0.053740
0.125000, 0.180000, 0.044075
0.075000, 1.720000, 0.023316
0.600000, 0.200000, 0.213236
1.075000, 0.600000, 0.380426
0.400000, 0.140000, 0.141452
1.100000, 0.020000, 0.398249
2.425000, 0.840000, 0.958580
1.930000, 0.980300, 0.774945
1.500000, 0.240000, 0.552516
0.000000, 0.360000, 0.000000
1.075000, 1.460000, 0.330967
0.925000, 1.040000, 0.307417
1.500000, 0.020000, 0.552241
1.450000, 1.500000, 0.429159
1.075000, 0.220000, 0.387709
0.625000, 1.440000, 0.197182
0.275000, 1.240000, 0.089043
0.550000, 1.000000, 0.183911
1.025000, 0.420000, 0.365814
0.950000, 0.040000, 0.341583
1.350000, 1.520000, 0.402748
2.850000, 0.780000, 0.988578
2.425000, 0.320000, 0.881286
2.350000, 0.020000, 0.851026
0.625000, 1.660000, 0.192292
1.975000, 0.700000, 0.779163
0.825000, 0.860000, 0.280923
2.275000, 0.840000, 0.936368
1.500000, 0.320000, 0.552379
1.200000, 0.560000, 0.429494
0.750000, 1.380000, 0.238036
2.175000, 0.580000, 0.840325
0.575000, 1.180000, 0.186952
1.025000, 0.100000, 0.369196
2.025000, 0.040000, 0.749141
0.450000, 0.540000, 0.157269
0.300000, 0.740000, 0.102382
2.375000, 0.900000, 0.969437
0.600000, 0.300000, 0.212174
0.875000, 0.460000, 0.309556
1.800000, 1.920000, 0.447815
1.450000, 0.440000, 0.531283
0.300000, 0.840000, 0.101635
2.450000, 0.980000, 0.995050
0.250000, 1.340000, 0.080046
1.875000, 0.520000, 0.713139
0.650000, 1.140000, 0.213527
2.050000, 0.460000, 0.778604
0.875000, 0.380000, 0.311254
2.450000, 0.240000, 0.882761
1.950000, 1.820000, 0.460563
2.875000, 0.840000, 0.993027
1.125000, 0.540000, 0.401935
0.325000, 1.680000, 0.100860
2.875000, 0.660000, 0.985758
0.575000, 1.660000, 0.177217
0.150000, 0.600000, 0.051884
1.100000, 0.640000, 0.388688
0.275000, 1.020000, 0.091617
0.400000, 1.520000, 0.125466
2.200000, 0.100000, 0.807471
2.400000, 0.020000, 0.864622
0.200000, 1.300000, 0.064292
0.625000, 2.000000, 0.189758
1.775000, 1.120000, 0.606513
0.225000, 0.740000, 0.076944
1.725000, 0.480000, 0.646176
1.025000, 0.680000, 0.360204
2.275000, 0.680000, 0.890208
1.600000, 0.680000, 0.591224
1.300000, 0.540000, 0.468903
1.450000, 1.820000, 0.402658
1.100000, 1.560000, 0.332947
2.075000, 0.360000, 0.778381
2.250000, 0.320000, 0.832745
1.850000, 1.120000, 0.636767
0.475000, 1.880000, 0.145213
0.300000, 1.960000, 0.092038
