0.075000, 1.940000, 0.023114
0.500000, 0.680000, 0.172658
2.325000, 0.280000, 0.851776
1.200000, 1.480000, 0.365096
1.960000, 0.980300, 0.818309
0.075000, 0.500000, 0.026104
1.375000, 1.940000, 0.384622
2.225000, 0.380000, 0.830034
1.850000, 1.780000, 0.459073
1.350000, 1.300000, 0.426657
1.550000, 1.920000, 0.416767
2.450000, 0.400000, 0.893480
0.600000, 1.240000, 0.193727
0.700000, 1.420000, 0.220779
1.450000, 1.340000, 0.448943
0.825000, 1.540000, 0.254615
2.150000, 1.000000, 1.000000
0.225000, 0.720000, 0.076639
0.175000, 0.060000, 0.061861
0.800000, 0.940000, 0.270014
0.475000, 0.520000, 0.165911
1.225000, 1.580000, 0.365814
1.000000, 1.260000, 0.320937
2.875000, 0.240000, 0.975904
0.250000, 0.040000, 0.088254
0.975000, 0.600000, 0.343550
1.100000, 0.580000, 0.390811
2.050000, 0.640000, 0.803061
2.600000, 0.740000, 0.960771
0.075000, 0.720000, 0.025458
0.225000, 1.960000, 0.069215
0.725000, 0.260000, 0.257720
1.175000, 0.720000, 0.413495
0.850000, 0.200000, 0.304234
0.275000, 0.440000, 0.096133
1.575000, 1.540000, 0.451953
1.400000, 1.400000, 0.428965
0.625000, 1.900000, 0.189784
1.800000, 0.660000, 0.685378
1.600000, 1.740000, 0.434225
1.650000, 0.300000, 0.611906
1.800000, 1.060000, 0.640627
0.825000, 1.160000, 0.269547
0.675000, 0.680000, 0.232994
0.625000, 1.160000, 0.204928
1.650000, 0.240000, 0.611840
0.350000, 1.700000, 0.108444
0.950000, 0.540000, 0.334852
1.800000, 1.180000, 0.591846
1.100000, 0.680000, 0.387865
0.750000, 0.120000, 0.267874
2.525000, 0.160000, 0.898861
1.150000, 0.660000, 0.406016
1.425000, 0.860000, 0.501884
2.325000, 0.620000, 0.891292
1.850000, 0.120000, 0.687315
0.375000, 0.260000, 0.132448
1.350000, 0.640000, 0.484388
0.525000, 0.600000, 0.181811
1.375000, 1.100000, 0.458172
2.700000, 0.740000, 0.972147
0.025000, 0.240000, 0.008848
0.500000, 0.860000, 0.169077
2.325000, 0.240000, 0.849325
1.925000, 0.360000, 0.723432
1.700000, 1.640000, 0.459583
1.475000, 0.320000, 0.542371
1.425000, 1.960000, 0.393737
1.900000, 1.500000, 0.504684
1.950000, 1.920000, 0.454956
2.075000, 0.860000, 0.881706
1.450000, 0.360000, 0.532289
1.450000, 1.960000, 0.399386
0.875000, 1.880000, 0.261916
2.000000, 0.660000, 0.784553
0.475000, 0.700000, 0.163077
1.250000, 0.460000, 0.451322
0.300000, 0.760000, 0.102606
2.200000, 0.880000, 0.936989
2.175000, 0.260000, 0.805680
1.800000, 1.940000, 0.446931
1.675000, 0.660000, 0.626512
0.925000, 1.760000, 0.277172
1.575000, 1.900000, 0.422085
1.450000, 0.900000, 0.510035
1.575000, 0.240000, 0.581913
0.975000, 0.720000, 0.339036
1.175000, 1.660000, 0.348060
2.225000, 0.540000, 0.849639
1.600000, 1.840000, 0.427808
0.400000, 0.060000, 0.141747
1.900000, 0.040000, 0.704606
2.025000, 0.100000, 0.750342
2.200000, 0.520000, 0.838218
0.225000, 1.860000, 0.069407
0.900000, 0.760000, 0.311004
0.725000, 0.020000, 0.258575
2.725000, 0.400000, 0.951618
2.500000, 0.320000, 0.899612
0.475000, 1.140000, 0.155817
1.930000, 0.960100, 0.781477
1.400000, 1.540000, 0.412528
0.575000, 0.000000, 0.204225
0.875000, 1.960000, 0.261165
0.100000, 1.860000, 0.030935
2.850000, 0.700000, 0.984839
1.825000, 1.300000, 0.553912
0.700000, 0.300000, 0.248238
0.625000, 0.920000, 0.210906
1.450000, 1.020000, 0.495844
1.200000, 0.980000, 0.406492
0.825000, 1.020000, 0.275567
2.625000, 0.580000, 0.945995
2.000000, 1.880000, 0.456678
1.175000, 0.760000, 0.411079
1.400000, 0.280000, 0.512861
1.425000, 0.220000, 0.522755
0.350000, 1.440000, 0.110061
0.100000, 1.920000, 0.030682
1.600000, 1.240000, 0.510988
0.925000, 0.840000, 0.316365
0.700000, 1.360000, 0.222515
0.950000, 1.660000, 0.287040
0.800000, 1.620000, 0.245357
1.700000, 0.040000, 0.629928
0.175000, 1.460000, 0.055526
0.725000, 0.920000, 0.244780
2.325000, 0.380000, 0.859609
1.200000, 0.960000, 0.408545
1.725000, 0.260000, 0.641390
3.000000, 0.700000, 1.000000
0.750000, 1.160000, 0.245004
0.025000, 1.980000, 0.007658
0.775000, 1.820000, 0.234254
0.350000, 0.200000, 0.123736
0.900000, 0.040000, 0.323119
0.125000, 2.000000, 0.038498
0.850000, 0.420000, 0.301376
1.800000, 1.440000, 0.509096
1.980000, 1.081300, 0.714383
1.250000, 0.280000, 0.454290
2.050000, 0.260000, 0.763678
0.100000, 1.720000, 0.031130
1.025000, 0.900000, 0.349474
2.925000, 0.480000, 0.988357
0.275000, 0.680000, 0.094090
0.075000, 1.040000, 0.024878
1.800000, 0.200000, 0.669345
1.325000, 1.020000, 0.448205
0.000000, 0.740000, 0.000000
1.375000, 1.780000, 0.389264
1.875000, 1.260000, 0.578775
1.200000, 0.620000, 0.427317
0.975000, 1.700000, 0.293080
1.475000, 0.220000, 0.542489
1.250000, 1.940000, 0.357477
2.100000, 0.960100, 0.962858
1.930000, 1.111600, 0.672270
1.950000, 1.080000, 0.707194
1.025000, 1.300000, 0.326105
1.775000, 1.560000, 0.481253
1.950000, 0.040000, 0.722807
0.500000, 0.300000, 0.176535
