1.000000, 1.100000, 0.330212
0.350000, 1.280000, 0.112146
1.525000, 0.480000, 0.561785
1.125000, 0.160000, 0.407258
0.000000, 1.760000, 0.000000
0.650000, 0.420000, 0.228816
0.600000, 1.500000, 0.187709
2.000000, 1.051000, 0.756419
1.500000, 0.740000, 0.542879
0.375000, 1.020000, 0.125219
0.000000, 0.880000, 0.000000
0.950000, 1.400000, 0.298262
1.750000, 1.000000, 0.631543
0.225000, 0.060000, 0.079704
1.025000, 1.340000, 0.324078
0.975000, 1.000000, 0.326360
0.075000, 1.120000, 0.024558
1.175000, 0.400000, 0.423704
0.850000, 1.740000, 0.256797
1.150000, 0.080000, 0.417311
1.875000, 1.080000, 0.669471
1.000000, 0.240000, 0.359343
0.925000, 1.980000, 0.274801
0.625000, 1.000000, 0.208717
0.950000, 0.760000, 0.329010
2.200000, 0.780000, 0.897340
1.550000, 0.780000, 0.562073
1.675000, 0.000000, 0.620445
1.125000, 1.420000, 0.349338
1.650000, 0.180000, 0.611510
0.225000, 0.820000, 0.075992
2.850000, 0.940000, 0.996774
2.250000, 0.320000, 0.832454
1.175000, 1.720000, 0.345124
1.425000, 0.740000, 0.510085
1.125000, 0.420000, 0.404274
0.750000, 1.740000, 0.228020
1.375000, 0.260000, 0.502680
1.350000, 0.060000, 0.494439
0.275000, 1.220000, 0.089579
1.775000, 1.000000, 0.645957
0.975000, 1.140000, 0.319459
1.825000, 0.780000, 0.703129
1.925000, 1.280000, 0.576480
2.725000, 0.000000, 0.942834
0.050000, 0.000000, 0.017605
2.500000, 0.080000, 0.891013
1.450000, 1.940000, 0.398884
0.125000, 0.300000, 0.043929
1.425000, 0.160000, 0.522863
0.575000, 0.260000, 0.203209
2.750000, 1.000000, 1.000000
0.875000, 1.500000, 0.271435
2.325000, 0.780000, 0.927383
0.650000, 1.060000, 0.215223
1.000000, 1.760000, 0.298390
2.225000, 0.200000, 0.818108
1.525000, 1.900000, 0.413640
1.325000, 0.540000, 0.478572
0.850000, 1.420000, 0.266323
1.350000, 1.020000, 0.456984
0.525000, 1.980000, 0.160384
1.275000, 0.560000, 0.458111
0.000000, 1.980000, 0.000000
0.550000, 1.840000, 0.168608
1.325000, 0.580000, 0.477611
0.725000, 0.620000, 0.252709
0.800000, 1.500000, 0.249206
0.750000, 1.880000, 0.226501
1.650000, 0.680000, 0.612153
0.225000, 0.900000, 0.075861
0.600000, 1.600000, 0.186085
1.500000, 1.760000, 0.415733
2.925000, 0.560000, 0.989712
1.375000, 1.740000, 0.391398
1.650000, 0.860000, 0.602328
0.275000, 0.660000, 0.094464
1.940000, 1.020700, 0.758640
2.225000, 0.220000, 0.819067
2.875000, 0.320000, 0.977113
1.500000, 1.400000, 0.454892
1.650000, 1.080000, 0.565002
2.075000, 0.120000, 0.767358
1.575000, 0.340000, 0.582260
0.875000, 0.780000, 0.301840
0.125000, 0.560000, 0.042852
0.450000, 0.320000, 0.157912
1.350000, 1.600000, 0.395518
0.800000, 1.940000, 0.240200
0.925000, 0.180000, 0.332435
1.075000, 1.920000, 0.314924
0.675000, 1.240000, 0.218759
1.250000, 1.820000, 0.359572
1.925000, 0.620000, 0.743725
2.875000, 0.640000, 0.985364
1.625000, 0.640000, 0.603112
1.450000, 0.880000, 0.511315
1.575000, 1.080000, 0.535077
2.200000, 0.460000, 0.830640
1.475000, 1.640000, 0.419936
1.925000, 1.120000, 0.664881
0.575000, 1.020000, 0.191105
0.050000, 0.440000, 0.017440
0.625000, 1.080000, 0.206269
2.575000, 0.940000, 0.989537
0.225000, 1.860000, 0.069159
2.650000, 0.680000, 0.959841
2.100000, 0.540000, 0.806907
1.950000, 1.660000, 0.477304
0.525000, 0.820000, 0.178691
2.350000, 0.180000, 0.853807
0.375000, 0.200000, 0.132519
1.725000, 0.280000, 0.642353
2.625000, 1.000000, 1.000000
0.600000, 0.420000, 0.210652
1.850000, 0.720000, 0.714774
1.450000, 0.140000, 0.532524
1.850000, 0.400000, 0.695733
1.950000, 1.460000, 0.517102
2.975000, 0.500000, 0.996264
0.700000, 0.360000, 0.247839
0.525000, 1.380000, 0.166479
2.250000, 0.460000, 0.846046
0.950000, 0.520000, 0.335943
0.400000, 1.100000, 0.131616
1.550000, 1.340000, 0.477616
1.100000, 0.280000, 0.396663
2.475000, 0.340000, 0.895059
1.650000, 0.640000, 0.613581
2.975000, 0.220000, 0.995211
1.875000, 0.920000, 0.734181
0.700000, 1.520000, 0.217706
0.625000, 0.940000, 0.209779
0.475000, 0.900000, 0.160075
2.775000, 0.700000, 0.976763
0.950000, 0.200000, 0.341170
0.550000, 1.520000, 0.172141
0.150000, 0.100000, 0.052886
0.975000, 0.780000, 0.336188
1.700000, 1.460000, 0.488723
1.675000, 1.020000, 0.590353
1.975000, 0.820000, 0.802540
1.450000, 0.300000, 0.532338
1.500000, 0.640000, 0.547886
2.375000, 0.600000, 0.899221
1.225000, 0.480000, 0.440804
1.925000, 0.640000, 0.745994
0.225000, 1.200000, 0.073334
1.025000, 1.020000, 0.341888
0.800000, 0.660000, 0.278495
1.100000, 0.740000, 0.383769
0.825000, 1.460000, 0.258009
0.225000, 1.080000, 0.074187
0.075000, 0.080000, 0.026392
2.500000, 0.380000, 0.903707
1.675000, 0.760000, 0.622950
0.625000, 1.280000, 0.201426
1.300000, 1.320000, 0.409379
0.875000, 1.680000, 0.265344
1.950000, 1.400000, 0.534546
1.575000, 0.680000, 0.578478
2.000000, 0.820000, 0.820548
2.775000, 0.680000, 0.975870
0.575000, 1.040000, 0.190704
