2.075000, 0.320000, 0.775808
1.050000, 0.860000, 0.360929
1.100000, 0.040000, 0.398159
2.525000, 0.800000, 0.961389
1.750000, 1.000000, 0.632361
0.800000, 1.780000, 0.242129
1.940000, 1.091400, 0.692766
1.625000, 1.940000, 0.428079
0.575000, 0.020000, 0.204570
1.825000, 2.000000, 0.447943
0.500000, 1.200000, 0.162207
1.475000, 1.560000, 0.427991
1.175000, 0.800000, 0.409917
1.850000, 0.740000, 0.716244
1.600000, 0.400000, 0.592748
1.350000, 0.920000, 0.467107
2.275000, 0.760000, 0.911538
0.500000, 1.160000, 0.163553
1.525000, 1.340000, 0.471268
2.100000, 0.780000, 0.860414
0.700000, 0.200000, 0.248902
0.250000, 0.460000, 0.087004
0.100000, 1.040000, 0.033235
0.650000, 0.480000, 0.228278
2.000000, 0.920000, 0.860679
1.525000, 0.160000, 0.561995
0.800000, 1.940000, 0.240380
0.500000, 0.420000, 0.175414
1.925000, 1.840000, 0.458325
0.575000, 1.580000, 0.178555
2.475000, 0.680000, 0.933721
0.075000, 1.680000, 0.023283
0.825000, 0.800000, 0.283299
0.925000, 0.160000, 0.332370
1.800000, 1.540000, 0.487318
0.475000, 1.040000, 0.157831
1.575000, 0.220000, 0.582163
1.175000, 1.580000, 0.352916
1.625000, 1.980000, 0.427221
2.475000, 0.960000, 0.990729
1.750000, 1.540000, 0.481327
1.175000, 1.000000, 0.397336
0.900000, 0.040000, 0.323212
0.850000, 1.780000, 0.256109
0.300000, 1.140000, 0.098693
2.225000, 0.900000, 0.951134
0.825000, 0.340000, 0.293936
0.175000, 0.020000, 0.061705
1.850000, 0.080000, 0.687212
1.750000, 1.320000, 0.532852
1.825000, 0.480000, 0.689436
1.275000, 1.760000, 0.368002
0.300000, 0.400000, 0.104781
2.000000, 1.111600, 0.684863
0.050000, 0.220000, 0.017504
1.650000, 0.620000, 0.614097
0.075000, 1.600000, 0.023352
2.450000, 0.820000, 0.956616
2.000000, 0.820000, 0.820359
0.325000, 0.520000, 0.113098
2.600000, 0.700000, 0.955660
0.625000, 1.560000, 0.194313
1.725000, 0.160000, 0.640169
0.300000, 0.160000, 0.106009
1.625000, 1.040000, 0.563662
1.525000, 0.400000, 0.562648
0.675000, 0.940000, 0.228144
1.525000, 0.200000, 0.562448
2.950000, 0.840000, 0.997278
0.900000, 1.420000, 0.281767
1.250000, 0.800000, 0.437286
1.300000, 1.780000, 0.372466
0.825000, 1.440000, 0.257965
1.125000, 0.280000, 0.405999
2.000000, 1.620000, 0.484188
0.800000, 0.440000, 0.283107
0.850000, 0.500000, 0.300498
2.400000, 0.740000, 0.931442
0.725000, 0.500000, 0.254452
0.650000, 1.240000, 0.209857
2.550000, 0.560000, 0.930924
2.325000, 0.180000, 0.846900
0.175000, 1.200000, 0.056876
1.450000, 1.820000, 0.402815
1.675000, 0.700000, 0.624455
0.275000, 1.500000, 0.087065
2.075000, 0.040000, 0.766277
0.350000, 1.740000, 0.108384
0.700000, 0.400000, 0.247315
0.450000, 0.480000, 0.157441
1.450000, 1.440000, 0.437280
1.350000, 1.920000, 0.379801
0.225000, 0.340000, 0.078976
2.750000, 0.180000, 0.949887
2.775000, 0.480000, 0.964093
2.475000, 0.060000, 0.884239
1.900000, 0.680000, 0.738626
2.550000, 0.260000, 0.908025
1.750000, 0.260000, 0.650845
1.475000, 0.600000, 0.538527
1.850000, 1.020000, 0.685685
2.200000, 0.420000, 0.826407
2.175000, 0.200000, 0.802420
1.925000, 0.960000, 0.774984
2.100000, 0.220000, 0.778924
1.700000, 0.420000, 0.634442
1.200000, 1.180000, 0.390569
2.175000, 0.340000, 0.810802
2.075000, 0.800000, 0.855578
0.375000, 0.860000, 0.126340
2.875000, 0.140000, 0.974910
1.150000, 0.500000, 0.412635
0.650000, 0.020000, 0.232233
1.150000, 1.140000, 0.378377
0.125000, 0.840000, 0.042083
0.475000, 1.340000, 0.151923
0.950000, 1.560000, 0.290880
1.875000, 0.500000, 0.711738
0.300000, 1.960000, 0.091973
2.050000, 0.820000, 0.850609
1.575000, 0.940000, 0.558245
0.375000, 0.400000, 0.131408
2.075000, 0.920000, 0.919763
1.550000, 1.500000, 0.452017
1.925000, 1.600000, 0.485882
2.300000, 0.800000, 0.928127
1.900000, 0.100000, 0.705199
1.425000, 1.060000, 0.481093
0.850000, 1.420000, 0.266955
0.575000, 0.960000, 0.192664
1.000000, 0.720000, 0.348297
0.050000, 1.380000, 0.015995
0.925000, 1.440000, 0.289040
0.000000, 0.900000, 0.000000
0.050000, 0.720000, 0.016950
0.625000, 1.420000, 0.197584
2.800000, 0.840000, 0.988738
2.900000, 0.440000, 0.983736
0.275000, 1.960000, 0.084387
2.700000, 0.560000, 0.956732
1.175000, 1.380000, 0.366609
0.325000, 0.480000, 0.113249
3.000000, 0.340000, 1.000000
1.975000, 0.360000, 0.741935
2.100000, 0.340000, 0.786193
0.025000, 1.320000, 0.007918
0.225000, 1.360000, 0.071974
1.675000, 1.560000, 0.466997
2.060000, 0.970200, 0.960303
1.075000, 1.140000, 0.352369
2.575000, 0.640000, 0.944475
1.125000, 1.680000, 0.333586
2.000000, 0.990400, 0.930455
1.150000, 1.980000, 0.332722
2.100000, 0.740000, 0.848075
0.975000, 2.000000, 0.288706
2.625000, 0.840000, 0.976803
0.600000, 0.740000, 0.205979
1.300000, 0.960000, 0.445194
2.850000, 1.000000, 1.000000
2.200000, 0.660000, 0.864276
0.375000, 0.720000, 0.128158
0.125000, 1.300000, 0.040016
0.900000, 0.700000, 0.312896
