2.300000, 0.880000, 0.954516
1.400000, 1.340000, 0.435702
2.350000, 0.740000, 0.922285
2.000000, 0.960100, 0.889128
1.050000, 1.060000, 0.349056
0.925000, 1.280000, 0.296874
2.090000, 0.990400, 0.989939
0.600000, 0.200000, 0.212852
1.150000, 1.480000, 0.351493
0.975000, 1.900000, 0.288978
1.600000, 0.660000, 0.591675
2.200000, 0.220000, 0.811245
1.575000, 1.920000, 0.421028
2.200000, 0.900000, 0.946614
0.850000, 1.800000, 0.255468
1.125000, 0.460000, 0.403688
1.800000, 0.780000, 0.687841
1.425000, 0.100000, 0.523378
0.775000, 0.420000, 0.274124
0.750000, 0.160000, 0.267643
0.100000, 1.200000, 0.032146
2.600000, 0.720000, 0.958285
0.625000, 1.480000, 0.195938
1.600000, 1.880000, 0.426293
2.850000, 0.000000, 0.969373
1.775000, 0.640000, 0.672657
0.950000, 1.980000, 0.281330
0.450000, 0.820000, 0.153122
1.475000, 0.160000, 0.542758
2.025000, 0.000000, 0.749110
1.750000, 0.480000, 0.656954
2.625000, 0.140000, 0.921746
1.200000, 0.500000, 0.431982
0.575000, 0.060000, 0.204514
2.650000, 0.460000, 0.940924
0.325000, 1.740000, 0.100242
2.700000, 0.400000, 0.946943
1.825000, 1.180000, 0.599355
0.625000, 0.420000, 0.220079
1.975000, 1.240000, 0.598052
1.700000, 1.760000, 0.446657
0.150000, 0.580000, 0.051728
0.725000, 0.540000, 0.254048
1.970000, 0.970200, 0.838158
1.475000, 1.260000, 0.469820
2.600000, 0.560000, 0.940079
0.750000, 0.760000, 0.257408
0.875000, 0.960000, 0.294300
0.150000, 1.120000, 0.049370
1.225000, 0.900000, 0.422397
1.350000, 0.040000, 0.494185
1.900000, 0.840000, 0.754130
1.200000, 0.700000, 0.423807
2.675000, 0.560000, 0.952609
0.400000, 0.260000, 0.141356
2.850000, 0.720000, 0.985699
1.075000, 0.960000, 0.364000
2.925000, 0.720000, 0.992820
0.575000, 1.340000, 0.182904
2.350000, 0.480000, 0.876432
1.225000, 1.940000, 0.351763
0.900000, 1.220000, 0.292003
2.500000, 0.640000, 0.932138
1.125000, 1.320000, 0.356026
0.400000, 1.760000, 0.123184
0.750000, 1.380000, 0.236792
1.600000, 1.320000, 0.494565
1.125000, 0.080000, 0.407354
1.650000, 1.140000, 0.551262
0.950000, 0.160000, 0.341244
0.550000, 0.820000, 0.187659
1.025000, 0.440000, 0.365756
0.300000, 0.400000, 0.104810
0.050000, 1.680000, 0.015600
1.625000, 0.600000, 0.602743
1.960000, 1.141900, 0.657580
1.575000, 0.400000, 0.582178
1.960000, 1.030800, 0.768520
2.275000, 0.700000, 0.895518
0.875000, 0.120000, 0.314121
1.200000, 1.320000, 0.378240
1.700000, 0.980000, 0.610373
2.500000, 0.960000, 0.991266
0.425000, 1.060000, 0.140984
0.800000, 0.320000, 0.284463
0.925000, 0.920000, 0.313138
1.725000, 0.300000, 0.642210
1.050000, 1.340000, 0.332215
1.525000, 1.040000, 0.521608
1.525000, 0.960000, 0.533841
0.325000, 0.780000, 0.110048
2.825000, 0.420000, 0.970419
1.975000, 0.360000, 0.742091
0.300000, 0.560000, 0.103694
0.975000, 0.960000, 0.329171
2.900000, 0.520000, 0.985268
1.000000, 0.120000, 0.359954
2.725000, 0.120000, 0.943617
2.775000, 0.900000, 0.991761
1.450000, 0.340000, 0.532720
0.750000, 0.820000, 0.256045
1.725000, 2.000000, 0.439074
1.725000, 0.500000, 0.646916
1.100000, 0.820000, 0.380947
2.625000, 0.120000, 0.921492
1.500000, 1.660000, 0.422673
0.225000, 1.800000, 0.069195
0.500000, 1.820000, 0.152940
2.950000, 0.400000, 0.991589
1.125000, 1.100000, 0.372871
2.100000, 0.580000, 0.812837
1.475000, 1.120000, 0.491615
0.150000, 1.020000, 0.049589
2.475000, 0.500000, 0.909103
0.225000, 1.500000, 0.071533
0.075000, 1.340000, 0.023923
0.275000, 1.160000, 0.089954
1.950000, 1.120000, 0.672352
0.500000, 0.680000, 0.172569
1.375000, 0.920000, 0.477621
2.575000, 0.520000, 0.932040
0.225000, 0.320000, 0.079142
0.050000, 1.940000, 0.015324
1.800000, 1.500000, 0.495338
1.600000, 0.520000, 0.592814
1.750000, 1.800000, 0.448764
1.975000, 1.320000, 0.563630
2.100000, 0.780000, 0.859897
2.925000, 0.840000, 0.995908
0.400000, 0.160000, 0.141573
2.400000, 0.340000, 0.876377
0.125000, 1.540000, 0.039369
2.300000, 0.440000, 0.858611
0.475000, 1.740000, 0.146231
1.625000, 1.800000, 0.433557
2.950000, 0.540000, 0.993057
0.025000, 0.600000, 0.008592
2.375000, 0.140000, 0.859570
1.400000, 0.820000, 0.495738
0.775000, 0.580000, 0.270571
0.450000, 1.480000, 0.141647
1.975000, 0.160000, 0.733500
2.080000, 0.960100, 0.956916
0.800000, 0.420000, 0.283173
1.300000, 0.520000, 0.469295
0.225000, 1.640000, 0.070029
2.175000, 0.400000, 0.816072
1.950000, 1.040900, 0.747066
0.000000, 1.920000, 0.000000
1.025000, 1.680000, 0.306996
2.100000, 0.400000, 0.790894
2.475000, 0.180000, 0.887165
0.550000, 0.660000, 0.191133
0.150000, 1.920000, 0.046054
0.775000, 0.160000, 0.276973
2.575000, 0.440000, 0.924508
1.425000, 1.780000, 0.400087
1.275000, 0.260000, 0.463807
0.450000, 0.900000, 0.151889
1.375000, 1.940000, 0.384262
1.575000, 1.440000, 0.466459
1.225000, 1.620000, 0.363136
2.825000, 0.740000, 0.984493
