1.800000, 1.480000, 0.500318
0.950000, 1.160000, 0.309986
2.725000, 0.300000, 0.947706
2.525000, 0.360000, 0.907770
1.825000, 0.240000, 0.680127
1.325000, 1.540000, 0.394442
0.100000, 1.560000, 0.031360
1.375000, 1.660000, 0.396342
1.600000, 1.240000, 0.511613
1.775000, 0.660000, 0.673415
2.350000, 0.540000, 0.884714
2.750000, 0.760000, 0.978865
0.325000, 1.160000, 0.106076
1.975000, 0.440000, 0.748345
1.475000, 1.520000, 0.432336
1.825000, 0.860000, 0.701715
2.050000, 0.960000, 0.943082
1.000000, 0.940000, 0.337991
1.575000, 0.600000, 0.581925
0.450000, 0.960000, 0.150101
0.375000, 1.120000, 0.123061
2.800000, 0.160000, 0.959705
0.375000, 0.780000, 0.127517
0.950000, 1.960000, 0.281692
1.025000, 1.100000, 0.338963
1.800000, 0.560000, 0.680884
0.100000, 0.420000, 0.034934
2.225000, 0.140000, 0.816289
1.475000, 0.620000, 0.537527
1.025000, 1.080000, 0.340047
1.550000, 1.240000, 0.495963
2.200000, 0.940000, 0.966764
0.500000, 0.120000, 0.177264
2.550000, 0.460000, 0.921303
1.875000, 1.580000, 0.486927
1.900000, 0.800000, 0.749704
0.325000, 0.900000, 0.108801
0.975000, 1.980000, 0.288667
2.875000, 0.360000, 0.977930
1.775000, 0.180000, 0.659855
2.725000, 0.780000, 0.978383
0.675000, 0.880000, 0.229052
0.525000, 0.000000, 0.186604
2.825000, 0.620000, 0.978263
1.775000, 1.200000, 0.576896
0.600000, 0.200000, 0.213042
1.925000, 1.480000, 0.510894
2.090000, 0.990400, 0.990233
1.100000, 1.740000, 0.325787
2.825000, 0.800000, 0.987609
0.625000, 0.080000, 0.222255
2.450000, 0.360000, 0.890442
2.925000, 0.740000, 0.993448
1.550000, 1.740000, 0.426467
1.550000, 0.960000, 0.544420
1.400000, 1.880000, 0.390739
2.950000, 0.340000, 0.991026
2.575000, 0.720000, 0.955159
1.975000, 0.480000, 0.751566
0.700000, 0.560000, 0.245005
1.350000, 1.820000, 0.382848
1.600000, 0.360000, 0.592811
2.000000, 1.820000, 0.461063
1.625000, 0.360000, 0.603034
2.225000, 0.780000, 0.904496
1.275000, 1.320000, 0.401808
1.650000, 1.060000, 0.570083
2.700000, 0.340000, 0.944231
1.650000, 0.680000, 0.612884
1.825000, 1.580000, 0.482971
0.950000, 0.360000, 0.339132
2.900000, 0.660000, 0.988918
1.725000, 1.300000, 0.532412
0.175000, 1.400000, 0.055937
0.075000, 0.220000, 0.026396
1.250000, 0.100000, 0.455342
2.450000, 0.840000, 0.961221
1.980000, 1.030800, 0.785828
1.275000, 1.600000, 0.377234
0.400000, 2.000000, 0.122282
0.225000, 1.320000, 0.072027
2.350000, 0.480000, 0.876441
2.875000, 0.560000, 0.982524
1.650000, 1.920000, 0.432299
1.500000, 1.100000, 0.503229
0.625000, 1.080000, 0.206239
0.425000, 0.940000, 0.143021
0.700000, 1.180000, 0.228245
1.125000, 1.920000, 0.327504
2.450000, 0.480000, 0.901448
0.150000, 0.440000, 0.052371
0.175000, 0.620000, 0.060341
0.925000, 0.100000, 0.332451
0.150000, 0.900000, 0.050483
2.750000, 0.880000, 0.988970
2.925000, 0.440000, 0.987773
1.250000, 0.020000, 0.456114
1.325000, 0.500000, 0.480756
1.525000, 1.140000, 0.504659
2.950000, 0.280000, 0.990618
2.225000, 0.720000, 0.887081
0.025000, 0.100000, 0.008763
0.675000, 1.600000, 0.208738
0.500000, 1.380000, 0.158589
1.750000, 1.600000, 0.471787
0.300000, 1.220000, 0.098157
2.550000, 0.600000, 0.934954
2.875000, 0.920000, 0.996519
2.000000, 0.580000, 0.771980
0.975000, 0.340000, 0.348791
2.200000, 0.700000, 0.872800
0.400000, 1.460000, 0.126272
1.960000, 1.091400, 0.699436
2.175000, 0.460000, 0.822750
1.550000, 0.840000, 0.558794
0.475000, 1.960000, 0.145153
0.800000, 1.740000, 0.242375
1.775000, 2.000000, 0.444369
1.800000, 1.400000, 0.518476
1.800000, 0.420000, 0.675943
1.950000, 0.300000, 0.729754
0.275000, 1.780000, 0.084595
0.075000, 0.240000, 0.026385
2.300000, 0.180000, 0.840001
0.425000, 1.820000, 0.130393
2.075000, 0.620000, 0.809779
1.100000, 0.420000, 0.394608
0.150000, 0.980000, 0.050105
2.050000, 0.000000, 0.757399
0.350000, 1.560000, 0.109752
0.475000, 1.680000, 0.146560
1.900000, 0.260000, 0.709079
2.250000, 0.740000, 0.899366
1.950000, 1.141900, 0.655245
2.375000, 0.040000, 0.857841
0.425000, 0.760000, 0.145424
2.300000, 0.700000, 0.902046
0.000000, 2.000000, 0.000000
1.650000, 0.860000, 0.603414
2.850000, 0.520000, 0.977891
0.375000, 1.180000, 0.122124
0.400000, 0.720000, 0.137086
0.575000, 1.700000, 0.177255
1.600000, 1.360000, 0.487262
1.875000, 0.760000, 0.730770
0.600000, 1.880000, 0.182623
1.250000, 0.480000, 0.451055
1.650000, 1.020000, 0.579004
0.125000, 1.380000, 0.039604
1.600000, 0.600000, 0.592341
1.600000, 0.720000, 0.589111
2.375000, 0.400000, 0.874824
2.200000, 0.520000, 0.838811
1.225000, 1.160000, 0.401466
0.625000, 1.560000, 0.194405
1.025000, 0.160000, 0.369728
1.600000, 1.900000, 0.425717
0.275000, 1.040000, 0.091044
0.475000, 0.420000, 0.166608
1.325000, 0.040000, 0.484160
1.325000, 0.700000, 0.472363
0.550000, 1.920000, 0.167301
2.400000, 0.500000, 0.891692
