1.100000, 0.200000, 0.397389
1.750000, 1.480000, 0.492514
1.225000, 0.440000, 0.442078
1.875000, 0.920000, 0.733566
1.525000, 0.040000, 0.562255
0.600000, 1.140000, 0.197544
1.075000, 1.020000, 0.359397
2.850000, 0.020000, 0.969311
0.550000, 0.140000, 0.194734
0.375000, 0.120000, 0.132675
1.925000, 0.160000, 0.715424
1.625000, 0.560000, 0.603217
2.350000, 0.200000, 0.854769
1.150000, 1.940000, 0.332983
0.250000, 1.320000, 0.080294
1.775000, 1.660000, 0.465975
0.375000, 0.260000, 0.132220
2.475000, 0.080000, 0.884374
0.600000, 0.240000, 0.212588
0.175000, 0.200000, 0.061515
0.725000, 0.480000, 0.255172
1.500000, 0.360000, 0.552010
2.525000, 0.160000, 0.898682
1.950000, 0.600000, 0.752848
0.425000, 1.840000, 0.130296
2.100000, 0.960100, 0.962641
1.600000, 0.340000, 0.592216
1.050000, 0.740000, 0.366025
1.675000, 0.160000, 0.621160
0.600000, 1.760000, 0.183543
1.700000, 1.340000, 0.515120
1.575000, 1.140000, 0.523566
0.400000, 1.620000, 0.124266
0.875000, 1.020000, 0.291758
1.650000, 1.200000, 0.536014
0.625000, 1.820000, 0.190630
0.800000, 0.940000, 0.269144
0.025000, 1.960000, 0.007538
0.650000, 0.080000, 0.231708
0.575000, 0.080000, 0.204246
2.100000, 0.940000, 0.945482
0.375000, 0.360000, 0.131736
1.150000, 0.800000, 0.400645
0.275000, 0.080000, 0.097220
1.850000, 1.120000, 0.636298
0.575000, 1.640000, 0.178442
1.500000, 1.720000, 0.418368
1.960000, 1.162100, 0.642417
1.325000, 0.000000, 0.484226
1.950000, 0.560000, 0.749024
1.350000, 0.760000, 0.479504
1.150000, 0.740000, 0.403015
1.525000, 1.780000, 0.419106
1.750000, 1.280000, 0.543606
1.600000, 1.720000, 0.436014
1.625000, 1.180000, 0.532228
2.125000, 0.680000, 0.841511
0.050000, 0.420000, 0.017414
0.925000, 0.920000, 0.314285
0.325000, 1.000000, 0.107925
2.775000, 0.560000, 0.968329
2.100000, 0.480000, 0.798736
2.060000, 0.970200, 0.960570
2.975000, 0.100000, 0.995007
0.850000, 0.580000, 0.298022
2.375000, 0.460000, 0.880931
0.550000, 0.420000, 0.193559
1.850000, 1.440000, 0.515332
1.875000, 1.120000, 0.647203
1.700000, 0.720000, 0.636758
0.200000, 1.400000, 0.063330
2.775000, 0.640000, 0.973123
0.500000, 0.860000, 0.168894
1.700000, 0.660000, 0.636621
1.250000, 1.040000, 0.419964
1.500000, 0.100000, 0.552395
1.925000, 1.980000, 0.453340
0.175000, 1.160000, 0.057159
2.700000, 0.680000, 0.966463
0.625000, 0.840000, 0.212316
1.450000, 0.800000, 0.517313
1.700000, 0.620000, 0.637370
0.950000, 0.800000, 0.326893
1.375000, 0.920000, 0.477262
1.125000, 1.380000, 0.350983
0.275000, 0.800000, 0.093549
0.700000, 0.000000, 0.250032
1.675000, 0.200000, 0.620856
2.150000, 0.080000, 0.791114
1.850000, 1.360000, 0.537352
2.050000, 0.960100, 0.943023
1.975000, 1.840000, 0.458925
0.350000, 0.320000, 0.123028
1.575000, 0.780000, 0.574162
0.100000, 0.180000, 0.035148
0.450000, 0.840000, 0.152168
3.000000, 0.920000, 1.000000
2.875000, 0.380000, 0.978274
1.500000, 0.900000, 0.530136
2.950000, 0.580000, 0.993347
1.275000, 0.940000, 0.437657
1.875000, 1.240000, 0.585696
2.825000, 0.740000, 0.984425
1.050000, 0.800000, 0.363531
1.525000, 1.300000, 0.477688
0.550000, 1.280000, 0.177164
0.175000, 1.980000, 0.053776
1.700000, 0.400000, 0.633719
0.175000, 1.460000, 0.055113
1.950000, 1.160000, 0.643743
1.375000, 1.140000, 0.453800
0.950000, 0.540000, 0.335796
1.475000, 1.720000, 0.413414
2.375000, 0.740000, 0.927133
0.300000, 1.380000, 0.095284
1.450000, 0.020000, 0.532667
2.200000, 0.420000, 0.826400
1.750000, 0.740000, 0.661889
2.450000, 0.620000, 0.919161
1.910000, 1.010600, 0.737243
2.975000, 0.020000, 0.995024
0.000000, 1.360000, 0.000000
1.175000, 0.100000, 0.426970
0.025000, 1.620000, 0.007795
2.325000, 0.940000, 0.978317
0.575000, 0.340000, 0.202474
0.650000, 1.980000, 0.197075
1.125000, 1.140000, 0.369300
2.000000, 0.960100, 0.888975
0.700000, 1.380000, 0.222255
1.025000, 1.740000, 0.305150
2.475000, 0.680000, 0.933359
2.275000, 0.480000, 0.855856
0.050000, 0.780000, 0.016831
1.875000, 1.300000, 0.562081
0.775000, 1.660000, 0.237002
1.425000, 0.620000, 0.515591
0.175000, 0.400000, 0.061186
0.600000, 0.460000, 0.209835
3.000000, 0.220000, 1.000000
0.850000, 0.740000, 0.293814
0.175000, 1.260000, 0.056816
1.950000, 1.940000, 0.454307
1.800000, 1.080000, 0.632684
1.075000, 0.640000, 0.379219
1.550000, 0.160000, 0.572133
1.930000, 0.980300, 0.774559
0.250000, 1.400000, 0.079665
1.475000, 1.320000, 0.458800
2.375000, 0.340000, 0.869877
1.625000, 1.560000, 0.459038
2.000000, 0.120000, 0.741843
1.650000, 1.760000, 0.440421
1.000000, 0.660000, 0.351200
1.075000, 0.200000, 0.387580
2.650000, 0.560000, 0.948512
2.350000, 0.140000, 0.852211
0.775000, 0.560000, 0.271539
1.250000, 1.620000, 0.369467
1.050000, 1.500000, 0.322011
1.025000, 1.020000, 0.343066
1.400000, 0.760000, 0.498779
1.700000, 0.060000, 0.629584
