1.650000, 0.900000, 0.598064
0.275000, 0.900000, 0.092433
1.600000, 0.460000, 0.592727
0.550000, 1.340000, 0.175509
0.050000, 1.200000, 0.016161
1.875000, 0.280000, 0.700527
1.500000, 0.160000, 0.552075
0.175000, 0.700000, 0.059908
1.075000, 1.020000, 0.360216
0.225000, 1.520000, 0.070753
0.125000, 0.200000, 0.044115
2.225000, 0.360000, 0.828295
2.425000, 0.580000, 0.908275
1.600000, 1.320000, 0.494588
1.775000, 0.140000, 0.659379
1.125000, 1.920000, 0.327839
1.900000, 1.020000, 0.722288
0.225000, 1.900000, 0.069599
1.150000, 0.300000, 0.415359
2.350000, 0.740000, 0.922445
1.600000, 1.000000, 0.560555
1.575000, 1.960000, 0.420265
0.200000, 1.280000, 0.064572
1.800000, 0.680000, 0.687116
1.750000, 1.960000, 0.442188
0.975000, 1.900000, 0.289003
1.275000, 1.460000, 0.388370
0.575000, 1.620000, 0.178206
2.475000, 0.780000, 0.951700
0.375000, 1.220000, 0.121849
2.875000, 0.020000, 0.974485
1.975000, 0.520000, 0.754945
2.000000, 1.141900, 0.659763
1.275000, 1.520000, 0.382990
0.925000, 1.260000, 0.298339
2.225000, 0.040000, 0.814369
2.725000, 0.280000, 0.947002
0.025000, 0.160000, 0.008778
1.825000, 1.660000, 0.470518
0.000000, 1.020000, 0.000000
1.325000, 1.920000, 0.373890
1.925000, 0.420000, 0.726415
0.150000, 1.400000, 0.047092
0.825000, 0.340000, 0.293356
1.650000, 1.660000, 0.450252
0.975000, 0.140000, 0.350986
2.950000, 0.980000, 0.999661
2.225000, 0.120000, 0.815141
2.775000, 0.620000, 0.971809
1.100000, 0.900000, 0.376690
0.825000, 1.880000, 0.247690
0.475000, 0.260000, 0.167931
1.100000, 0.680000, 0.386478
2.900000, 0.000000, 0.979596
2.950000, 0.120000, 0.990043
0.650000, 0.600000, 0.226139
1.475000, 0.920000, 0.517844
0.800000, 1.860000, 0.240661
0.350000, 0.740000, 0.120055
2.575000, 0.520000, 0.931752
0.950000, 1.120000, 0.313218
2.375000, 0.300000, 0.866637
0.175000, 0.840000, 0.059196
1.150000, 0.360000, 0.415066
0.875000, 0.220000, 0.313039
1.525000, 1.080000, 0.515376
1.970000, 1.000500, 0.821944
1.050000, 0.700000, 0.367580
1.625000, 0.600000, 0.602235
1.725000, 0.980000, 0.623632
1.980000, 1.111600, 0.683925
0.525000, 0.820000, 0.178838
0.650000, 0.420000, 0.228931
0.900000, 0.660000, 0.313525
2.175000, 0.920000, 0.951975
1.050000, 0.440000, 0.375522
2.000000, 1.020000, 0.821802
2.500000, 0.480000, 0.912621
2.800000, 0.600000, 0.973767
0.150000, 0.060000, 0.052784
1.100000, 1.300000, 0.350259
2.975000, 0.480000, 0.996151
1.700000, 1.540000, 0.474458
2.900000, 0.620000, 0.987887
1.800000, 0.660000, 0.685734
1.350000, 0.520000, 0.489232
2.525000, 0.740000, 0.950873
1.850000, 1.000000, 0.693178
1.450000, 1.960000, 0.398800
2.050000, 0.620000, 0.798852
1.050000, 0.500000, 0.373315
0.225000, 1.880000, 0.069291
1.725000, 0.100000, 0.639766
1.100000, 0.660000, 0.387939
0.775000, 0.500000, 0.272589
0.625000, 1.960000, 0.189183
0.900000, 1.060000, 0.297274
2.925000, 0.800000, 0.994904
0.875000, 0.500000, 0.309121
0.275000, 0.660000, 0.094422
0.550000, 1.160000, 0.179919
2.000000, 1.820000, 0.460511
0.000000, 0.460000, 0.000000
2.175000, 0.000000, 0.798529
2.275000, 0.520000, 0.861338
1.900000, 1.640000, 0.479280
1.350000, 1.060000, 0.453439
1.825000, 1.580000, 0.482790
1.050000, 1.820000, 0.309843
1.575000, 0.860000, 0.566666
1.875000, 0.900000, 0.736051
0.125000, 1.380000, 0.039579
1.950000, 1.060000, 0.726747
1.875000, 1.460000, 0.513124
1.400000, 0.140000, 0.513578
0.475000, 1.320000, 0.152303
0.150000, 0.360000, 0.052593
1.475000, 0.100000, 0.542548
1.975000, 0.800000, 0.799129
0.425000, 0.820000, 0.144513
1.275000, 0.460000, 0.460960
1.150000, 1.600000, 0.344853
0.050000, 1.040000, 0.016500
0.500000, 1.580000, 0.155923
2.875000, 0.600000, 0.983845
0.075000, 1.200000, 0.024673
0.400000, 0.280000, 0.140683
0.300000, 0.680000, 0.103138
0.650000, 1.140000, 0.212897
0.525000, 0.900000, 0.176834
0.675000, 1.020000, 0.224619
1.975000, 1.480000, 0.513236
2.875000, 0.340000, 0.977707
0.100000, 0.980000, 0.033242
0.400000, 1.300000, 0.128771
1.725000, 0.920000, 0.635900
1.700000, 0.040000, 0.629824
1.525000, 0.120000, 0.562928
2.650000, 0.880000, 0.983978
0.375000, 1.280000, 0.120723
1.675000, 0.800000, 0.620165
2.000000, 0.970200, 0.899022
1.225000, 1.740000, 0.356418
1.100000, 1.340000, 0.346586
2.675000, 0.560000, 0.952961
0.600000, 0.520000, 0.209800
1.325000, 0.500000, 0.479868
0.875000, 0.660000, 0.305173
2.575000, 0.040000, 0.908764
2.400000, 0.220000, 0.869370
1.825000, 1.380000, 0.529052
0.300000, 1.260000, 0.097150
1.775000, 0.380000, 0.664539
0.875000, 0.260000, 0.312596
1.350000, 1.760000, 0.385314
2.375000, 0.020000, 0.857632
2.250000, 0.260000, 0.828536
0.475000, 0.840000, 0.160777
0.900000, 0.680000, 0.313111
1.925000, 1.220000, 0.604444
2.450000, 0.240000, 0.882870
2.375000, 0.840000, 0.952250
1.925000, 1.960000, 0.453482
