1.475000, 1.180000, 0.482146
1.675000, 1.500000, 0.477697
2.550000, 0.080000, 0.903215
1.200000, 0.540000, 0.429409
2.350000, 0.500000, 0.879765
0.900000, 0.560000, 0.316947
0.925000, 1.380000, 0.290792
0.650000, 0.620000, 0.225424
1.250000, 0.820000, 0.436631
1.825000, 1.280000, 0.559322
0.350000, 1.680000, 0.108523
2.900000, 0.200000, 0.980579
0.225000, 0.920000, 0.075413
0.675000, 0.260000, 0.239188
2.975000, 0.520000, 0.996418
1.150000, 0.940000, 0.391855
1.100000, 0.860000, 0.378483
1.875000, 1.120000, 0.646378
1.475000, 2.000000, 0.402931
2.975000, 0.680000, 0.997413
0.200000, 1.500000, 0.062945
2.600000, 0.160000, 0.916520
1.450000, 0.480000, 0.530524
0.575000, 1.100000, 0.189610
0.150000, 0.340000, 0.052352
2.975000, 0.480000, 0.996079
0.425000, 0.080000, 0.150340
1.325000, 1.740000, 0.380102
1.475000, 0.880000, 0.521753
2.425000, 0.960000, 0.989360
0.600000, 1.820000, 0.182404
1.125000, 1.660000, 0.335201
0.500000, 1.820000, 0.153025
1.525000, 0.780000, 0.552023
2.375000, 0.140000, 0.859642
0.025000, 1.480000, 0.007804
0.450000, 0.940000, 0.150447
1.350000, 1.340000, 0.421154
0.800000, 0.040000, 0.286210
1.625000, 1.680000, 0.443539
0.850000, 0.800000, 0.292501
1.850000, 1.440000, 0.515414
1.125000, 1.700000, 0.333741
3.000000, 0.300000, 1.000000
0.950000, 1.680000, 0.286461
1.600000, 0.180000, 0.591956
1.000000, 1.200000, 0.324709
1.400000, 0.560000, 0.508073
1.275000, 0.800000, 0.447819
2.000000, 0.640000, 0.781109
0.725000, 0.200000, 0.258343
1.075000, 1.040000, 0.359495
0.475000, 0.820000, 0.160906
0.875000, 1.240000, 0.282252
1.575000, 0.040000, 0.581091
2.675000, 0.260000, 0.935778
0.275000, 1.260000, 0.088925
1.875000, 0.380000, 0.704462
0.125000, 1.260000, 0.040467
0.075000, 1.900000, 0.023124
0.175000, 1.000000, 0.057772
1.125000, 0.100000, 0.407688
1.950000, 0.000000, 0.722817
1.800000, 0.540000, 0.680479
2.075000, 0.440000, 0.785902
1.675000, 0.500000, 0.625012
1.900000, 1.960000, 0.452315
1.550000, 1.100000, 0.522844
1.675000, 1.080000, 0.575582
1.175000, 1.580000, 0.352158
1.425000, 1.560000, 0.416542
0.050000, 0.200000, 0.017602
1.875000, 0.000000, 0.695669
0.250000, 0.560000, 0.086543
0.250000, 1.600000, 0.077982
0.600000, 0.200000, 0.212954
1.950000, 0.220000, 0.726705
2.500000, 0.700000, 0.941284
2.100000, 0.940000, 0.945892
2.750000, 0.900000, 0.990670
0.075000, 0.260000, 0.026346
2.400000, 0.480000, 0.889533
2.250000, 0.500000, 0.851715
1.500000, 0.360000, 0.551997
1.350000, 0.280000, 0.493004
2.000000, 0.520000, 0.764657
0.875000, 1.080000, 0.289659
1.350000, 1.720000, 0.387422
2.175000, 0.140000, 0.800231
1.025000, 1.160000, 0.334991
1.425000, 1.660000, 0.407746
0.000000, 1.200000, 0.000000
1.350000, 0.700000, 0.482522
0.000000, 0.880000, 0.000000
0.025000, 1.760000, 0.007700
2.650000, 0.100000, 0.926663
0.325000, 1.080000, 0.107273
0.750000, 1.280000, 0.241026
1.250000, 1.460000, 0.382545
2.575000, 0.780000, 0.963558
0.100000, 0.440000, 0.034955
1.825000, 1.480000, 0.502429
2.725000, 0.580000, 0.962198
1.825000, 1.860000, 0.451778
1.950000, 1.980000, 0.453519
1.825000, 1.460000, 0.507487
0.725000, 1.280000, 0.233134
1.225000, 0.920000, 0.421624
0.400000, 0.240000, 0.140580
0.300000, 0.320000, 0.105315
0.825000, 1.120000, 0.270741
1.930000, 1.000500, 0.763786
0.025000, 1.820000, 0.007706
2.500000, 0.880000, 0.974737
2.000000, 1.460000, 0.517891
0.400000, 1.980000, 0.122185
1.250000, 0.040000, 0.455856
1.100000, 1.540000, 0.334155
0.350000, 1.500000, 0.110428
1.300000, 0.000000, 0.474969
1.325000, 1.060000, 0.443246
1.600000, 0.540000, 0.591411
1.625000, 0.380000, 0.603208
0.500000, 0.040000, 0.177445
0.975000, 0.740000, 0.339127
0.600000, 0.920000, 0.201050
0.950000, 1.160000, 0.310377
1.750000, 1.160000, 0.581359
1.550000, 0.260000, 0.572129
2.400000, 0.220000, 0.868833
1.050000, 1.380000, 0.328796
1.050000, 1.920000, 0.308102
1.850000, 0.020000, 0.686637
1.625000, 0.320000, 0.602284
2.025000, 0.320000, 0.758216
1.325000, 1.640000, 0.386636
1.975000, 1.420000, 0.529636
1.975000, 0.280000, 0.737653
1.970000, 1.051000, 0.748685
1.960000, 0.990400, 0.812439
0.000000, 0.220000, 0.000000
1.850000, 1.040000, 0.677246
1.225000, 0.500000, 0.440021
0.475000, 1.780000, 0.145819
1.600000, 0.500000, 0.592962
1.700000, 0.060000, 0.630075
0.650000, 1.860000, 0.197112
0.075000, 1.200000, 0.024626
2.650000, 0.260000, 0.930643
0.325000, 1.500000, 0.102307
0.425000, 0.660000, 0.146920
1.050000, 1.720000, 0.313003
0.350000, 1.380000, 0.111929
1.050000, 0.000000, 0.379506
0.525000, 1.120000, 0.171933
1.725000, 0.440000, 0.645523
1.925000, 0.480000, 0.731172
0.375000, 1.900000, 0.115037
1.000000, 0.360000, 0.357642
1.900000, 0.160000, 0.706891
3.000000, 0.280000, 1.000000
0.150000, 1.380000, 0.047899
0.150000, 0.400000, 0.052341
1.800000, 0.020000, 0.667515
