482403
482612
481633
482161
482701
482960
481821
483321
482925
482106
482044
482482
482598
481926
481509
483264
481959
481348
482042
481923
482583
482098
482611
481909
482082
482847
481838
482949
482039
482282
483099
483143
482622
482427
481480
481929
482134
481735
482777
483218
481744
482351
482480
483017
482766
482476
482520
482527
482081
482377
484038
482736
483052
483023
481919
482894
482426
481514
481735
481645
482081
482859
481819
482610
482180
482970
482566
481760
482121
483218
481729
482609
482590
483420
482702
481514
481870
482986
481704
482965
481974
483108
482731
482182
482449
482875
481284
482421
482915
482960
481676
481975
482825
482409
482290
483085
482310
482994
482841
482030
481636
482390
482946
482176
482865
482073
482338
482233
483377
482585
482817
482044
483298
481376
483073
482537
482638
483715
483079
483331
482493
481785
482471
481498
481838
482359
482273
481745
482598
483194
482970
481281
481761
482635
482377
482559
482245
482367
482515
482688
481905
481663
482776
482496
482760
482189
481842
481085
482170
481458
482643
482027
482404
481891
481746
482395
482356
481943
482138
482803
481905
481475
482129
482469
481381
482711
482207
482544
481932
482536
481919
482096
482615
481870
482558
482250
482380
482794
481143
482210
481855
482780
482567
482497
482195
482148
481484
481734
482220
482874
483154
482036
482583
482974
482309
482949
481941
483027
481720
482573
482200
482774
482871
482464
481633
481863
482718
482711
482711
481727
481749
482819
482047
482038
482104
482947
482491
482203
483568
482635
482182
482913
482695
482864
482335
483093
482461
482973
482173
481614
482515
482607
483064
482545
482429
482216
482538
481762
482481
482430
482627
482430
482804
482638
481725
481548
482205
481598
482067
482546
482092
482437
482829
482285
481871
482896
481909
483228
481849
482415
481793
482653
483671
482447
481942
482321
483087
482216
481953
483072
482748
482767
481998
483207
482600
481592
482728
481584
481917
482898
482266
482829
482395
482706
481504
482519
483136
482100
482339
482013
483269
481894
482669
482139
483185
481749
482234
482354
483797
482146
481758
483003
481862
482021
482711
482233
482089
482344
483196
483040
482661
482475
481562
482830
483681
481909
482590
482854
481851
482662
483006
482997
482868
481978
482575
482536
481752
481752
482476
482538
481904
482890
481778
482778
482037
482338
482561
482133
482278
482493
481960
482165
482131
482032
481567
481903
481673
482946
482610
481834
482167
482365
482658
481932
481951
482364
482213
483595
483427
482311
482877
481847
482050
481808
482735
481494
481406
482770
481993
481932
482984
481986
482771
482747
482464
482620
481866
481739
481131
482044
482237
482126
481923
482007
482119
481707
481700
482714
482122
481260
482387
482878
482364
482235
481989
483338
481913
481980
482049
482383
482075
482382
481706
481955
481868
482976
482310
483009
481756
481891
481476
481986
481540
482159
482619
481719
482622
482298
482217
482730
481758
481948
482011
482688
482735
481761
482204
482368
482132
481635
482618
482278
482475
481113
482285
482236
482200
482345
482410
482529
481381
481917
482887
482228
482021
481923
482495
483180
481896
482601
481965
483568
482165
482239
482214
482312
482650
482507
481452
483404
482346
481908
481887
482567
482339
483111
483630
482449
481950
482294
482021
482114
481574
483240
483095
482680
482700
482284
481734
483411
482633
482543
482193
482012
482159
482643
482671
482770
481959
482932
482941
482444
482429
481847
482950
482875
481992
482135
482858
482038
481722
482197
481977
482496
482591
482380
483272
481990
482840
482529
482945
483749
482540
482436
482450
482890
482498
481670
483578
482063
482248
482227
482414
481819
481758
482317
482169
482545
482034
482533
482456
482180
483206
481737
482575
482878
481936
482169
482524
482578
482220
482248
482701
483286
481350
481305
481861
482420
483056
482479
482546
482681
482145
482160
482263
482514
481805
482461
482322
482842
482432
483383
482526
482080
482498
481251
483367
482456
481906
481774
482443
481686
483616
482142
482813
482319
482498
482247
482215
482453
482774
482588
482345
481873
481892
481649
483401
481774
482965
482771
483633
482010
482878
482318
482274
483305
482460
482398
482059
481665
482982
481996
482024
482186
482033
481821
483022
481390
482041
481787
482584
481952
482729
482429
483363
482211
482498
482181
483114
482236
482225
482474
482952
483681
482554
482318
481778
482570
482753
481917
482932
483060
481369
482652
483045
481952
482895
482480
482836
481319
482805
482726
482468
481780
481924
482745
482274
482224
482424
482249
482474
482055
482324
482046
482642
481811
482241
482458
481698
482470
482428
482002
482240
483583
482016
483440
482505
483719
481760
482124
482677
482432
483110
482329
482475
483162
482630
482275
482610
481806
482738
482279
482006
481730
482621
482006
482341
482491
482287
482378
482624
482479
482610
483009
481289
482855
482855
482214
481784
481872
482063
481764
482746
481970
482765
482383
483115
482908
483149
482225
481988
482504
481083
482644
482841
482914
482652
482539
482852
481533
483122
483166
482791
481701
481440
481523
482335
481992
482222
481911
481762
481873
481967
481361
482382
482541
482245
482593
483417
481692
482768
482282
481908
482469
482339
483070
482319
481498
482242
482808
482587
483145
482413
482400
482578
481682
482614
482906
482068
482702
482528
482592
482130
482567
482066
482210
481947
482028
483095
481969
482619
481985
482342
481812
482104
482153
482822
482199
482597
482558
482876
481518
481528
482443
482340
481982
482625
481396
482248
482613
482327
482734
483111
481415
482447
481249
483400
482316
482899
482468
483212
482055
482675
481977
483147
482293
482851
481525
482289
482471
482429
482543
482001
482705
482329
483015
482199
483199
482096
482246
482588
482013
481252
482586
481941
482639
482723
482641
481894
481419
483089
482929
481761
482475
481469
481924
482745
483485
482320
483053
481982
482589
481366
482771
482433
482425
482177
482715
482803
482083
482093
482585
482898
482722
481812
482464
482497
481654
483218
482083
482114
482240
482143
482821
482804
481312
482418
482409
481855
481468
482330
482103
482523
482679
482782
482934
482464
481803
483081
482191
482655
482673
482839
482509
482791
482163
482713
482959
482944
483004
482992
481976
482708
482816
481762
481549
481404
481954
481645
481741
482057
482750
482110
483062
482975
482068
482819
482205
483187
482801
482323
482474
481919
482226
481996
481815
481887
483063
483191
483210
481683
482867
481411
481440
481572
482657
482151
481820
482125
482166
482024
482364
482488
483118
482472
482791
482375
481873
482618
481875
482539
482411
483161
481780
482165
482988
482106
482331
483290
482240
481541
482351
482197
482306
482554
482297
481714
480876
482916
482154
482471
482969
482801
481883
481695
481919
483348
481955
482589
482929
481912
482378
482524
481987
482293
482939
482172
481533
482572
482571
481773
482301
482159
482360
482863
481613
482201
481885
482412
482104
482649
482845
482225
482236
482753
482377
482629
482883
482648
482778
