813852
814044
813649
813538
812777
812554
813555
813576
812707
814342
813313
812988
813170
813687
813457
813075
813735
813083
814037
813303
813636
813365
813574
813200
813519
813621
814008
813270
813398
813136
813440
813391
813221
813335
813199
812829
812936
813997
813933
813503
813151
812515
813956
812834
813017
812678
813793
813175
813279
813073
812653
813349
814285
813206
812925
813486
813498
813190
812920
813756
813230
813808
812941
813458
812751
813644
813325
812769
813556
812757
813673
812988
813117
812753
813936
813527
813106
813021
813043
813481
813459
813496
813979
813696
813329
813464
813767
812379
813359
813997
813356
813513
813211
812931
813656
813477
813534
813050
814171
813740
813431
813569
813371
813418
813894
813006
813835
813037
813210
813161
813375
813201
813272
813421
813077
813369
813171
813261
813369
813331
813231
812477
812360
813277
812641
813813
813280
813494
813259
813639
812141
813395
814106
813323
813751
813018
813191
812943
813775
813375
813396
813240
812896
813689
813594
813312
813009
813119
813324
814072
813604
813454
812699
813518
813378
813441
813975
812538
812901
813532
812780
813211
812307
813434
814013
813073
813427
813428
813665
813511
813350
813155
813020
812944
813551
813341
812666
813178
813117
812687
813226
812978
812671
813038
813202
813718
813479
813383
813727
813544
813328
813301
813153
813176
813726
813554
813566
812346
813898
813121
813418
812590
813099
813475
813479
813100
812768
813093
813383
813414
813243
813120
813397
812863
812767
813106
813641
813297
813490
814501
813911
813491
813107
813650
812965
813112
813074
813195
812598
812678
813431
813139
814184
813468
813543
813110
813022
813117
813419
813365
813549
812585
813298
813016
813270
813726
812995
813567
813701
812394
813212
813206
812567
813945
813389
814066
813645
813184
813470
813042
813533
812864
813581
813562
813535
813465
813384
813684
813325
813913
813359
813354
813449
813934
813351
813461
812977
813482
813071
813410
813193
813127
813670
813850
813350
813533
813483
813825
812851
813790
813037
812807
813326
813373
813392
813653
813584
812790
812249
814049
812952
813042
813199
812920
812448
813349
813366
812636
813131
813378
813336
813203
812902
813308
813017
814104
812957
813919
813663
812912
813911
813455
813247
813565
813436
813854
812662
813434
813048
813034
813188
812713
813614
813010
813328
813815
813260
813113
813172
813349
813045
813131
812774
813118
813394
813365
813569
812831
813605
813376
813184
814085
813498
813530
813688
813242
813604
812838
812877
813664
813231
813882
813781
813508
813401
813373
813176
813483
813753
813013
812830
814306
813192
813416
813547
812981
813666
813062
813580
812806
812461
813653
813205
813204
813563
813617
813484
813027
812753
813623
812555
813722
812362
813092
813633
813229
813021
813946
813622
813025
813061
813016
813112
813350
813205
813204
813889
813402
813206
813130
813591
813904
812928
813794
813294
813589
813099
813352
812712
812648
812588
814054
813397
814023
812715
813693
813929
813595
813647
814003
812748
813535
813432
812534
812700
812809
812741
813503
813924
813876
813637
812901
813397
813444
813318
813377
813260
812816
813719
812564
813170
813699
812805
814454
812767
813515
812971
813184
813031
812933
812583
813455
813503
814057
813913
813513
813166
813158
813413
813432
813583
812590
813310
813565
813386
813395
812991
813190
812369
814001
813454
813016
812620
812696
812929
813475
813353
813443
813265
812786
813882
813558
813324
813233
812823
812898
813495
813331
813520
813233
812951
812939
813151
813308
813240
812860
812857
813146
813317
813264
812937
813077
813545
813042
813094
813415
813229
813206
813406
813585
812989
813581
813541
813305
813391
813252
813406
812826
812602
813466
812483
813287
813442
813573
813106
813867
813366
813602
812749
812948
813727
813117
813238
813466
813208
812819
813425
813849
812729
813932
813219
812564
813831
812293
813899
813274
813354
813847
812996
812895
813371
812807
813175
813465
812524
813291
813802
813655
813500
813493
813170
813529
813445
813263
813153
813146
813787
812835
813248
813556
813628
813139
813494
812856
812997
813135
812531
813263
813239
812865
812814
813204
813018
813581
813557
812613
813808
814165
813007
812729
813121
812847
813926
813589
813111
813921
812995
812995
813326
813734
812788
813226
813256
813243
813775
812701
813154
813258
813283
813619
813720
813111
813423
812988
812808
812845
813152
812797
812545
813554
812933
812705
813692
813290
813026
812721
812961
812967
813707
812750
813530
812850
813409
813637
813496
813381
813313
812856
813383
813035
813838
812929
812936
813900
813400
813031
812218
813357
813156
813316
812792
813524
812972
813531
812645
813299
813821
813571
813540
813616
813110
812988
813820
812367
813683
812549
813188
813464
812713
814357
812773
813052
813512
813348
813663
813410
813562
813108
813116
813336
813030
813819
813472
812579
813940
813790
814344
813371
813701
814089
813067
813521
813053
813395
813030
813665
813140
812843
813387
813774
813565
812938
813946
813431
813429
812930
813289
813742
813132
813874
812656
812867
813634
813189
813128
814106
813276
813213
813315
813313
813603
812402
813084
812683
813031
813104
814151
812902
813481
812777
813937
813615
813391
813708
812951
813417
813296
812759
813009
812815
812705
813591
812885
812834
813475
813389
813269
813456
813156
813604
813590
813183
812878
813872
813568
813145
813637
812644
813040
813404
813350
813281
813252
813571
813407
813413
812522
813625
813686
813197
812788
813406
813073
813018
813037
813691
813174
813497
813514
813876
812630
813151
813352
812682
814060
813631
813281
812903
814003
813252
813920
812873
813204
813297
813480
813200
812506
813054
813605
813331
813522
813899
813488
813880
813188
813639
812835
813232
812923
814172
812948
813730
813573
812502
813619
813759
813260
813507
813524
813552
813381
813008
813436
812780
813789
813209
813774
813828
812281
813539
813085
813156
813369
812720
813857
812735
813781
813431
813105
814457
813339
813171
813215
813230
813120
813803
812621
812412
813593
812450
812655
813239
813812
814002
813735
813650
812294
812869
813320
813712
813091
813656
813339
813307
813531
813458
813231
813462
812524
814128
813165
812821
812749
813402
812579
812879
813277
812566
814177
813573
813106
813392
813121
813149
812977
812622
813483
813269
813401
813600
813536
813110
813487
813055
813007
812833
813902
813183
812631
812727
813589
813632
812940
814407
813617
813114
813181
814130
813218
813181
813566
813381
813657
813703
812846
814290
812620
812827
813197
813384
813553
813883
813338
813238
812990
813612
813437
813099
813496
813038
813309
813219
813714
812307
813165
813232
813074
814016
813106
814092
813620
813444
813213
813213
813666
814103
813250
813257
813482
813105
813228
813489
813484
813342
813504
813235
814022
813443
813927
813205
813890
812877
813468
813858
813412
813776
813293
813317
813472
813464
813063
813192
812782
813349
813859
813362
813097
813062
813077
813380
813435
813587
813976
813376
812355
813556
813810
813061
813898
813011
