723745
724134
724528
723881
725055
724398
723456
723858
724433
724740
723776
724121
724268
723633
724407
724397
724008
724358
724339
723599
723865
723291
723999
723326
724163
723599
724194
724086
724037
723833
723934
723848
723338
724052
723513
723479
724560
723854
724727
724380
723825
724798
723798
724315
724659
723502
724432
724948
724371
724983
724638
722905
723835
724221
724498
724759
724548
723735
723733
723758
723968
724186
723459
723871
723710
724892
724688
723456
723271
724447
724502
724866
724034
724581
723924
722889
723593
723617
724123
724454
723696
723702
723988
723359
724022
724781
724859
723548
724521
723861
723309
723831
723629
723928
723911
724036
723535
723686
723700
724514
723333
724763
723330
723825
723596
723654
724411
723984
723880
724148
724754
723731
722817
724090
724087
724263
724347
723163
724054
724845
724573
723683
724519
724063
724498
724207
723799
724289
723674
723696
723755
725004
723916
723666
723487
724322
723448
723104
723930
724327
724173
723831
723812
723949
723631
724063
723949
724237
723926
723812
723966
723389
723839
723549
723755
724313
724185
724005
723307
724650
724131
724080
723966
724061
723770
725002
724133
724132
724592
723549
724336
723524
723935
724076
723382
723264
724094
724569
724448
723849
723770
723799
724059
723549
723763
723693
723804
724711
723734
724277
723893
723673
723707
724710
724140
723282
723526
724013
723930
724823
723889
724044
724133
724058
723225
723759
724350
723814
723800
724074
723733
724312
724336
724023
723942
724774
723270
724059
724024
723514
723770
724451
724565
723905
723940
724331
723609
724057
724113
723657
723725
723974
724228
723765
724130
724209
724045
723937
723322
723566
723528
723819
724717
724337
724229
723420
725033
723951
723517
723999
724473
723547
724487
723897
723907
724086
723885
723373
723610
723497
724692
723799
724809
724473
723849
723529
724331
724010
723722
723580
723566
724268
723862
723879
723170
723310
724326
724093
724413
724036
723660
724208
723860
723835
724299
723446
724829
724795
724044
724335
723738
724117
723865
723436
724113
724172
723130
723646
724552
723663
724501
724046
723591
723615
723777
724330
724339
724150
724270
723513
723836
724031
724242
723495
724103
723673
723597
723998
724392
723811
724394
723248
724071
723721
723971
723873
724886
724418
724593
723898
724033
723239
724641
724085
724140
724292
723734
723723
723867
724332
723644
724156
723618
724157
724426
723977
723389
723833
724225
724167
724196
724471
723819
723910
723950
723882
723398
724319
724030
723866
723728
724573
723662
723443
723503
723584
724172
724410
723982
724229
723832
724300
725000
724715
723756
723850
723635
723894
724854
724621
724643
723861
724476
724105
723545
723618
723676
723834
724776
723536
723619
723873
723205
723253
723593
724209
724494
724630
723622
723797
724082
724484
724044
724038
723654
724263
723660
724837
723762
723801
723658
724207
723735
723783
724871
723427
724008
723882
724061
724134
723824
724296
723806
724254
723589
723874
723318
724337
723300
723217
724383
724353
724106
723499
724287
723656
723888
723442
724207
724323
723507
723454
723871
723807
724615
724114
723681
724112
724100
724298
724218
724384
724282
724593
723753
725043
724304
724099
723643
723865
724682
724059
724208
724610
723824
724369
723498
724109
724399
723293
724039
723658
724195
723692
724894
724018
722773
723865
723811
723365
723779
723595
724213
723514
723546
724397
724039
723887
724687
723528
723835
723696
724283
724060
723917
723803
724526
724120
724145
723371
723711
724108
723174
724223
724225
723956
723313
723750
723957
723796
724092
723708
723875
723955
723953
723730
724168
724123
723391
723827
723314
722693
724422
724452
723956
723718
724089
723435
724307
724158
724770
723507
724220
724639
723534
723559
723955
723508
724058
724578
723220
723628
724002
724117
723653
722937
724112
723417
724240
724463
722507
724192
723488
724303
723601
723318
723593
724739
724206
723925
723610
724729
724788
723827
724306
723823
724491
723606
723667
724108
723956
723483
724275
723636
723805
724008
723135
723236
723973
723299
723458
723620
723909
723854
723154
723758
723503
724307
724174
722782
723340
723712
723885
724586
723390
723799
723631
723634
723736
724505
724057
723421
724649
723401
724163
723677
723827
724562
723709
723866
724233
724513
723507
724091
724008
723894
723975
723500
723619
723589
723780
724609
723704
723842
724060
724257
722944
723762
724016
723363
724858
724070
724140
724212
724052
724117
724950
724306
724147
723248
724420
724178
724216
723520
724367
724049
724302
723882
723733
723568
723094
723603
723930
724031
724668
724363
724610
723614
724052
723750
724651
723732
723862
723651
723904
724153
724224
723955
723611
723717
723894
723610
723605
723171
723674
724152
724029
724122
724955
723510
724537
723716
724176
724281
724896
724743
724204
724361
723730
723627
722926
723925
723617
723624
724339
724556
724099
723917
723408
723475
723967
724486
724081
724451
724277
723637
724071
723799
724064
723167
723900
723977
723315
724316
724000
723955
723294
724272
724485
723898
723796
724163
723640
723442
724096
723428
723492
723904
723436
722472
723373
724203
723984
723985
724691
724274
724475
723760
725230
724421
723899
724773
724764
724680
723767
723996
723395
723787
724728
724278
724234
723349
723897
723836
724023
724452
723801
724166
724119
723840
723769
723487
724245
723371
724273
724378
724120
723976
724841
723954
723607
724193
724331
723999
724104
724087
723835
723120
724188
724336
724249
725337
724394
724268
723875
723855
724204
723594
723589
724347
722940
724109
723827
723916
723910
723899
724244
724019
724578
723800
725103
724413
723402
723672
724334
724142
724340
723552
724202
724338
724542
724631
723293
724602
723699
723875
724571
724113
724221
724798
723497
723238
723402
722502
722805
723595
724116
724669
724966
723942
724690
723723
724123
723088
724701
724046
723204
723450
724314
724165
724158
723388
723992
724116
724283
723621
724122
724184
724061
724293
724069
724191
724115
724450
723586
724360
723378
723469
724191
724001
723450
724464
724020
723331
724169
724573
722896
723710
724105
723852
724344
724081
724437
724805
723515
724109
724359
723553
724532
724172
724524
724051
723993
723050
724809
724572
724424
723810
722988
724259
723456
723485
724025
724067
723534
724072
723984
723626
724298
724406
724205
723852
723690
724287
724179
723944
724528
724513
724058
724486
725174
723806
723795
723542
723763
724249
723879
723536
724127
723677
723971
724211
724201
724540
723898
724470
723719
724479
724080
723524
724266
724477
724037
724191
723911
723407
724427
723447
723205
723841
723911
724467
723472
723251
723482
724156
723701
724415
724546
723547
723662
723612
724374
724219
724256
723499
723966
724270
723391
723793
723748
724626
724077
724010
723972
723716
723755
723913
724112
723906
723720
723607
723842
724052
724276
723904
723719
723983
724650
723951
724117
724591
724783
723630
724033
724040
724357
724096
724151
723837
723645
723409
723880
724105
723900
724127
724632
723947
722756
723623
