357859
357409
357773
357380
357795
357889
358206
358162
358355
357508
358075
358543
358352
357768
358659
357839
357986
358304
358871
358329
357853
358380
358321
357802
358575
357398
357759
357664
358188
358209
358345
357563
358724
357951
357598
358406
357966
357328
357721
358528
358677
358515
358582
358689
358546
358630
358691
358942
357535
357868
357692
357956
357580
358969
358873
357767
358674
358618
358734
357836
358709
357748
357827
358318
358235
357819
358516
357828
357934
358189
357516
357945
358450
358535
357954
357680
356980
359080
357543
357976
357330
357297
357907
357188
357405
357605
356985
357960
358150
357584
357614
358348
358946
357013
358707
357511
358428
357820
357789
357876
357941
357475
357820
357881
358099
358118
358216
358086
358025
358177
357284
358056
358309
358083
357865
357672
358619
358837
358420
358293
358390
357872
357221
358488
358586
357874
358513
357881
358340
358428
358060
358375
358012
357802
357073
358530
358123
358314
358438
357633
357418
357781
357980
358350
358985
357590
357305
358383
358987
359000
358774
358275
358705
358881
358361
358753
358942
358676
357511
358865
358693
358506
358965
358615
359071
358598
358940
357740
358637
358099
358422
358336
358747
358335
357443
358368
358611
358607
357922
357677
357773
358510
357343
358152
358408
357746
358475
357404
357670
357762
357739
357683
357287
358232
358640
358216
357866
359305
357797
358401
358482
358659
358695
358455
357697
358127
358546
358438
358944
357613
358108
358064
358603
357487
358379
358147
357977
357933
358563
358679
358662
358197
358754
358129
357660
358622
358359
359269
358155
359312
358511
358366
358699
357884
358271
358847
357957
358074
357914
357633
358181
357675
358065
358199
358033
358532
357830
357734
358742
357522
358014
357770
357508
357985
358282
357746
358448
358252
358569
357963
357191
357608
357849
357651
357762
357475
357400
357809
358584
358235
357439
357806
357524
358121
357350
357685
357760
357796
357603
357919
358716
358224
357641
358194
358464
357904
357764
357535
357682
358348
358009
358144
359072
358574
358513
358567
358335
358539
358316
358759
357582
358212
358669
358628
358072
358909
358356
358119
358677
358390
357506
358907
358788
358245
358815
358330
357785
358077
358790
358267
358555
359281
358040
359399
358718
359053
357788
358065
358356
357785
358101
358351
358715
358823
358558
358436
357778
357911
359103
358550
358942
358096
357631
358606
359185
358278
358223
358840
358484
358633
358875
357909
358719
357735
358348
357484
357725
357869
359102
357728
358277
358650
358762
357904
357995
357885
358501
358301
359005
358203
357940
358705
358546
358078
359058
358692
357837
358188
357646
358943
357381
358103
359322
357922
358272
358297
358344
358452
358632
358100
358191
358414
359220
358110
358564
358881
357924
358735
358950
358434
358408
358717
358402
359084
358323
358121
358409
358494
357818
357993
358418
358488
358064
358748
358576
359310
357742
358905
358487
358775
358367
358747
357451
358695
357681
358258
359052
358284
357663
357745
357293
358186
358199
358622
358798
358872
358355
359948
358552
359301
359241
358961
358276
358337
359248
359033
357802
358711
358775
358229
358658
359207
359117
358629
359374
358070
358983
358231
359159
358680
358323
358361
358855
358008
358050
357078
357945
358038
358470
357938
357715
357873
358509
357613
358905
358759
358265
356761
357947
358292
357938
357388
358000
358375
357644
357831
358388
357658
357148
358945
358328
358174
357655
357980
358428
358302
357521
357539
356792
357007
358023
358301
358084
359135
359092
358747
358917
358951
357958
358020
358762
358015
357722
357429
358962
357760
358212
358431
357689
357275
358162
357924
357883
358369
358512
358501
358303
357549
357704
357710
357801
358160
357862
358141
358134
358564
357688
357409
358851
357836
358412
358441
359288
357862
357984
358354
357808
357978
357638
358418
357385
358306
357396
357427
358283
357548
358890
357554
358813
357899
358026
357679
358591
357877
357946
358250
357637
358048
357399
357644
358481
358059
357423
358414
357325
359306
358140
358459
358608
358272
358354
357807
358123
358041
358638
358080
358680
359132
357889
359615
358058
357557
357561
358027
357398
358629
357624
358845
357818
357531
358903
357596
358905
358079
357581
358124
357827
358328
358860
358356
358251
358620
358193
357471
358737
358037
358657
358432
358019
357650
358147
358507
358689
358672
358067
358026
357721
358923
359204
357685
357489
358786
358675
358857
358288
357713
358531
358580
357026
357816
357924
357771
358628
357721
358411
357833
358406
358599
358298
357885
358224
357676
358719
357713
357937
358473
357937
358096
357619
358759
358732
358723
358441
358528
357607
358228
358540
358067
357620
358138
358278
357661
358105
357158
357388
358180
357794
358379
358362
357947
358111
358073
358569
358210
357018
358595
358369
357864
358392
357868
358072
358449
357550
358090
357216
358076
357276
358925
358126
358151
357764
358187
358548
358182
358039
357967
357919
358144
357731
358345
357215
358515
358313
357676
357991
357453
358995
358356
357976
357595
358545
358340
358047
358127
356722
358387
358512
357900
358369
357283
358374
358195
358270
358031
357789
358017
358980
357791
358999
357577
358245
358590
357751
357289
358384
358621
358471
358579
358506
358009
358936
357749
358441
359289
358115
358688
358911
358350
358644
357874
358754
358631
358505
357737
358596
358255
358061
358514
357831
357786
358487
358242
358819
358414
357905
358287
358032
357489
358189
358627
357313
358416
358248
358443
357535
357744
357791
357899
358498
358055
358186
358260
358223
357768
357663
358568
357751
357911
357600
358634
357845
358306
357802
358373
357405
357517
358647
359174
359276
357851
357813
357753
357248
358480
358857
358163
357664
357886
357949
358485
358042
357505
357954
358300
358035
358037
358265
358569
357542
358473
358327
357957
358446
357829
358203
357900
358233
358165
358350
358417
357720
358085
358941
358109
358168
358344
358701
358544
358680
358144
357721
357967
357713
358043
357509
357565
357893
358096
358551
357917
358944
357937
358492
357915
357554
358524
358576
357109
358520
358202
358488
358135
358373
357707
357912
358625
357665
357859
358056
358135
357932
358240
357459
357964
357771
358279
357695
358289
358223
358540
358086
357457
357957
357845
357974
357278
358379
357624
357614
358010
358025
357903
357441
357002
357880
358343
357433
357890
357716
357815
358220
357835
358182
357949
358444
358163
357848
359172
358008
358036
357668
358723
358720
357799
358189
358373
358587
358181
358185
358250
358217
358205
358292
358268
358622
358334
358366
357647
357718
357722
358953
358511
358113
358467
358065
357643
357334
357635
358611
357645
358145
358618
358269
357919
358113
357831
358275
358949
358972
358302
358393
358895
357756
357453
357658
357542
358083
358619
358306
358072
358680
358523
357531
357908
358291
358404
357870
357889
358320
357946
357963
358471
357358
357485
357886
358371
358162
358238
357734
357636
357505
358884
358980
358189
357676
358392
357851
358364
358052
357854
