418165
417873
418296
418127
417781
418296
417861
417196
418492
418599
418416
417945
418149
418522
418371
418131
419545
418361
417583
419091
418084
419111
418995
418738
417639
418685
418984
418541
418391
418123
418195
417929
419296
418377
419433
419063
419570
418350
419440
419413
418685
418716
418599
418750
418727
418793
418898
418766
418520
418880
418112
419083
418939
418901
418152
417898
418215
418394
417928
418899
419614
417894
418372
419430
417999
419453
419260
418922
419124
417887
418024
419203
418992
418086
418015
417192
418254
418212
418221
418069
417939
418604
417720
418291
418252
418121
418768
418346
418677
418496
417978
417581
418800
417791
418256
418084
418719
417437
418827
417548
417303
418993
418952
418053
417726
417820
418309
418023
418732
417949
418341
418294
418521
418155
418069
417940
418512
417230
418303
418290
418180
419124
419119
418215
418024
418626
419028
418617
419174
418049
418974
418213
418836
418452
417999
418759
419147
418566
419159
418194
417864
418739
418063
418310
419221
418774
418281
418669
418571
419617
418470
418899
418436
418512
418819
419185
418666
418817
417502
418857
418621
418799
418870
418530
418711
418593
418422
418508
419343
418094
418570
418272
417997
419134
418704
418356
417517
418146
417896
418657
418782
418495
418345
418613
417774
418057
418757
418454
418072
417954
417855
417343
418868
418512
418838
418049
419145
418269
419269
417868
418344
419117
418292
418253
418922
419038
418045
418228
419322
418431
419083
418788
418136
418890
419406
418601
418444
418755
418006
418642
419215
417902
419275
419162
419159
418673
418869
418517
418444
418481
419167
420571
419659
419871
419035
418956
418864
418343
418717
419196
419088
419076
418291
418308
419188
418337
418924
418923
418879
418356
417859
418955
419371
418369
418648
417820
418835
418066
418788
418435
418340
419115
419093
418668
419527
418660
418817
418557
418929
418294
417487
418650
418819
419389
417880
418525
419147
418255
418514
418192
419050
418299
418237
418528
419602
418676
418711
418118
419359
419461
418731
418723
419071
419510
419271
418716
417884
418694
418977
417952
419413
419519
418894
418875
418476
418895
418630
419518
418154
418828
418303
419776
418401
418278
418795
417984
419059
419007
418799
418286
418355
418127
418170
419640
418445
418742
418688
418354
418043
418557
419626
418933
418659
419262
419747
418960
418781
418523
418624
419111
419451
419204
419424
419284
418806
418417
418051
419659
418605
418512
419425
418940
418350
418408
418474
418234
418395
418323
418243
418582
418646
419011
418699
419149
418185
418070
417793
417596
418932
419896
419193
418240
419883
419312
419715
418486
420055
419228
419113
419413
419849
418840
418146
418834
418003
419003
418140
417825
418308
418338
419039
419209
418325
419047
418570
418761
419209
419218
418837
418740
418851
418815
419377
418589
419769
418816
418595
419382
419397
418636
419589
418902
420215
419588
419590
418105
418550
417798
418746
418490
418165
418110
418751
419328
419152
418844
419147
419101
417983
419277
418974
419312
418847
419276
418947
419522
419131
419446
418044
419366
418913
419209
418852
418397
418875
419821
417463
418906
418473
418506
418836
419704
419916
418769
418870
418769
418522
418898
419306
419202
418851
419377
417885
418499
418984
418449
418633
419146
418985
418394
419211
419267
419171
418112
418333
418395
418874
417246
417278
417804
418274
418847
419182
418881
418373
418037
418216
418356
418164
418658
418304
418114
417891
418961
417833
418603
418010
418517
418859
418462
418234
418433
419184
419959
418247
418025
418806
418476
418900
418667
417841
418144
418211
418868
418100
418881
417813
418423
418303
418237
418370
418917
418299
417718
418548
418421
418318
418188
418275
418892
418745
418425
418085
418315
418661
418823
417792
418215
418788
418385
417517
418284
418920
418588
418251
418006
418083
418287
418654
419049
419579
418182
418536
418039
417868
418483
418311
418837
418182
418124
417638
418551
418255
418623
417889
418335
418116
418115
418920
418268
418828
419215
418820
418256
418862
419194
418582
418314
417999
418166
418452
419140
418653
417696
418594
419304
419266
418592
419252
419099
418201
418087
418225
419034
418045
418501
418825
418771
419075
417899
418579
417886
418460
417970
419626
419405
418052
418537
418013
418629
417930
419023
418550
419485
418687
419088
419196
418167
418861
417998
419056
417604
418779
418961
418511
418290
418220
418133
418947
419305
418688
419446
418119
418782
418078
418217
418740
418833
418899
418101
418727
418874
418548
417357
418882
418572
418517
417978
418935
418438
418622
418969
418951
418348
417646
418422
417967
418097
418163
418991
418844
418479
419339
418370
419116
418917
419128
419294
417787
418049
418166
419369
419205
418570
419028
417887
419510
418308
419182
418755
418547
418470
418128
418011
418635
418418
419217
418017
418811
419009
418965
418638
419087
418878
418460
418462
418502
418173
417809
419133
417828
418380
418972
417813
418679
418304
418788
418528
418469
417804
417865
418652
418633
418632
418423
419196
418680
418906
418913
418410
417275
419792
418053
419365
416920
418804
418775
418568
418777
418466
418608
419292
419270
419112
417770
419046
417886
418431
418331
417520
419729
418521
418244
418299
419075
418149
418435
418710
420274
418853
419106
418711
418963
418235
418963
419215
419415
418688
419141
417862
418908
418291
418885
418139
419050
418973
418441
418817
418755
418827
418486
418570
418551
417608
417585
418450
418266
418532
418513
417526
418065
418547
417647
417732
418102
418675
418607
418044
418103
418886
418135
418798
418768
418130
417716
419112
417481
417782
418551
418716
418242
418549
417484
418341
418161
417429
417971
418566
418399
418267
418149
418452
419139
418838
418178
417862
418336
418481
418396
418774
418053
418394
418095
419200
417939
418695
418396
418034
418972
418064
418084
417966
419106
418565
417703
418426
418299
418319
418729
418272
418685
417665
417940
418571
418099
418625
418995
418398
417500
418707
418217
418579
418006
418654
418898
418005
418034
419309
418774
419237
418569
419101
417866
418379
418207
418281
418526
418201
418783
418018
419001
418446
418645
418469
417752
418329
419061
418238
418104
418284
418890
417838
418891
419383
417828
418364
418603
418538
418653
418359
418193
417973
418291
418765
417756
417998
419021
418666
418508
418578
419105
419147
417639
419104
418307
418868
418340
418530
418223
418295
418596
419059
419392
418622
418200
418907
418482
418426
418414
418830
418740
418217
418434
418246
417319
418150
418793
418429
418626
418604
418487
418670
419027
419303
418363
418281
417830
419110
418294
417935
419444
418766
418509
418737
418645
418174
418282
417856
417880
418842
418483
417804
418526
418590
417550
418586
418705
418743
418317
418536
418297
418337
417527
417874
419014
418137
418962
418516
418245
418668
418500
419038
418028
417679
418305
418912
418162
418788
419005
418431
418904
417743
418384
418501
418345
418670
417460
418846
418795
417554
418429
418605
418194
418264
419537
418643
419097
418781
418831
418227
