600734
600712
601005
600570
600371
601052
601390
600600
600137
600779
600833
599786
600617
600325
601793
600405
600277
600309
601224
599572
601028
600676
601541
600298
601166
600310
600660
601103
600903
600758
600495
600329
599924
600998
600741
601173
601194
600980
601181
601507
600215
600415
600899
600728
601612
600942
600732
600388
600182
600920
601200
601209
600414
600116
600373
601391
601292
601216
601437
601663
600675
600534
600531
600075
601202
600925
600124
601180
600838
601560
600929
599970
599998
601123
600574
600665
600269
600270
601585
599416
600464
600919
601431
600403
600217
600916
600754
600253
601003
600878
600962
600433
600848
600567
601718
600642
600804
600702
600894
600637
600097
601155
601122
600625
601030
600998
600228
600146
600957
601375
601008
599703
600010
600300
601454
600628
600789
599971
600790
600367
600912
601109
601205
600554
600152
600535
600940
601676
600320
600705
600376
600757
600978
600714
600418
599848
600410
601333
600386
600047
600835
601499
600765
600724
600918
600784
600265
600947
601031
600474
600929
600723
600027
601036
600521
600657
601386
601063
600653
599661
600997
600387
601009
599782
600203
600352
600791
601217
600750
599651
600484
601153
600594
600626
601406
601641
600347
600951
601756
601036
601157
601378
601134
600448
600565
600513
601054
600134
600392
600001
600837
600764
601065
601158
600318
601262
600633
600151
600183
600705
599908
600937
600462
600573
601022
600475
600198
601074
601012
600593
600922
601066
600590
600767
600635
600849
601537
600056
600274
600655
600822
601604
600792
600806
600972
601021
601302
601058
600204
600644
601148
601205
600455
600526
601050
600970
600607
601030
601000
600988
600940
600593
601129
601710
600762
601032
601055
601897
601354
601071
600500
600533
600345
599759
600636
601019
601667
600150
600467
600951
600407
601117
600972
600824
600123
600724
601099
601577
600703
600380
601064
600921
600400
599814
602548
600394
600767
601710
600608
600845
600727
602098
600193
600651
600584
600602
601512
601174
600368
600671
600841
600142
600930
600177
601029
601498
600858
600525
601324
600594
600408
600651
600037
599968
600129
601194
599934
601119
601009
600225
601700
600112
600644
601128
600134
599846
600163
601473
600430
600910
599593
601716
600865
600400
600976
600318
600993
600534
600467
600551
600250
600518
600254
600273
599843
600570
600347
600906
600851
600991
600307
600264
600066
601150
602418
600864
601483
600553
600477
600292
600224
601197
600249
600327
599872
601037
600798
600478
600224
600633
600268
600989
600918
600982
600163
601173
600345
600381
601648
600935
602189
601385
600530
600895
600304
600398
600725
600548
599978
600723
600265
601065
600802
600675
600055
600244
600898
600597
601565
600705
600870
601723
600716
600017
600699
599928
600795
600231
600138
600365
601336
600358
600153
600910
600664
601155
601374
600245
600181
600873
600793
600115
600327
599851
600874
600785
601186
601303
599500
601239
601251
600968
600852
600742
600968
601013
600233
600800
601238
601831
599628
601089
600788
600271
600688
599271
601022
600137
600054
600445
599495
600337
600287
600628
600584
600880
599844
601038
600389
600692
600805
601733
599910
600870
600783
599396
600473
600717
600324
600786
600939
600330
601769
600643
600484
600924
600372
600689
601284
601588
601118
601482
601125
600488
600416
599801
601373
600980
600638
601434
600700
600492
601078
600513
601266
600857
600671
601102
600691
600762
601651
601556
601917
600971
600490
601317
600941
600356
600830
601209
600554
601225
600711
600816
600625
601025
600936
600699
601017
600446
601384
601363
601293
601031
600727
601090
600762
601155
600070
601230
599994
601032
600591
600837
600675
601226
599993
600162
600301
599928
601046
601232
601017
600308
600436
600954
601030
600188
600781
600766
600050
600881
600468
600726
599985
600503
599314
600785
600973
600358
600737
600244
600918
600801
600401
600779
600733
600798
599720
600649
600072
600349
600608
600862
599902
600225
600449
600650
601781
601256
600941
599990
599542
600341
601072
601284
601405
600680
600531
600569
600916
600159
600353
601273
602101
600920
600458
600804
600585
600719
601020
601318
601840
600733
601862
600615
600212
600531
600342
601055
601111
600880
600966
599999
601425
601078
600226
601423
600444
601645
600831
601014
601206
600248
601365
601011
601443
600024
601282
599857
600551
600586
601407
601115
601476
600811
600805
601236
600768
600499
601020
601030
600081
600074
601216
600540
600791
600415
601161
601605
600950
600736
601072
600514
600758
600135
600972
600699
601128
601476
601539
600392
601107
600064
600547
601285
600649
599983
600479
600879
600894
601783
599781
601058
600534
601275
601557
600792
601028
600763
601110
600507
600699
600433
600909
600245
600731
600585
601014
600705
600847
601250
599950
600359
600577
601238
600070
600960
601498
600981
600052
600712
600921
600413
599733
601393
600456
600789
600673
600528
600816
600738
600329
600206
600739
600693
599985
600326
600335
601202
601104
600367
600067
600529
601780
600863
601406
601405
600792
600969
600687
600330
601567
600756
600666
600120
600705
601703
600706
600875
601560
600729
600251
600621
600231
600085
601206
600750
601001
600692
601162
599990
601014
601231
601140
600020
601028
600567
600630
600815
601239
600429
600122
600993
600208
600333
600499
601486
601722
601681
600115
600964
601143
601452
601015
600016
600524
600908
600883
601217
600626
600771
600361
600244
600663
600636
600120
599976
600866
600736
601322
600735
600557
599797
600961
601526
600727
601295
600236
600271
600679
600061
600464
600831
600751
600387
601020
600532
600675
601170
599701
600845
600854
600769
600565
600658
600589
601183
600745
600405
600394
600702
600448
600994
600779
600584
600634
600546
600087
600423
600784
599962
601553
600265
600569
600007
600530
599429
600937
601030
600380
600484
601062
601581
600449
600260
600487
600703
600950
600811
601477
601205
601360
600980
600542
600805
600612
601521
601571
600784
600263
600958
600463
600826
601493
600634
600387
600829
600256
601139
600952
599852
600808
600882
600614
600509
600187
600424
600797
600212
600311
600663
600918
600450
599909
600455
600553
600982
600705
600485
600948
601702
599927
599605
600609
600982
600397
600147
600791
600586
601604
600156
600405
600994
600292
600834
600465
600746
600100
600349
600526
600460
600223
600995
600724
600402
600092
600225
600172
600904
601344
600549
600312
601734
600303
599833
601293
600234
600308
600941
600423
600189
601269
600595
601115
600180
600996
601108
602044
599988
600497
601040
600901
601206
600319
600780
601021
600277
600958
600140
600816
600657
601181
600451
600281
600237
599634
600672
600524
600322
600507
601104
600573
600238
599781
600018
599769
599832
600556
600937
600452
601079
599545
600782
600363
599424
601264
601023
600339
600647
600002
600948
600671
600623
601374
600706
600701
600952
599937
601600
600489
600278
600563
600614
600416
600746
600176
600235
601006
601272
601745
600174
600805
601629
600699
601270
601168
599783
599613
600591
