538522
538488
538675
538361
538566
537178
537618
538880
537911
538779
538586
538820
538913
539170
538915
538460
537986
537974
537943
537736
538309
539428
538828
538291
537561
539092
538391
537523
537893
538173
538032
539015
538524
539226
538620
539543
538729
539141
539180
537972
538863
539022
539420
538293
538053
538363
537839
538813
538594
539127
538651
538933
539113
538763
538853
539149
539061
538207
539024
538517
539470
539279
539490
539081
537398
537434
538534
538282
538594
538654
538569
538915
537520
538530
538682
538430
538907
538543
538688
538622
538032
539672
538935
539437
537782
538322
538740
538445
539413
538413
538110
538468
538727
537910
538864
537524
538742
538112
538902
537365
538123
537549
538847
538051
537868
539669
538158
538788
538465
538302
537993
538202
538868
538613
538884
539264
538787
539071
539376
538310
538656
537605
538242
538282
539124
538287
539008
537703
538776
539486
538637
538879
538933
538310
538945
538636
538189
537814
538587
537540
538622
539011
537996
537784
538426
538811
538941
537986
539268
538154
538682
539137
538514
538504
538128
538485
539472
539202
537915
538820
538724
538997
538098
538925
538471
538820
538398
539004
538988
539627
538435
538029
539102
538952
538726
538415
538538
538165
538601
539004
538750
538113
538423
537831
537857
536772
538052
538484
537726
538661
538173
538789
538697
538983
538232
538723
538732
538973
539228
538876
538554
539236
538877
539156
538745
538123
538888
537908
538909
538668
539226
538516
539348
539187
539064
538154
538128
538523
538626
539080
538544
539236
538654
538121
539148
538794
538571
537960
539369
538640
538395
538359
538468
538965
539041
538538
539276
538578
539226
537737
538608
538996
538866
539491
538887
538303
539142
539195
537680
538997
539300
539140
539255
540036
538871
538761
539261
539265
538653
538953
539254
538903
539378
539401
538343
539854
539424
537947
539492
540311
539743
537191
538149
539182
538412
538436
539150
538756
537600
538717
539158
539129
538413
539067
539323
538896
538870
539246
538193
538600
538694
538967
539420
538709
538346
538299
539379
539068
539717
538666
539310
539028
538556
538303
538719
539011
538640
538842
538886
538580
538473
538294
539090
539587
538924
539029
539643
540073
539481
538637
539332
539513
538875
539358
538919
539358
538192
538656
538804
538399
538312
538449
539121
539325
539133
538595
538809
539210
539242
539160
539157
539359
539039
538401
538756
539598
539070
539458
538364
538952
539084
538364
537650
538096
538595
537764
538893
538475
538359
538163
539453
538135
538418
538130
539198
538114
538805
537985
538804
538376
538746
538422
538759
538645
538738
538689
539857
538239
538594
538734
538129
539767
538959
538963
539302
540175
539143
539043
539273
539487
538554
538685
538462
537835
539805
538443
539257
538167
538658
539548
539231
537489
538496
538618
539113
538448
538638
538064
538856
537888
538994
537644
538327
538705
538504
538332
538579
538486
538980
539480
537992
539223
538419
538620
538781
539539
539430
539018
539471
538747
539322
537711
539511
538374
538501
538281
538865
539388
538701
538850
538327
539039
538753
538722
538791
538683
538388
538802
538313
538285
537416
537620
538285
538147
539235
538982
538353
539369
538988
538761
538767
538298
538782
539456
539108
538405
538427
537822
538771
538531
539079
538600
538060
538090
537814
538901
538641
538757
537541
538672
540286
538127
538044
538780
538788
538182
538297
537548
537880
538404
538642
538288
539031
538912
538286
537780
539149
538477
538648
538386
538524
537673
538733
538528
538464
537932
537914
539018
538678
538486
538324
538109
538740
539014
538952
538404
538128
538686
538965
538518
538349
538324
539223
537895
537756
539217
538385
538716
537916
538113
537706
538479
538716
538359
538272
539283
537732
538343
538702
538154
537860
538400
538697
538425
538647
538221
538171
539327
538806
538239
537653
538479
538878
538953
537705
538127
538513
538239
538764
539485
538337
539114
538257
538533
538309
538343
538136
537817
538604
538749
538559
537763
538189
538953
538312
539384
538142
538970
538529
537786
538186
538424
539457
537936
537968
538452
538778
538313
537193
538243
538347
539014
538482
537855
539472
538247
539112
539211
539456
539780
538190
538726
539332
537921
539429
539036
539115
537990
538841
539254
538394
538214
538621
538532
538691
539504
538107
539268
539022
538501
537886
538354
538305
538604
539296
538152
537577
538243
538771
538008
538423
538445
538605
538539
538532
538091
537935
538520
538782
539592
539542
538782
538542
537472
538929
538860
538271
539162
538814
538602
539081
538389
538196
537765
537570
539057
539046
538979
538650
538392
539168
538008
538997
539418
539246
538195
538852
537934
538515
538355
539307
538923
538783
537975
538779
538665
538431
537955
538060
538262
538639
538234
537176
538834
538211
538206
538392
537731
538316
539482
538689
539733
539689
539163
539381
537969
538450
538919
538878
539034
537766
539028
538387
537747
537947
538296
538154
538069
537887
538666
538480
539344
537992
538208
538668
539421
538556
538567
539139
538623
539615
538394
539282
538416
538520
539030
538060
538229
538859
538545
539928
538564
538681
538497
539291
539662
538737
538206
539850
537967
538514
538833
538827
538592
538662
537701
538732
538554
538316
537985
539040
538916
539028
538548
538951
538115
538814
539824
538286
538669
538544
537272
539229
539100
538910
538340
538157
537719
538333
539117
538841
538524
537958
538010
537628
539247
538262
538471
538594
538231
538108
538705
538707
538174
539517
539440
539780
538816
538831
537824
538895
538408
538229
538337
537979
539024
538263
537642
538534
538136
538801
539270
538694
537610
538428
538692
538496
537417
537193
538546
537967
538022
538445
538990
539184
538855
538667
537599
538481
538657
537171
537651
538341
538140
538681
537200
538578
537315
539084
539606
538504
538485
538703
538559
538747
537564
538460
537918
539031
538286
538920
537593
538024
537985
537886
537889
538376
538518
537912
537843
538176
537696
539666
539205
538128
538605
538646
538745
538476
537440
538833
538685
538177
538020
537684
538736
538918
538385
538120
538657
538392
538919
538731
538547
538856
538377
537886
538346
537852
538927
538249
538556
538266
537587
539036
537653
537831
537324
538408
537776
540244
538618
538186
538629
538555
538885
538169
538122
538297
538527
537908
538043
538615
538371
539069
538521
538992
537805
538588
538148
538912
538505
538618
538342
538133
537454
538505
538617
537819
538489
538091
539374
539121
538105
538574
538801
538882
538878
537848
538190
537766
538483
538401
538235
538801
538497
538135
539413
538970
538054
538475
537745
537979
538406
539125
537655
538503
538171
538367
538586
538105
538767
538696
538595
538249
538578
537999
538489
538273
538673
538010
537839
539210
537611
539079
537954
538715
537784
538916
537823
538207
538911
538224
538912
539197
539120
539396
537944
537866
539164
537738
537677
538049
538453
539248
538680
538871
538126
538977
537861
538165
537606
538901
539101
538151
538321
538453
538090
537628
539087
