299565
300318
299639
300147
300636
299413
300226
300360
300348
300350
300736
300168
299672
299818
299933
299932
300459
299696
299659
300661
300499
300732
299902
299932
300560
298987
300254
299863
299490
299907
300320
299847
299623
299920
299239
299357
300199
299956
300262
300651
300128
299651
300692
300742
299686
300127
300307
300106
299383
299920
301199
299748
300368
300809
299712
299406
299564
300151
300728
300222
299783
300264
299837
300775
299506
300299
300426
300624
300254
300272
300218
300730
299849
300027
300037
300736
300140
300334
300308
300584
299938
300339
299770
300383
299895
300235
300590
300115
299763
299954
300478
299558
300627
299822
301369
299425
300151
300696
300007
300061
301079
300961
300271
300196
300069
300628
299723
299862
300251
300621
300134
299764
299930
299693
299563
299946
299809
300243
299390
300261
298691
299823
300326
300087
300060
300248
299644
300130
299978
300477
300386
300475
300271
299883
299811
300821
299775
300405
300366
299680
300516
299536
299907
300396
299476
300110
300584
300054
300271
300339
299937
299622
300107
299988
300088
299737
300506
300605
299946
300029
300242
299946
300011
299994
300624
300427
300104
300330
300180
300544
299946
299894
299950
300571
300705
299713
300051
299936
300199
300811
300652
299522
300415
299706
300220
300218
300158
300688
299755
300039
299689
300063
300360
300272
299823
300553
300338
299674
300261
300677
299862
299849
300290
300213
299044
300062
299766
300867
300118
299709
300291
300309
300107
300577
299691
299331
299421
300277
300085
299557
300134
299655
300131
300765
300250
300334
300233
300288
300109
300310
299876
299702
300529
299771
301218
300055
300078
300155
300179
300358
300201
299399
301128
300289
300270
299816
299864
299747
299932
300281
300017
300550
299930
300068
300249
299700
300107
300178
300796
299443
299698
299744
300392
299240
300313
300424
300063
300669
299913
300257
300781
299839
300593
301184
299604
299816
300328
300405
300254
300117
300618
300038
300199
300198
299847
300630
300418
299780
299682
299803
300328
300396
300077
300968
300755
300221
300414
299394
299605
299749
299931
300116
299612
300256
299439
299937
300877
300656
299772
299961
300789
299902
300375
299990
299931
300644
299846
299356
300149
300761
299847
299162
300284
300007
300258
300285
300942
299469
300140
300484
300135
300241
300177
300240
300299
299736
300292
299565
300511
299771
299699
299976
299317
299941
300684
300333
300270
299898
299773
300340
300054
299709
300700
300632
300415
300110
300488
299334
300402
300273
299153
299623
300644
300005
300463
300189
299937
300562
299672
300298
299731
299086
299628
300518
299627
299994
301273
299848
300026
300479
300031
299570
300182
300189
300579
300741
300131
300034
300392
300223
300388
300104
299999
300036
299522
300274
300415
300209
300750
299539
300361
300009
300606
299436
299016
300402
299302
300158
300637
300060
299471
299660
300432
299134
300346
299660
299445
300199
300471
300005
301158
300005
300181
299939
300274
299874
299826
301195
299805
299948
299242
299973
300207
300218
299406
299907
300620
300414
299708
300247
299910
300733
299836
300392
300032
299726
300364
300147
299775
300159
300837
300432
299514
299662
300453
300173
299881
299939
300462
300407
300282
300790
300468
300603
299852
300446
300194
299824
300296
300537
299672
299309
300791
299776
299456
299878
299822
298995
300556
299677
300054
299195
300232
299840
299599
299194
300299
301686
300308
299781
301115
300262
300527
299607
300161
301127
300672
298926
300804
299153
299345
300250
299066
300149
299273
299486
299984
299973
299791
300635
300206
299591
300028
299750
299760
300197
299924
299675
299590
300201
299755
299948
300195
300488
299878
300563
300147
299692
300000
299792
300073
300171
300484
299528
299305
299495
300832
299705
300151
299916
299094
300172
300098
300259
300711
300264
298896
300217
300207
300953
299783
300266
300067
300024
300524
299976
300010
300759
300037
299956
299889
301017
299721
299775
300108
300540
299031
299931
299683
299822
299528
299962
300269
299760
299211
300207
299780
300492
299663
299328
300296
300798
299555
300456
300136
299804
299072
300524
300198
300223
300568
299792
300247
299519
300188
299701
300046
300151
300631
300817
300310
300050
299443
300147
299323
300345
299023
299853
300335
300492
299891
299080
300810
299964
299787
299724
300133
299721
300226
299650
299712
300374
299693
299867
300317
300081
299880
299776
300184
299735
299923
300429
299605
299689
300158
299926
300481
300164
299802
299755
299585
300113
300177
300350
300211
299435
299644
300271
300639
299787
299243
300729
298634
299177
300469
300194
299648
299707
299497
300637
300145
300547
299581
300142
300060
300313
300437
300394
300196
299611
300804
300324
300337
299652
299947
299558
300116
300321
299635
298665
300277
300393
300091
300113
300803
300608
299878
300058
300499
299651
300506
299910
300084
299884
300298
300113
300459
300229
299682
299613
300019
300124
299485
299938
300018
300744
299708
299446
300469
300621
300590
300616
300858
299826
300327
300671
300927
300445
300285
299826
300031
299182
300853
300035
299406
299742
299133
299907
300108
300221
299841
299992
299422
300681
300685
300616
299455
299709
299435
299780
299740
299692
300023
300852
299899
300667
300593
300271
299562
299729
299800
299931
299596
300576
300017
299695
301059
299673
300502
299852
300338
299991
299954
300342
299669
299647
299920
300480
300150
299347
299858
299115
300132
300296
299655
300589
300277
300558
300353
300352
300188
300382
299393
300472
299822
299536
299919
299291
300376
300468
300001
301124
299760
300448
300088
299977
299909
300182
299180
299744
300729
299580
299962
299905
299693
299833
300411
300598
300303
300705
300164
299999
299732
300236
300361
299627
299848
300106
300700
300398
300412
299860
300029
299887
300669
300226
299679
300415
300134
299907
300285
299750
300165
299942
299615
299672
299471
300048
300402
299561
299655
300017
299973
299687
299968
301162
300155
299403
300264
300540
300115
300110
300657
300199
299634
300455
300550
300584
300548
298810
299742
299657
300183
300546
301023
300438
300594
299391
301175
300239
299532
299941
300582
300617
299373
299900
299908
299715
300439
299722
300232
300041
300670
300805
299919
299038
299995
299638
299589
300009
299469
299293
299944
299710
300859
299064
300173
299666
299768
299706
300366
300812
300232
299168
300660
300802
299714
299712
300267
299749
300530
300128
300231
299631
299804
300136
300256
299107
299813
300292
299204
300347
300562
299658
300191
300151
300390
298723
300012
299870
299734
300716
299388
299949
299737
300052
299382
300752
299470
300105
299709
301213
301044
300029
300227
300236
300050
300307
299305
299556
300209
300166
300357
300247
300213
300339
299968
301021
299699
300162
299576
300714
299893
300474
300279
300565
300863
299702
299128
299682
300043
299699
299203
300112
300519
299474
300174
299660
300335
299811
300072
299626
300549
300553
299881
300168
301169
300416
300102
300390
300007
300471
299880
299914
299397
299592
299749
299584
299878
299971
