400499
400893
400202
399921
401038
400124
400747
399542
399901
399614
400098
400400
400934
400589
399120
400460
400251
400127
400647
399909
399362
399811
400352
400165
398919
401418
400537
400071
399968
400871
400063
400772
400566
400168
399249
400458
399638
400587
401034
400202
400529
400153
399980
400935
399843
399488
399989
399954
400601
400260
400947
399845
399721
400119
400382
399617
400429
400478
399869
400481
399945
400544
400447
400633
400355
399551
401315
399678
400245
400304
399569
400340
401684
399912
400736
399933
399861
400773
399931
400304
400664
400048
400173
399505
400777
401340
400468
399150
400128
400127
400358
400214
401457
400275
399946
400400
399691
400764
400633
400353
399099
399957
399976
400194
399828
400234
399988
399967
399917
401183
399474
400408
400153
399957
400154
400470
400629
400497
399842
399750
400777
399874
400093
400023
400392
400720
401102
400423
400667
399930
400841
399982
400130
400077
399657
400053
400333
401103
400035
400044
400042
399208
399684
399757
400043
399407
399491
399723
399925
399464
399635
400381
400325
400023
399496
400159
400515
399565
400126
400281
400415
400646
400266
400101
399923
399796
399954
400310
400460
399435
399858
399025
400317
399758
399379
400094
399532
400414
399492
399482
399461
399346
400804
399344
400034
400175
400651
399931
400619
400336
400032
400241
400041
399246
400575
399414
399444
400293
400776
400482
400518
400373
398801
399185
400121
400062
400717
399919
399675
400760
400438
400554
399905
399793
399328
400190
401186
400169
399779
400109
399742
399868
400183
398992
400020
400230
399967
399936
400582
399679
400984
400169
400472
401405
401173
400482
400451
399847
399462
399638
399860
399977
400377
400039
400146
399711
400640
400237
400383
400342
400685
399626
400982
400087
400162
400268
400521
400853
400661
399363
401195
400281
400606
400808
400057
399699
399886
400724
400565
400360
400088
400200
399789
401210
400579
400912
400221
400180
400427
400419
400284
400011
400519
399918
400196
399827
399814
400502
400219
400529
399912
400491
399421
400789
400812
399996
400374
400503
400070
399275
400546
400706
400050
399958
400156
399980
399594
400646
399483
399307
399949
399047
400081
399630
399321
400725
400969
399800
400040
400131
399838
400696
400354
401204
399741
400563
400331
400314
400158
400511
399667
400328
399206
400467
399530
399679
400816
399660
400102
400383
399901
399072
401144
400342
399918
400597
400075
400097
400020
399915
400175
401071
400013
399636
398827
399652
399462
400024
399957
400561
399722
400159
399789
400655
399698
398844
399971
399317
400365
400340
400913
399651
400202
400219
399803
401376
400141
399964
400415
399738
401387
399765
399946
400556
399711
400022
400159
399495
400775
400806
400097
400373
399893
399898
399786
399226
400364
398976
399817
400333
399822
399891
401727
400296
400474
400044
399934
399628
400845
399448
400055
401459
400396
401027
400159
400745
399681
400063
400080
400268
400517
400390
399829
400771
400026
399726
399670
400422
400877
400763
399901
399700
399753
399913
399970
399618
400154
399915
400062
400145
400921
400437
400746
400930
399079
399487
400330
399435
400080
399736
399451
400364
400784
400354
400844
400091
400480
399946
400371
400830
399980
399941
400718
400356
400681
400591
398953
399897
400852
399875
400470
398929
398995
399728
400715
400189
399239
400330
399576
400636
399718
399410
399869
399871
400196
400149
400561
400524
399045
400520
400022
399981
399125
400754
399642
399683
400348
400214
400470
400724
399403
400188
399794
399899
400414
401137
400173
399363
400202
400034
399241
400110
400258
399937
399809
399402
400644
400330
400243
399169
400172
400408
400530
400090
399772
399752
400194
399952
399680
399864
400052
400239
400529
400619
400231
400334
399886
399322
399789
400024
400841
400112
400155
400483
400189
399877
399633
399966
400005
400313
399905
399698
400332
400599
400182
400259
400786
399855
400542
401041
399972
400054
401209
399488
399924
400263
400443
400446
399352
400150
400309
399848
399748
400019
400191
401035
399919
400668
399746
400380
400641
399344
399961
399926
400135
399881
399540
400224
399837
399811
400539
400526
400140
399488
400584
399995
399649
400027
400444
400287
400417
399892
400106
401072
400336
400073
401292
399470
400982
400152
399028
400482
399947
401258
400450
399339
399368
400945
400513
400513
400552
399728
400846
398941
399830
400197
400221
400196
399969
400289
400330
399916
399783
399320
399839
400003
399978
400537
399748
400636
400147
399644
400390
400145
400274
400342
398846
400167
400999
399680
400157
399975
400234
400498
401041
399823
400504
400322
400612
399466
400401
400722
399911
400669
400015
400080
399535
400270
399560
400102
399957
400005
399158
400702
399587
400435
400259
399761
399613
400047
399835
399773
400788
399937
399793
401000
400395
400722
399973
400239
400671
399575
399543
400199
400192
399649
400078
399157
400442
399948
399850
400522
399324
400250
399979
399401
399636
399094
400349
400900
400157
399302
401076
399378
399812
400462
400256
400397
400732
400628
399579
399623
399477
400830
398961
399521
399889
399974
400279
399291
400515
399722
399351
400538
400095
399542
399632
399951
400118
400076
399483
399248
399708
399822
400403
399243
399878
400156
400364
400242
400400
399857
399884
399857
400150
401243
400107
400054
400202
399763
400642
399123
400972
400075
400038
399919
400165
400002
399266
399517
400151
399835
399842
400480
399496
399759
401149
399868
399600
400547
399634
399347
399955
400091
400649
400148
400460
400623
399675
400056
399526
400768
400837
399619
399881
399956
399083
399363
400067
400821
399347
399495
400935
399853
399262
400040
399714
399848
400542
400247
399942
400152
399247
399415
399734
400736
400296
401038
399420
400836
400048
400301
398976
399445
399706
399649
400045
399995
400172
399991
400416
400183
399656
400018
400275
400278
400841
400670
400120
400386
399851
399695
399556
399447
400632
400250
400398
399810
400168
400387
400397
399994
399796
399882
400165
399708
400695
400368
399581
400193
400225
400349
400126
399481
399996
400294
399993
400608
400091
399979
400208
400453
398968
400234
399866
400529
400918
400953
400321
400566
399968
399785
400244
400211
399902
400404
400264
399213
399778
399897
400059
400711
400357
400076
400251
399404
399358
399716
399894
399759
401092
399925
400228
399835
400858
400610
400012
400542
400201
399358
400478
400395
400254
400226
399854
399910
399958
400396
400807
400469
400097
399654
399488
400095
399275
400005
399939
398512
400041
399802
399631
399416
399718
399589
399488
399581
400269
400571
399938
399323
399947
399931
400402
400460
400145
399655
400410
400387
400392
399572
400315
399185
399476
399252
399698
400148
400633
401535
400648
400084
400448
400501
400516
400084
400203
399659
400343
400265
399137
399613
399973
400139
400046
400122
400269
399728
399745
400292
399976
400415
399758
400517
400041
400136
400446
399904
399695
399925
399961
399218
399979
400291
399746
399370
400784
400146
399214
400490
400593
400548
