699846
699928
699562
700076
699845
699799
699792
700180
700343
699701
699384
700723
699817
699981
700250
699714
699005
699965
700540
699807
699821
700064
700369
699291
699315
700028
699945
699988
700414
699531
700514
700255
699804
700429
699591
700330
699179
699655
700294
699699
699156
699273
699686
700085
699601
699998
700798
700391
699631
700132
700409
699468
699255
700576
700968
700250
700233
700376
700447
699786
700175
699698
700774
699861
700127
699542
700060
699946
700112
700500
699982
700645
699725
699963
700347
698640
700503
699695
699578
699916
699590
701087
699876
699605
699887
699976
700933
699359
700730
700235
699699
699889
699944
699240
699801
700293
700738
700566
699805
699410
699396
699502
699688
699944
699425
699395
699188
700149
699980
700232
700248
699661
699995
699186
699040
700057
699966
699861
700386
699912
699537
699210
699910
699828
699902
700694
700142
699855
699929
700410
699454
700096
699683
700221
700597
700024
700343
700915
699918
700790
701431
700607
700591
700208
699850
700614
700091
700190
700444
700218
700737
700486
699871
699919
700526
700129
699495
700199
699642
700141
699996
700228
700144
699779
699359
699551
700067
699804
699995
700014
700340
699833
699940
699367
699816
700371
699495
700076
700471
699886
700042
699390
700550
700153
699927
699517
699785
699104
699951
699452
699350
700637
700171
700185
699831
700227
700359
700375
700507
700304
700000
700454
699545
699855
699805
700208
700330
699724
700571
700177
699574
700451
700176
699449
700153
699206
700172
700636
700994
700426
700582
699846
700912
699744
700544
701003
699655
700516
699875
700194
699922
699777
700409
700430
700491
700148
700544
700298
699827
700347
699877
700213
700932
699330
700176
699908
699972
700389
699515
700688
700413
700071
699904
700379
700394
700209
700177
699819
700347
700263
700217
700024
699613
700209
700498
700084
701142
700682
699872
699405
700168
700235
699814
699621
699293
699840
699986
699614
700924
700202
700842
699514
700225
699881
699004
700345
700545
699697
700136
700423
700664
699958
700322
700642
700151
700826
699990
700374
699492
700161
699883
701263
700458
699898
700094
699887
700957
700188
700572
700154
699978
700566
700726
699836
700660
700373
699840
700289
700784
699996
700157
699598
701127
700076
699958
699578
700501
700537
700048
699126
699880
700145
700089
699986
700808
700420
699503
699985
700594
700592
699826
700276
701652
699430
700323
699757
699686
700143
699872
699724
699721
701153
700222
699437
700209
699535
700168
700899
700167
699405
699869
700060
699709
699419
699832
700014
700685
700043
699574
700204
700518
700027
700043
700946
699302
700062
699540
700058
700413
700218
700314
699740
700026
699797
699909
700344
700488
699158
700513
699851
698964
700329
700122
700042
700422
699918
699849
699712
700400
700287
700165
700784
699448
700056
699685
699840
700021
700081
700111
699766
699394
699938
700607
700243
699914
700264
699352
700659
700150
700392
700817
700625
700225
700328
699641
699800
700423
700651
700166
700199
700258
699957
699662
699511
700862
699794
700270
700322
700569
699902
699651
700436
700491
700787
699960
699668
700426
700521
699862
700103
700829
700172
700908
699463
700351
699293
699016
699695
700004
701405
700939
700506
699201
699794
699633
700201
700535
699711
700661
700031
699942
699693
700225
700181
700427
700094
699712
699700
700062
701385
699556
700609
700182
700690
700237
699181
699814
700432
700286
700289
700312
700451
699261
699531
701053
700266
699743
699536
700415
700114
700290
700473
700110
699690
700267
700195
700159
700305
700108
699789
700176
699820
700266
699648
699803
700048
699714
700872
700325
699430
700256
700389
699500
699740
699446
700159
700075
700147
700144
700648
700174
699638
700378
700063
700413
699528
700915
699019
699948
699936
699370
700376
700465
700424
700043
699263
700425
700000
700215
699998
700083
700398
699875
699813
699755
700905
699837
699291
700201
699599
699881
700781
699605
699719
699619
699677
699493
700267
700394
699609
700869
699249
699734
700266
699898
700009
700729
700417
699591
699502
700233
699952
700099
700344
699361
700439
699786
699695
700641
700527
700046
699819
699933
700360
699446
700137
700501
700167
699014
699055
700486
700368
700189
700675
700094
699452
699831
700520
700098
700204
700243
700323
699584
700425
700628
699792
700583
699739
699415
699730
700546
700275
700007
699584
699694
698937
699719
699970
700461
699548
699998
699968
701540
700422
700249
700567
699032
700068
700465
700117
699713
699703
700084
700949
700753
700396
699947
700529
699632
699611
699676
700712
699035
699925
700043
699784
700093
700062
700283
699391
699586
700354
700188
700264
700769
699477
699343
700131
700411
700183
700046
699773
699598
700390
700826
699598
699946
700293
699382
700278
700137
700341
699909
699704
699718
699927
700110
700153
699582
699758
699271
698912
700381
700460
699619
699922
699828
699737
699854
699794
699222
700092
700163
700737
700691
699692
699654
700397
699694
699650
699946
700033
699608
700362
700139
699462
700572
699348
700624
700555
701128
700694
700127
700104
699654
700394
699748
700139
699618
699664
700035
699394
699896
700267
700716
699607
699733
699933
699805
700152
699373
699692
700317
700990
700214
700626
700558
700271
700633
700202
700482
699874
699498
700181
699895
699452
700065
698682
699440
699926
700173
699957
700152
699686
700259
699621
699345
700372
699537
700250
700823
700232
700190
700227
700377
700641
700723
699577
699455
700243
700357
700499
700346
699438
699897
700317
700304
700861
699192
699963
700395
700511
699381
700387
700646
699409
699359
699576
700018
699799
700455
699742
700772
700137
701737
700187
699521
699194
699172
699999
700095
699741
700078
699575
699657
700112
699571
700068
700506
700505
699585
700200
700749
700571
699765
700137
700703
700099
700152
700114
700321
699474
700486
700002
699749
700637
700587
700144
700546
699582
699753
699778
699786
700676
699956
699603
699692
699715
700034
699347
700152
700309
700226
699969
699987
699816
700229
700103
700370
700035
700871
700993
700565
700682
699427
699563
700018
699517
700305
699651
700927
700255
700357
700031
700353
700469
700197
699297
700673
699837
700259
699713
699024
699716
699330
699263
699935
699888
700130
699196
699835
700363
700336
699161
699940
699923
699335
700158
699931
700216
700119
700074
700254
700314
699065
699372
698932
699342
700065
699521
699814
700211
700709
699980
700145
699743
699604
700916
699611
699905
700145
700471
700084
700504
700567
699590
700671
699748
699250
699348
700164
699569
699749
700330
700081
699645
700070
700874
701142
699692
700622
700161
700534
699656
700032
699661
699928
699827
699877
699815
699988
699966
699986
699606
699566
700285
700800
700381
698955
701053
699842
700116
700237
699670
700862
699187
700334
699779
700853
699808
700984
698827
699285
699667
700449
699158
700374
699288
699965
700053
698712
699298
700836
699674
700509
698637
700044
700593
699945
700120
700560
700003
699954
698502
699709
699580
700154
699829
699093
700500
