600041
600242
600606
600741
599934
600248
600149
600226
600127
600423
600288
599999
600019
600459
600662
600260
600433
599778
600127
599799
599348
600516
600020
599327
600016
600025
599825
600345
599184
600067
599363
600344
600212
600328
599829
599233
600946
600050
600721
600712
600034
600232
600333
599719
599983
600099
599413
600102
600411
600160
599204
600647
600083
600077
599836
600616
599580
600338
599965
599680
599342
599424
599251
600326
601290
599962
599529
600905
600305
599674
600235
599926
601405
599679
600015
600752
600496
600572
600120
600192
599957
599967
599677
600925
599911
600177
600294
600194
599676
600671
600211
600064
600042
600004
599628
600552
600918
600111
598972
600512
599928
600676
599734
599909
599827
599829
600559
600038
599374
599604
599827
599997
600206
599414
600710
599212
599978
600596
600223
600175
598274
600129
600710
599250
600130
599850
600255
599759
600426
599940
599897
599681
599785
599822
599802
600915
599665
599688
599714
600368
599102
600205
600369
599784
599813
599623
600952
600681
600856
600742
599054
600433
600261
599621
599444
600422
600457
599584
600993
600465
599203
600484
599697
599650
599385
599268
600125
598959
599418
600145
601146
599433
600253
600519
600335
600145
600065
600645
599813
599608
600010
599889
600523
600324
599632
600645
599739
600377
599886
600447
600355
599549
600431
599825
600761
601134
599767
600210
600398
599918
599859
600633
600047
600040
599969
600771
599892
600509
600384
600149
599889
600306
599101
600747
600095
600650
600087
600145
600544
600550
600083
600434
599723
600954
600303
600013
599941
600176
599782
600625
600330
601194
600504
600612
599861
600252
600039
600682
600448
600169
600032
600836
600028
600456
599676
600838
601276
600082
600653
600153
599727
599745
600834
599916
601097
600235
600123
600605
600910
600244
600666
600540
600198
599819
600714
599875
600612
599555
599914
601493
601174
600076
600006
599721
599837
600987
599999
600189
599512
599946
600456
599550
599983
601241
599613
599919
600832
600456
600257
599246
600158
599968
600202
600962
600870
600015
599672
600384
600922
600169
599768
600433
600562
601089
600639
600359
600465
600451
600500
600677
600851
600058
600497
600175
600137
600043
599958
600228
600090
600284
599505
600315
600537
599827
600146
599415
600011
599379
602041
599616
599610
600143
599770
599983
600838
600346
600731
599629
599742
600499
600962
600034
600520
600309
599524
600507
600640
599329
599322
600251
599271
600114
600574
600877
599968
600374
599776
599886
599423
599992
599740
601142
599226
601020
599391
600807
599500
600444
600149
600691
599258
601231
600442
599322
600151
600219
600146
600972
599813
600422
600245
600375
599377
600613
599932
599406
600606
599992
600701
600630
600543
600645
598926
601027
600142
601276
600014
600347
600170
599587
599817
600942
599871
600138
599810
600682
600394
600730
600531
600394
599201
600540
599971
600669
599872
599160
600440
600045
600246
600804
600377
599351
599757
599476
599937
599743
599623
600688
600700
599488
599662
599694
600482
600126
600811
599010
600408
600554
600028
600174
600465
600305
600464
600248
599915
600108
599292
600607
600322
600380
600738
600190
600006
600163
598967
599379
600299
599652
600211
600534
599366
600003
599483
600484
599951
600326
600491
600735
599785
600403
600197
599662
600846
600222
599114
600548
599759
600322
599818
599488
600254
600276
600145
600060
599089
601014
599149
599723
599305
600256
600048
600229
599876
599797
599698
599957
600094
599199
599603
600992
599832
599119
599650
600594
599920
600785
600322
599289
599702
599465
601095
600194
600522
599575
600653
600887
599651
599766
600061
600004
599385
599983
599691
599918
600557
600072
600072
600642
599482
600808
599566
599884
600476
600187
600148
599314
599924
599626
600501
600081
600427
600222
599635
599162
599575
600575
600363
600636
600597
600377
599367
599120
599682
599757
599663
599675
600168
600465
599568
601058
599200
599655
599194
599595
600468
599672
599262
600588
600478
600365
601342
599257
599834
600138
599856
600336
599530
599921
600403
600297
599821
599757
600010
601033
599958
600441
600768
599703
599868
600552
599682
600633
600475
599337
599725
599652
600279
600255
599936
600466
601090
599919
600970
600673
600385
600431
600461
600095
599772
600055
599924
599741
600177
600340
600867
599086
600083
600647
599828
600347
600399
600511
599570
599680
600386
600447
600223
600263
600000
600606
600374
599808
600273
599939
601021
599734
599523
599781
600064
599516
600469
599783
600158
600043
600391
599827
600180
600334
600063
599419
600294
600806
598968
600021
600251
600422
600658
600061
599751
599114
600378
599854
600099
600250
599898
599723
600097
599875
600219
600327
600008
599998
600048
599149
599951
601132
599179
600973
600467
600330
600345
600352
599421
600148
600513
600322
600031
600514
600169
600474
600616
599969
600377
600354
600239
600589
600583
600406
600327
600399
600116
600820
600050
600346
600648
600649
599344
601072
599992
599174
600466
599614
600244
600601
600462
599743
599426
599691
599577
600193
599775
599531
599596
599587
600609
600249
600629
599352
600607
600999
600690
601030
599984
600686
599634
599928
601351
600573
600977
600129
599982
599928
599781
600017
599861
600443
600025
599733
600659
600381
600162
599403
599874
599091
599876
599924
600304
600426
600127
600447
599909
599347
599864
599858
599290
599875
600779
599685
599927
599214
600633
599740
600574
600201
600217
600059
600483
600130
599793
600060
600832
599987
599948
600342
599354
599765
601002
599913
599705
600197
601065
600586
599895
601333
600138
600035
599653
600655
600209
599252
601010
599661
600306
600699
599776
600129
599564
599990
600349
599983
600566
600537
600894
599375
599446
600629
600210
599643
600093
600222
600464
601068
600110
600058
600466
600804
600507
599972
600436
600555
600104
600655
600132
599946
598765
599790
598736
600427
600182
600893
599973
600410
600126
599131
599852
600373
599225
600863
599702
600859
599951
600284
600000
600394
600784
599405
599477
600217
600728
599763
600510
600572
599582
599160
600212
600437
599777
600601
599743
600400
600147
599807
600016
600960
600122
600267
599532
599719
600387
600149
600188
599918
600540
599991
599765
600122
600496
600790
599772
600879
599643
600587
600443
599988
600061
600230
599992
600779
600153
599663
600090
600003
599636
600827
600306
599224
600195
599446
600382
600776
600228
600117
600102
599777
600315
600453
600856
600183
600842
600385
599860
599582
600922
600792
600204
599711
600774
600503
600399
600450
600287
599552
600425
600712
599514
600481
598873
600132
599975
600167
600415
600167
600809
599636
600465
600823
600603
599854
601325
600025
599766
599930
600265
600460
600647
599946
601082
600495
600407
600033
600084
600077
600335
600689
600534
600307
600604
600571
600280
600787
600733
600776
600709
600021
600183
600086
600649
600112
600949
600597
599023
601201
599898
600632
600025
599907
599401
601014
601464
600181
600345
599757
599458
600079
600635
600391
599858
600250
600810
600394
