299711
299155
300155
300525
299587
300631
300729
300014
300126
299048
299965
300120
300004
300362
299150
300952
300815
299858
299790
300095
300244
300216
300645
299789
300272
299853
299963
299729
299595
299599
300853
299863
300170
300123
300099
300157
299563
299611
299881
299911
300032
299497
299179
300148
300274
299500
299736
299364
300445
299438
300350
299514
300534
300535
300471
300080
299878
300147
299758
300782
299912
300113
300174
299443
299999
300226
300340
299813
300047
300128
299906
300180
299020
300012
299683
300343
299919
300144
299433
300379
300232
299485
299294
299925
299986
300893
299312
300023
300623
300137
299831
300487
299320
299889
300009
300843
299639
299916
299407
299018
300009
300147
300138
299837
299514
299666
300198
299650
300497
299413
300648
299879
299894
299628
300294
299773
299473
300310
299272
300113
299654
299631
298887
299408
299277
300331
299559
298742
300614
299783
299172
300584
300560
299919
299554
300622
300049
299688
300490
299902
299296
300489
300044
298885
299425
300471
299626
299948
299715
299100
300180
299230
299734
299853
300412
300260
299516
300800
300444
300138
299883
299907
301425
298979
300386
300767
299750
300375
300839
299290
299956
299674
299339
299951
299921
300281
299827
299100
299993
300651
300278
300690
300674
300512
299081
299861
300662
300188
300000
300413
298965
299588
298807
299642
300338
299408
300173
299998
300798
299926
298581
300114
300858
299763
300079
300282
300716
300290
299160
300252
299698
300317
300505
300071
300299
299871
300589
300193
299110
300830
299681
299735
299098
300881
300182
300598
300272
300653
300801
299340
300333
300309
299783
299348
300827
299813
299548
300234
299861
300209
300104
300085
300866
299858
299613
300619
300097
299725
299717
299238
300840
299710
299684
299651
300259
300142
299529
300186
300525
300561
300017
299705
300574
300134
300009
299786
300358
300001
299224
299440
298844
299751
300610
300507
300087
300075
300961
299013
300358
300013
299593
300441
299280
300659
300480
299837
299569
300372
299610
299168
300049
300616
300260
299966
300353
300145
299340
299030
300273
299681
300480
299930
299889
299716
300394
299111
299778
300222
299769
299843
300172
300478
299494
299420
300075
300484
300142
299527
300750
300429
300674
300242
300915
301074
299926
300212
300173
299975
299619
299673
299306
299204
299577
300420
300446
300382
300552
300400
300339
300013
300393
299399
299982
299805
300230
300084
298925
300435
299031
299829
301163
300437
300688
299754
299697
300422
300120
300276
299747
300406
300496
299504
299789
300794
299495
300106
299460
299666
300428
300737
300359
299480
300131
300407
300954
299133
299927
300428
299877
300221
299744
299622
299412
300230
301074
299303
299707
299955
299309
300169
299783
299962
300764
300447
299288
300483
300633
300609
299840
300073
300691
299604
300080
300227
299891
299681
299799
300845
299966
300353
299515
300313
299308
299977
299754
300256
299310
300233
300111
300464
299276
300479
300686
300719
300891
299459
300092
300278
299689
299646
299910
300773
300123
300584
299414
299209
300323
299814
299827
300617
299227
299684
299559
300129
299961
300197
299892
298833
299634
300689
299961
299249
300227
300591
300510
300272
300114
299638
299981
299707
300222
299425
300328
299688
300060
300426
299805
300348
300638
299686
300089
299800
299996
300415
299972
300158
299737
299735
300124
300355
299421
299865
299868
299119
299429
299556
300340
300153
300803
300131
300115
299769
300650
299512
300148
300132
300199
299233
299595
299382
299835
300315
299878
299493
299957
300481
300290
300532
300232
299747
299972
299965
299557
299338
300550
300952
299463
299591
301089
299748
300518
300262
299471
300377
300243
299901
300110
299449
300330
300046
300264
299636
300429
300400
299932
299728
299847
300306
299780
299888
299635
300734
300008
300059
300338
299472
300155
299992
299980
300975
300399
300109
299863
299899
299210
300341
300568
301634
299551
299907
299670
301393
299994
299601
300971
299960
300235
299503
299829
300617
299173
299794
300092
299547
299618
299901
299602
300361
300235
299304
300312
300336
300145
299239
299706
299274
299334
299896
299766
300493
299677
300079
299848
300406
299732
299628
300435
299925
299545
299500
299986
300191
300712
299942
299612
300356
300192
300356
300440
299291
299904
300242
300247
299574
299793
299348
300113
299418
300787
299304
299588
300052
300103
300624
300729
299889
300522
299982
299580
300083
299637
299870
300500
299083
299862
299675
299934
300179
300734
299843
299554
300682
299600
299947
300113
300033
299929
299500
299704
300162
300188
300435
300118
299691
299270
300781
300167
299915
300385
299484
299395
299254
300863
300182
299615
299764
299990
299893
300164
299750
300091
300218
299774
299964
300445
300297
299750
299871
300534
300109
300264
300332
300120
300137
300653
300677
300038
300464
299579
299749
300652
299729
299990
299830
300126
299973
299778
299479
299897
299778
300430
299783
300766
299993
298762
300001
299854
299793
300031
300145
300245
300572
299906
299689
300002
300145
299254
299246
299687
299124
299415
299518
300142
300329
299717
300354
299846
300442
299755
300105
299819
299753
300227
299646
300165
299804
299801
299384
300119
299277
299989
300452
300606
299669
300484
299949
299835
299984
300301
300383
299962
299068
299859
299448
299558
299970
299586
300411
299549
299914
300850
299674
300751
300423
300756
299856
300358
300630
300238
300147
300093
299249
299636
299743
300168
300403
299701
299856
299711
299968
299327
300772
300412
299346
299973
299407
300162
300095
300131
299985
300088
300188
299676
299844
299785
300156
299704
301132
299863
300072
299868
300362
300873
300572
300768
300182
300339
300377
300753
300698
300430
299632
299606
299529
300246
300025
299865
299246
299668
299817
300136
300054
300186
300071
300210
299219
299838
300502
299847
298826
299224
299620
299776
300086
300193
299899
299388
299508
299858
300020
300325
300736
299106
299676
299222
299551
301016
299636
300203
300420
299707
299721
299726
299585
300627
299982
299381
299737
299518
300193
300310
299462
300330
300803
299663
300641
299987
299876
299923
300108
299767
299631
299792
299935
299486
299650
300225
299757
300143
300789
300447
299941
300279
299973
299738
299636
299682
299801
299969
299859
300695
299909
300119
299749
299217
299876
300398
299724
300137
299404
300007
299721
300555
299442
300275
300299
299878
300100
300750
299862
300358
299800
299990
300129
300101
299887
300000
300416
299811
300047
299547
300364
299126
299532
300073
300119
300135
300130
300357
300309
299336
299366
300063
299493
300637
300437
298983
299943
299372
300527
300253
300440
300918
299513
299971
299609
299314
300783
299667
299085
300927
299499
300116
300678
299180
300251
299943
299951
300156
299945
299643
299940
300686
299733
300703
300047
300270
299776
300098
299689
299931
300962
298453
300438
300035
300112
299696
300887
299533
300329
299914
299616
300158
300292
300391
299327
299616
299625
300573
299776
299760
299152
299875
301064
300047
299914
300195
300097
300084
299888
