400657
400166
399646
400148
400233
400139
399058
400453
400519
399272
400052
400071
399489
399880
399965
399337
400618
399422
400223
399939
399992
400508
400174
399547
399842
400196
399724
399597
400388
400487
399116
400104
400050
399976
400704
399611
398954
399582
400044
400731
399574
400195
400267
400382
400444
399957
399399
400280
400124
400565
399895
399662
400067
400324
400490
399858
400746
400056
400686
400283
400557
400210
399184
400261
399632
399740
400363
399840
400995
400096
400450
400339
400592
400316
399547
400146
399228
399738
400792
399383
399832
400155
400159
399950
400395
400494
400053
399344
400291
400541
399714
399820
400379
400135
400448
400484
399609
399571
400010
400107
400822
398909
400078
399838
399619
400440
399280
400050
399852
399616
400019
400330
399267
399586
399264
400205
400323
400885
399418
399712
400154
401797
400425
399554
400194
400126
400321
399360
400070
399487
400778
399788
399669
400304
399707
400439
399937
399298
400727
399561
400262
400878
400151
400204
399946
399680
400242
400457
400242
399371
400265
400476
399855
400036
400317
399146
400891
399993
399627
400372
400187
399949
399166
400068
399732
399843
401180
399524
400044
399706
400765
401397
399959
400563
399935
399686
399656
400670
399684
399926
400217
399552
400012
399704
401214
399588
400967
400169
399716
400121
399237
400442
399952
399648
399593
400041
399752
399722
399600
400719
399514
399646
399358
399924
400360
399575
399519
400938
400298
400104
399454
400374
400285
399906
400905
400075
400596
400348
399794
400738
399725
399694
399776
399655
399972
400103
399460
400368
399679
400753
399708
400181
400035
400174
400450
400709
399934
399883
400794
400631
399332
399374
400074
400272
399607
399584
400471
399422
400327
400319
399948
399537
400349
400362
399840
399935
399896
399856
400780
399697
400073
399921
400863
400125
400370
400177
399451
400210
400079
399342
399803
400164
399308
400192
400233
399689
400861
399478
400464
400403
399892
400314
400559
399921
400046
399774
400284
400156
399733
400057
399248
400887
399898
400112
400267
399901
400365
399982
399622
399458
400561
400490
400052
400555
399777
400374
400682
399590
400279
399473
400098
400163
400678
399809
399485
400840
399950
400102
400181
400501
400699
399420
399011
399507
400792
400180
399461
399549
400642
400563
399599
399236
401154
399734
399233
400072
399658
400527
400415
399709
399453
399662
399855
400365
400813
400417
400051
399773
400255
399273
399665
400315
399837
399165
399525
399661
399725
399498
400358
399595
400820
400689
399698
399561
400183
400374
400693
400148
400493
400308
400339
400757
399445
399720
400818
399094
400050
400272
399621
399424
399445
400434
399067
400703
400224
400094
400201
400828
399846
400766
399883
399552
400117
400329
400658
400135
400092
399964
399991
401385
399661
398998
401033
399601
400276
400663
400267
399730
400381
399837
398893
400410
400189
400641
399984
400149
399485
400173
399779
399713
400028
400231
400096
400008
400397
400471
399848
399948
400181
399975
400021
399894
399977
400546
400127
400288
400660
400089
399554
400112
400282
400576
401075
401218
399862
400163
400461
399589
399569
401042
399340
400457
400288
400349
400051
399369
400545
399956
399572
400195
400714
399496
400325
399896
400056
399774
399692
400116
400494
400251
399855
400124
400620
399782
400379
400582
400049
400630
400552
399738
400745
399807
399527
400110
399953
399907
400358
399915
400689
400114
400243
398894
400289
400603
400038
399795
399242
400433
401095
399890
400809
399983
399690
399673
400646
400049
399628
399942
400088
399811
399737
399518
399460
400223
400190
399834
399795
400802
399470
400131
399916
400030
400142
400389
399275
400218
399237
400479
399268
399217
398976
399544
400719
400447
401051
399827
399799
399560
399935
400492
400346
399957
399779
399390
399678
400518
400649
399223
399671
399801
399474
400532
399631
400257
399357
399954
399939
399857
398861
399964
400077
399616
400620
399725
400191
399546
399027
401580
400325
400232
399684
399082
399912
400527
400594
399600
399421
400399
400669
400664
399753
399906
400375
399787
399656
399614
400257
399524
399180
399702
399529
400443
400825
400286
400069
400735
399010
400402
400394
399650
401041
399913
400003
399865
399436
400577
400238
400081
400014
399916
399779
399996
399683
399897
400276
400118
399972
400349
399780
400767
399683
400615
400691
399592
400940
400255
399820
400300
399203
399485
399448
399579
399522
399302
399110
400226
399362
400075
399979
400212
399837
399319
399242
400444
400787
399798
400216
400549
400781
399189
399709
399316
399986
399611
399622
400352
400295
400432
400283
399869
399658
400194
398842
400222
399357
400774
399625
400954
400034
399605
399400
399912
400486
400830
400465
400591
400100
398981
399840
401181
399934
399856
400127
400193
400278
399856
400391
399827
399626
400529
399797
399962
399554
399567
399636
400728
400321
400561
399664
400635
400394
399786
400457
399932
399327
400184
400297
399473
399861
400927
399692
400256
399917
400618
399898
400522
400144
399196
400914
399858
400173
400191
399668
399812
399961
400447
399665
400401
400637
400049
398991
400466
400222
399802
400103
400059
400947
400392
400019
399828
400433
400171
399409
399001
398791
399147
400147
401263
399936
400298
399805
400406
400187
399917
400467
399340
399863
399047
399533
400095
401449
400287
400542
399894
399988
399822
399593
399729
400282
399215
399919
400538
399181
399473
399332
399714
399705
399921
398366
400028
399515
400615
400314
399681
400263
400150
400574
400059
400114
399872
399842
400328
399979
399866
399887
399606
399633
399626
400926
400631
400653
400387
399872
400023
399445
400153
400385
399878
401078
400032
399993
399815
400352
399971
400233
400354
400287
399439
400233
400784
400260
400086
400743
400766
400548
399975
399879
400215
399149
400233
400549
400973
400942
399714
399964
399940
400572
399300
400733
400933
399337
399382
400478
399901
400183
399740
400119
400350
400470
401287
399994
399062
400084
400011
400469
400074
399126
400241
399261
399989
400682
400171
400310
400868
400343
400462
400701
400077
400134
400226
399618
399643
400232
399683
400290
399506
400060
399686
400409
399364
400029
400373
400396
400021
400655
400324
399783
399341
399233
400097
399960
400081
399662
399900
400296
400009
399986
400735
400801
398987
400185
400445
400420
400845
399766
399491
400226
399776
400336
400384
400534
399919
400221
400913
400011
400421
399831
400011
400794
399555
400124
400638
399294
399589
399908
400151
400178
400681
399223
399145
399992
399462
399273
399949
399921
400064
400478
399675
400966
400088
399470
399560
399480
400305
399040
399595
399885
400557
399662
400112
399474
399472
400256
400093
400552
399686
400211
399201
399639
400357
401010
400627
399408
399518
400226
400739
399222
399959
400651
399993
400361
399216
401107
400101
399202
400198
400456
399419
399937
399791
399780
400992
399615
399900
400067
400177
400105
400871
400407
400078
400703
399855
400069
400818
400458
400125
399638
399760
400315
399664
