600212
600298
600055
600185
599967
600271
600053
599377
599793
599389
600231
600478
599747
599153
600303
599124
600740
598903
601132
600216
599726
600183
600677
599744
599894
600148
599711
599784
600557
599833
600139
599639
600776
600960
599619
600133
599798
600044
600441
599642
599342
600237
599566
599909
599809
599923
599772
600650
599291
600046
599693
599295
599954
600586
601276
600043
599342
600270
599991
600713
599947
600386
600487
600130
599751
599975
599504
599632
600039
599564
600614
600901
600390
600049
599994
599642
600362
599432
599907
599810
600501
599457
600200
599596
599797
599098
599714
600377
600033
600264
600598
600471
599135
600280
600414
599714
599662
600258
599808
599827
599044
600020
600675
599939
599920
600131
600516
600636
599338
600235
599447
599824
599908
599755
599526
599120
600404
599313
599423
599437
599592
600365
600007
600081
599865
600144
600009
600625
599767
599627
599997
599927
599443
599062
600164
600380
599274
599552
599810
600288
599772
599697
599987
600316
599508
600214
599816
599763
599200
599879
600137
599465
599618
599221
600010
600034
600045
599751
599495
599482
599570
598850
600695
599635
599552
600312
599566
600503
599284
599674
599356
599316
599674
600442
599522
600495
599924
599967
600420
599345
600339
600131
600322
600189
599569
600136
600197
600621
599759
600012
599656
599814
599325
599040
600576
599942
600178
600330
600429
600536
600193
600202
600314
599686
599906
599839
599773
600630
600304
599673
600178
600256
600290
600475
599695
599760
599264
599610
600107
599916
599831
599102
600566
599585
599649
599840
599452
599420
599670
600704
599648
599792
599782
599835
600071
600465
600032
600587
600074
600808
599680
600108
600232
600359
600952
600924
600703
599419
599992
600305
600527
600205
600163
600509
599317
599836
598860
599391
599977
599607
599811
599791
599709
599215
600232
599354
599110
599566
600308
600450
599611
600803
600647
599117
600318
599422
600445
600261
600863
599703
600442
599780
599473
599836
600097
599408
599644
599778
599363
599845
599650
599389
599552
599807
599951
600557
600941
599531
600100
599154
599236
601123
599506
600189
600670
599689
599843
599748
600806
599977
599043
599298
600367
599356
599514
599378
600884
600195
599816
600556
599906
599526
600150
600911
600061
600791
600192
600205
599409
599627
600610
599129
600098
600243
600307
599676
600376
600242
600204
599785
600284
599813
599469
599369
600223
600514
601227
599866
599374
600067
600015
599891
600451
600151
599695
599871
599847
599113
600746
600508
599823
598753
599918
600037
599247
599574
599611
600381
599889
599908
600571
599615
599824
599921
599990
599690
600448
599730
600562
599151
599535
599484
600002
599569
601065
600512
600336
599987
599672
600714
599873
599811
599467
600159
600146
599308
599929
600481
600240
599691
599236
600567
599641
599728
600721
599301
599896
600176
599764
600012
599982
599496
600635
600121
600561
600445
599953
599809
600239
599542
598986
600085
600066
600190
599385
599439
599597
599806
600403
600511
600810
600227
600614
599848
600129
599743
600323
599370
599611
599959
600322
599723
599824
599497
600558
600246
600423
600414
599132
599699
599967
600260
600601
598897
600600
600467
601022
600498
600051
599731
599767
599339
598988
599175
600230
600069
600427
600402
600229
600269
599693
600098
600152
599327
600897
599871
599339
600008
600097
599666
600440
600651
599241
599547
599885
600046
600285
599234
599268
600732
599585
599733
600505
600380
601000
599558
599535
599403
599839
600414
601062
600394
600072
601423
599828
599457
600054
600161
600838
600510
600764
600244
599636
598908
600043
599853
599625
599407
599785
599827
600147
600577
600470
599587
600410
600011
600546
599723
600218
600071
600389
600095
599692
599797
599710
600889
600455
599915
600722
599775
600675
599203
599901
599975
599983
600627
599660
599691
599587
600080
599491
600153
599883
599427
599103
599145
601469
599693
599564
600075
600350
600043
600010
600122
599259
600561
599793
599853
600441
600900
599633
599985
599669
599672
600006
599361
599929
600148
599557
599451
599754
600752
599052
599748
600709
599441
600750
600675
600125
600480
599876
600488
600081
600575
601010
600056
600520
599619
599945
600323
599121
600003
600709
600036
600223
600495
599361
600332
600271
600118
599181
600048
599556
599739
600634
599743
600098
600193
599969
599352
599914
599805
600319
599948
600848
600471
599202
600159
599816
600099
599372
599594
599388
599858
600754
599749
599889
599999
599804
600347
600062
600378
599870
600109
600139
600231
599599
600091
599831
600319
600309
600568
599547
599129
600022
599784
600808
600710
599471
599731
599828
599599
600690
599573
600120
600024
600192
599887
600205
600049
600809
598927
599909
600013
599713
600578
599690
599344
599759
600716
599691
600401
600240
599985
600250
600540
599903
599453
600021
600451
599720
600361
600018
599781
598169
599506
599867
599416
600475
600022
599806
599474
600739
600353
600182
600140
599239
599411
599518
599803
600240
599667
600692
599873
600257
600347
599679
599867
600744
599770
599418
599448
600138
600181
599654
599424
599862
599841
600353
600049
600039
600758
599240
598857
600475
600080
600379
599646
600716
600490
600028
599938
601023
599608
600662
599990
599735
600614
599907
600080
599908
601184
600182
599561
599496
599367
599686
599463
599822
599734
600257
600995
600099
600637
599367
598727
599569
599909
600425
599652
599418
599371
600089
599826
599926
599992
599786
599428
600101
599788
600446
600072
600499
600310
600183
599123
600170
600228
599784
599331
600487
601077
600481
599103
600311
600070
600009
599514
600187
599738
600599
599971
599679
599893
600161
599566
599586
599621
599662
599644
599468
600198
600692
599791
599623
599666
600618
600613
600320
600566
599374
600275
599688
599973
599934
599788
599066
600019
600143
599600
599619
599433
599750
599635
599828
599479
600546
599734
600590
599762
600184
599203
599809
600450
599266
600696
599714
599916
599396
599698
599748
600624
599150
599582
599592
599825
600129
599987
599827
599954
600669
600686
600255
599985
600995
599885
599564
600453
600780
599590
600335
600021
600106
599527
601229
599307
598953
600349
599100
600197
600085
599035
599253
600734
599901
600109
600511
599933
599918
600434
599865
599333
599589
600111
600247
600217
599993
599656
600568
600094
599200
600264
599055
601332
600323
600486
600093
599597
599562
599745
599590
599514
600005
599808
600058
600298
599490
600243
600296
600089
600653
599502
599617
601214
599625
599504
600135
599714
600384
599712
599554
600601
599992
599038
600126
600158
599597
600837
600130
599756
600263
600067
599977
599594
600005
600516
600836
600197
599885
599868
600163
600362
599989
600276
601387
600737
600300
600261
600200
600613
599796
600919
599765
600855
600380
600405
600635
599991
599578
599438
600769
600031
600543
599335
600323
599878
599804
599099
600604
600212
599954
599861
599771
599695
599946
599773
600627
599997
600465
600614
599657
599946
599786
600795
599386
600465
599642
598837
600845
599889
