356589
357987
356754
356927
357377
357079
356407
357466
357304
357304
357255
356794
358070
357250
357085
357003
356913
357094
357409
357500
356415
357356
356836
357354
356926
356359
357783
356609
356438
357824
357182
357457
357678
357430
357251
357400
357283
356813
357639
357238
356816
357216
357059
356522
357331
356652
356430
357220
357005
357281
356812
356566
357156
356499
356419
357318
357338
356850
356560
356664
356957
357536
356800
358063
358094
357826
357204
356940
357031
356756
356400
357103
357851
357082
357158
357363
357217
356115
357768
357156
357746
357502
357667
356287
357004
357087
356986
357041
356700
356713
357434
356814
357635
357002
357309
357216
356594
356496
357857
357446
356943
357457
356605
357679
357872
356838
357009
357293
357535
357266
357621
357097
357160
357835
356913
357363
356907
357822
357815
357556
357403
356746
356914
355917
357392
357055
357187
356873
358121
357682
356903
357214
357857
356835
357325
356601
357687
357774
356814
357464
358062
357072
356960
357657
357305
356315
358416
357861
358016
358221
357306
357201
357169
357586
357539
356982
357677
356828
357108
357727
357049
357679
357153
357113
357390
356877
357177
357658
356789
357492
356527
358185
357059
357554
356661
357675
358078
357203
356676
356818
357706
356811
357306
357451
357038
356841
356376
356649
357534
357782
356789
357163
357529
357878
357567
357406
356429
357118
357227
356806
357138
356976
357533
357191
356806
357081
357689
356808
357015
358007
357565
356950
357088
357763
357134
356309
357598
357383
356401
358224
357348
357305
357287
355853
357247
356863
357603
357424
357688
357725
356493
357564
356379
356904
356471
356933
357656
356299
357025
356937
357622
357232
357263
356937
357281
357415
356992
356475
358600
357264
357397
357155
356921
357607
355324
357190
357488
356136
357028
356854
356862
357324
357517
357255
357213
356562
356078
357850
357199
357066
358124
357230
356912
357154
355569
356656
356720
357037
357513
357431
357167
357992
357701
356681
357363
357622
357711
357099
357515
356872
356262
356962
356622
357397
358111
356810
356563
357359
356254
356576
356958
356653
357351
357305
356960
356525
356503
357171
357250
356697
357024
357491
357564
356612
357613
357280
356607
357321
357081
357235
356502
356794
356536
357505
356796
357167
356745
356881
357082
356971
356922
356161
357015
357686
356937
357469
356956
357022
357709
356788
356706
356752
356219
356264
357243
357027
356996
357725
356849
357000
357577
357791
357664
357491
358239
356640
356184
357045
356748
356487
356264
357772
356494
357397
357874
356834
357519
357215
357719
357066
356714
356518
356833
357101
357846
357126
357168
357081
356919
357049
357440
356968
356454
357236
356035
357974
357348
357213
357463
357063
357358
356818
357460
357526
357182
357467
357525
357504
357765
357541
355858
357023
357002
357452
357200
357506
358025
357775
357576
356871
357318
356936
357976
357755
357274
356902
357851
356791
356792
357300
357825
357715
357069
357598
357122
357008
357355
356702
358361
357304
357747
356809
356958
357251
357268
357508
356989
357668
357971
357041
357168
357013
357332
357100
357861
357341
357802
357214
357688
356891
356969
357301
357827
357368
357658
357045
357499
357952
357199
357539
358140
358120
357417
356806
357171
358094
357376
356931
356797
357344
357001
358173
357108
358325
356977
357318
357797
357207
356461
357459
356882
357393
357851
358369
357522
357109
357017
357653
357847
356769
357192
357099
357284
358273
357324
357116
356949
357263
357538
356981
357856
357319
357821
357066
357554
356552
357278
357552
357089
357061
356959
357546
357323
357737
357452
357123
357796
356251
357704
357241
357215
357688
356924
356847
358454
357809
357199
356777
357759
357135
357482
357675
357645
358120
357251
357252
357823
357834
357058
358601
356745
357691
357555
357467
356958
357406
357437
357781
357220
356910
357380
357290
358377
357529
356843
357902
356766
356882
356702
356831
357820
356982
357215
356883
356643
356006
356214
357258
356895
356822
357384
357135
357186
357429
358234
357206
357090
357949
357717
356853
357402
357656
356519
356547
357501
357590
357316
357383
357781
356531
357911
357252
358488
358029
357205
356872
356764
357443
357859
357053
356678
357061
356638
357303
356882
357704
357243
356504
357263
357544
357416
356769
357139
357415
356985
357603
356180
357424
357031
357053
357980
356911
357795
357170
357154
356583
357654
357062
356834
357395
358133
357176
357627
356795
357250
356859
357033
357386
356810
356910
356751
356949
357760
357364
356196
356563
357984
357277
356491
357482
356181
357176
357164
357001
357102
357532
357402
357113
357208
358145
356861
357549
356968
357062
356869
356514
357516
357231
357242
357772
357554
357038
357149
357696
357633
357503
356541
357630
357600
356962
357668
358119
357376
356782
357121
357568
357631
356908
356825
357197
357408
356522
357120
357037
356764
358151
357639
357492
357878
356508
357899
356925
357205
356891
357281
356859
357461
358107
356907
356183
357753
357222
356352
357748
356487
357239
356944
357590
356987
357290
357187
357105
357835
358456
357380
357595
357987
357278
358206
356873
357547
357543
358197
357276
356986
356702
357257
356444
357631
356965
357281
357421
358131
356860
357638
356401
356961
357613
357011
357399
357396
356738
357205
357549
357086
357165
357193
357280
357703
357380
357222
357743
357934
357453
357005
358175
357632
356949
356985
357114
357686
357258
357655
357159
357059
357449
356437
358060
356704
356797
358781
357539
357807
357268
356156
357155
355677
357033
356553
357289
356982
357370
357663
357084
357478
357210
357422
357695
356979
356988
356478
356624
357386
356355
357553
357011
357047
356857
356906
357481
357008
356706
357360
358137
356478
356836
356740
356993
357834
357716
357294
357929
357008
357685
356741
356173
357128
357692
357665
357467
357249
356814
357670
357214
356552
356845
356671
356774
357432
357134
356862
357959
355934
357465
356892
356703
357485
357397
356994
357131
356984
357389
358100
357625
357800
357371
356698
357238
356889
357448
357159
357066
356998
357195
357222
357935
356499
356709
356396
356978
356606
357562
357100
357212
357952
357917
356638
357255
356410
356514
357034
356877
356456
358042
357333
356279
357574
357346
356899
357911
357345
356875
357658
356430
356941
358294
358296
357020
357130
357143
356909
357345
356992
358111
357222
357179
356772
356453
357226
357283
356497
356967
356475
356270
357163
357238
357089
357568
356670
357778
357098
357489
356633
356058
356885
357009
356914
357959
356739
357058
357610
356300
356842
357044
357825
357835
356725
356774
357241
358079
356241
356591
357430
356952
356520
356344
357245
357226
357265
356975
355946
357379
356512
357845
357193
356632
357957
356986
356839
356819
357084
357645
356734
356911
357145
356995
356270
356842
357146
357619
357263
357600
357790
357666
357729
357097
357873
357472
357074
357026
358117
357393
357823
356824
357506
356197
357858
357600
357122
357463
357602
356578
357362
356866
356986
357320
356777
357375
356221
356846
