428131
428618
429324
428993
428999
429301
428198
428422
428788
428983
429191
428685
428538
429072
429094
427758
428655
428689
429251
428272
429237
428399
428969
428453
429077
428880
428558
428710
428159
429556
428173
428377
428370
428250
428185
428947
429219
430156
428709
428200
428272
429643
428629
428964
428976
428752
428848
427888
428188
428210
428536
428791
428712
428787
428606
428113
428375
429121
429613
427840
427408
428733
428347
428617
428478
428529
428855
428342
427941
428908
427824
428436
428767
429652
429649
428099
429110
427998
427868
429515
428871
429116
428913
428779
429293
428488
428750
428968
428025
428495
428383
428353
429243
428758
428157
429703
428970
428237
429333
427967
429075
428626
428319
429129
428267
428673
429275
427895
428130
427947
429026
428760
429270
428248
428397
428468
429309
429004
428795
428611
428455
427994
428761
427932
428942
429231
428238
428573
427711
429722
428929
429005
428946
428303
428508
428736
429849
428662
428175
429890
429154
428372
428339
428279
429225
428664
429188
428800
429085
428790
429564
427671
428993
428692
427895
428334
429005
429737
428653
429203
428886
428705
429042
428882
429419
429334
428423
428898
428715
428185
428770
428853
428225
428035
428848
428519
427959
429028
428044
428087
428814
428557
428517
428998
428406
429024
428780
428643
428499
429032
428765
429182
428945
428161
429149
428496
428687
429012
429052
427696
428611
429134
428398
428583
428132
428849
428605
428941
427648
429146
428793
428642
428821
428742
429087
428421
429138
427887
429122
428424
428460
429464
428008
429892
428615
429175
428640
427609
428864
428943
428454
428979
428028
428536
428953
429061
429137
429743
428844
429459
429280
428750
429092
428194
427711
428955
429151
428795
428405
428330
427973
428637
429086
429003
428594
428100
429061
428219
428800
429133
428541
429501
429215
429112
428979
428863
428338
428099
428368
428529
428574
428447
429343
428831
429294
429608
428616
428498
429013
429402
428474
428847
428392
428292
428908
429953
428206
429099
428788
428489
428394
428630
429403
429131
428299
429742
429140
428031
428599
428372
428176
428833
428611
428441
427977
429069
428674
428896
429011
428501
429244
428293
429236
429527
429165
428480
428637
428331
428813
428690
429977
428128
428651
429176
428774
429465
428168
429477
429190
428730
427638
428607
429187
428074
428514
428362
427766
428438
428204
428538
427967
428577
428431
428939
428980
429601
428511
428916
429162
429016
428882
429841
428031
429097
427985
428308
428903
428484
428719
428263
429367
428753
428629
428636
428328
428664
429229
428711
428406
429566
429008
428809
428046
428389
428526
428054
429048
427651
428738
428644
427895
429719
428752
428943
429351
428546
428189
428287
428418
429231
428972
428723
428466
428650
429096
428677
429310
428618
428202
429823
428907
428390
428026
428327
428434
429182
429510
429360
428054
429417
428494
430459
429684
428995
428833
428700
428445
428104
429159
428690
429007
428862
428836
429223
428518
429393
428924
427897
428972
429227
429177
428318
428584
429316
428829
427945
428808
428851
428231
428760
429063
427956
429033
430009
428334
428711
428938
429034
428646
428224
427855
429092
429401
429132
429568
428507
428920
428480
428244
429974
428429
428682
428174
429547
428381
428641
428838
428147
428598
429264
429596
428840
428787
428436
428893
427683
427518
429185
428057
428433
429112
428056
428580
429272
429467
428194
428436
428261
429151
428705
428999
428388
429692
427796
428360
428759
429389
428889
429696
427970
428876
429205
428879
428617
428642
429070
428997
429262
428312
428741
428552
429075
428415
428165
428994
428453
429250
429159
428446
428741
428365
429611
428727
428196
429129
428420
428702
428633
428346
428465
428904
428964
428443
427498
428545
428517
429332
428757
427392
429269
428989
429225
428687
429334
429838
428705
428167
428586
428413
429557
428651
430248
428976
429842
429187
429053
429379
430178
428064
429137
429217
429328
428444
428486
429262
428324
427919
428887
428170
428787
428952
428263
428164
427973
429217
428113
428170
429231
427973
428714
428718
428282
428787
428340
429219
428927
428594
428273
428718
428792
428477
428356
427886
429446
428484
428336
428329
428414
428978
428672
428211
428598
428902
428625
428769
428920
428214
428511
428699
428605
427991
428084
429094
429077
428382
428666
428831
428396
429085
427983
429257
427380
429084
429088
429237
428403
428355
429097
427924
428745
428623
428804
428613
428534
428667
428400
428545
428969
428948
428453
428861
428209
429510
428275
429432
428147
428571
429332
428266
428992
429581
428869
429007
428403
428502
428871
428380
429149
428730
428541
428698
429071
428532
428156
429713
429247
429000
428823
429838
428883
428724
428441
428886
429479
429166
428473
428848
428920
429431
429239
428905
428266
429098
428575
428119
428351
428948
428761
428847
428224
428758
428656
428939
428255
427860
428992
429302
428516
428793
427227
429036
428619
429462
428677
428331
428943
428378
429426
428419
428424
429443
428995
428675
428394
427499
427439
429718
428935
429578
428717
429181
428916
428868
428220
428125
429106
427679
428862
428232
428083
429187
429279
427741
428591
429339
429235
428399
428915
428522
428601
428122
428980
429419
427907
428941
428678
428704
428154
428202
427959
428559
428821
429291
429380
429081
428282
428619
428651
428834
428161
428155
428799
428232
428203
429315
428747
428763
428448
428909
428640
428101
428465
428579
428531
429348
427950
428430
429829
428602
428891
429169
429451
428678
428872
428889
428427
428657
429037
428652
428571
428728
428853
428029
428080
428109
428445
428712
428267
429252
428724
428320
428137
428949
428740
428780
428552
428712
428977
429260
429288
429392
428431
428565
428504
428513
429193
428760
428174
428804
428609
428289
429915
428166
428521
429250
428862
428545
428106
428778
428750
429193
428265
428568
429472
428439
428985
428094
429293
428787
428294
428607
428666
428608
428402
428948
429681
428710
427848
428195
428239
430150
428758
429533
428764
427513
429701
429061
428695
428217
428364
428171
428303
428618
427614
429076
428415
428671
428293
427790
428841
428359
428679
427602
429380
429082
428308
429336
428541
428844
428226
428578
428960
428822
429113
428689
427905
428595
428379
429423
428828
428429
429107
428912
428191
427882
429157
428465
428649
428555
428123
428068
428755
428629
428571
428603
428195
429056
428471
428168
427732
429297
428241
430038
428605
428570
428638
427890
427684
428528
428999
429055
428202
428477
429062
429246
428538
428991
429572
427932
428757
428356
428146
429315
427994
428494
429457
429085
428370
428445
429294
428335
428075
428540
428516
428765
428257
428769
429496
428969
428538
429262
429017
429058
428461
428398
428055
428998
428890
428562
427740
428701
428918
428945
429378
428991
428729
428557
428493
428164
429461
428396
428734
428110
429034
428222
428737
429235
427677
427626
428850
428319
429287
428155
428048
428653
429112
427688
428315
429587
428940
428878
429104
428167
428433
428944
428345
428470
428351
428334
428202
