642971
642573
642508
643328
643579
643345
642766
642453
642785
643274
642503
642526
643580
642307
643279
642737
642726
643199
642312
642704
643505
643852
642752
643216
643536
642013
642953
643117
642855
642783
643305
642701
642868
642828
643162
642554
642967
643023
642172
642355
643008
642951
642618
642894
643179
642437
643916
642432
642696
642451
642842
643424
642812
642663
643323
642057
641952
642895
642836
642664
642233
641730
643096
641996
643143
642603
642549
641855
642908
642902
642653
641944
642841
642892
643265
643160
642901
643216
642214
643363
643125
643059
643532
642616
643789
643406
643019
643794
642568
641930
642892
643061
642622
642758
642107
642465
642983
643172
642994
642552
643297
643146
642608
642616
643004
642648
642990
642036
642397
643431
642637
643177
643180
642406
643608
642770
642781
642916
642387
642949
643228
642657
643450
642495
643233
641975
643064
644105
643144
643200
642869
642458
642902
642247
642258
642890
642821
643238
643285
643245
642239
642940
642446
643521
642769
643102
642724
642682
643462
642809
643188
642299
642911
642613
643203
643167
642926
642781
642535
643114
642286
642914
643381
642658
642791
642555
642138
642944
643010
642950
644013
643724
643209
643472
642460
642477
642984
642523
643574
643485
642667
643619
643357
642390
643315
643313
642774
642276
642460
643508
642851
643095
643357
643213
642779
643304
643380
642951
642250
643114
642634
641944
642661
642652
642497
644084
643107
643424
643128
642924
643322
642718
643914
643057
643762
643239
644185
641939
642498
643020
642517
641979
642944
643338
642759
642825
642944
642525
643125
642557
642641
642329
642264
643058
643439
642648
642781
642880
642476
642790
643205
643092
642671
642190
643075
643025
643259
642501
642157
642736
642851
643551
642790
643541
642867
642511
642308
642626
643655
642115
642878
642947
642692
643545
643405
642617
642703
643630
642482
642734
642610
642762
642512
642879
642662
641949
643104
642958
642934
643849
643353
643008
642394
643039
642712
642550
642341
642789
642320
642483
642342
642656
642875
642679
643181
642527
643034
643386
643424
642422
642970
642563
642984
642615
643598
642686
642886
643177
643486
642637
643394
642260
643293
642962
643625
642533
643007
642838
643662
643110
643388
643135
643200
643754
643318
643515
642502
643722
643559
643382
643815
643130
643016
642622
642173
642466
643317
643527
643273
643238
642645
642676
642373
643214
643484
642191
643585
643193
643227
642867
643140
642483
642377
643171
643167
642804
642507
642303
642441
641729
643477
642935
642753
643142
642436
642790
642901
643307
642836
642342
643219
643797
643424
643301
642604
642927
643016
642873
642758
643502
642352
642670
643162
642624
643632
643149
643400
642831
643581
643287
643058
642853
642891
642277
643489
642815
643379
642587
643629
641921
643211
643244
643025
642615
642953
642565
643136
643271
644398
643044
643457
642496
644055
643023
643394
643782
643052
643739
643677
643284
643359
643282
643147
642821
643859
643564
642934
643121
643648
643415
643014
643354
642512
643401
642378
643332
642488
643322
642649
643590
642610
643398
643348
643116
642837
643135
642668
643417
643194
643789
642380
642375
643041
643582
643381
642976
643118
642562
642137
643319
643617
641970
642511
642717
642776
642191
643199
642319
642304
642252
643083
643401
643428
642662
642730
643556
643691
643606
643605
643060
642728
643304
643256
642821
642458
643738
642541
642319
643201
641938
643576
643219
643506
643190
643196
643198
642487
642708
643220
643491
642909
643675
643390
643010
642556
642721
643472
642868
642646
643089
642712
643091
642613
643975
643500
643723
643769
643440
642395
643458
643231
643358
642287
643001
643773
642347
642828
643036
642609
642950
642691
643352
642883
643540
643804
642238
643269
643052
643730
643155
643731
642479
643285
642816
644016
642992
642894
643229
643246
643791
642735
643124
642126
643379
642564
642849
643550
642366
643005
643376
643030
643604
643977
643805
642262
642290
642274
641799
642746
643161
642351
642860
643548
642535
642742
643173
641894
642834
642599
643418
643375
642779
642647
644235
642878
643674
642826
641973
642895
642684
642642
642814
643110
642952
643750
643397
642558
642209
642855
642402
643401
643317
643130
642853
643749
643144
643437
643822
642196
643172
642595
642893
642659
643018
642901
642907
643378
642799
642408
643115
642725
642666
642383
642966
643607
642830
642957
642894
643066
642685
643405
643255
642334
643159
642365
642709
641801
642162
642796
643504
642180
643030
642469
641717
643426
642996
642909
642850
642791
643660
642754
643083
642802
642511
643710
643651
642615
643547
643293
643209
642795
643545
643245
643803
642843
642673
643216
643132
643437
642172
642355
643090
643877
644045
643255
643282
643170
643922
642903
644031
643140
643160
642951
642959
642841
642148
643130
643201
643552
643128
642594
643424
643506
642407
643054
642782
643148
643451
642234
642337
643082
644209
643200
643316
642781
643671
642310
642089
641831
643007
642684
642159
643375
643081
642903
643088
642803
642635
643513
642835
643596
643462
642679
643733
643940
642889
642931
643708
642634
642900
643531
643608
642652
643410
643481
642140
643169
642221
642658
643382
642700
643577
642625
642710
643350
643111
643180
642418
643108
643441
644056
642987
642964
643757
641953
641995
643197
642811
642738
642541
643453
642968
643207
643220
642799
643332
642888
642932
642444
642528
643668
643121
643475
643387
643130
642444
642132
643325
643696
642595
642981
642804
643250
643167
643147
643452
642957
642956
643284
643716
643654
643573
642330
643230
642596
643500
642311
643638
642476
642711
643317
642637
642738
642933
643033
643084
643010
642875
643120
642951
643106
642310
642894
643287
643441
643415
642803
642769
642873
643413
642465
642674
643093
643180
642737
642720
643114
641954
642879
642166
642860
642629
643123
642660
642000
643198
643652
642720
642685
642594
643291
642356
643818
643017
642616
642101
643271
643428
642721
643135
643035
642311
643479
642173
642528
643172
643023
642661
642506
642690
642421
642404
643669
643202
642176
643846
643322
642516
642824
642670
643261
642954
642684
642693
642868
643525
643263
642766
642548
641765
642594
642940
643046
643506
643188
642507
642929
642276
641917
643273
641971
643637
642209
642719
642650
642664
643257
643243
642524
642694
642387
642892
643113
642727
642768
643432
642737
643453
643208
643655
642384
643440
644278
642669
642487
642342
643124
642922
642881
643014
642692
642105
642694
643291
643576
643092
642872
643178
643055
642268
643418
643787
642162
643136
643178
642693
643765
641765
642758
642576
642270
642393
642506
643716
641840
642643
643651
643453
643502
642890
641819
642839
643209
643124
642246
642542
642593
642572
642504
643432
642672
643055
642357
642637
643380
642364
643047
643334
642266
642676
642944
643526
642506
642864
643070
643359
642626
643316
643259
642420
643125
642248
643161
642871
643280
642288
643387
643625
643518
642885
642970
643385
643164
642990
642145
642525
641924
642831
643034
642299
