571709
571569
571909
571543
570896
571980
571700
572287
572061
571009
571126
571713
570954
571843
571091
572094
571779
572386
571365
571016
571260
571651
570868
570884
572254
570788
571188
572113
571101
571128
571736
572146
571984
570523
572112
572101
571884
571654
571323
571734
571384
571094
571530
570862
571275
570468
572377
571992
571301
571887
570939
570788
571549
571196
571703
571719
571377
571684
571494
571363
570709
571915
572429
571060
571658
571520
570007
571838
572259
570605
571408
571963
571238
571182
571740
571011
571476
572067
571988
571294
571815
571243
570861
571673
571546
570994
571370
571961
571112
572573
571733
571444
571985
571645
570839
571391
571791
572703
570913
571969
571427
571287
572324
571574
571714
571471
571981
571056
571659
571334
571010
571972
571856
571544
571891
571307
571576
571274
570881
571709
571395
571382
571791
571503
571531
572225
571518
572271
570845
571008
570320
572287
571571
571369
571019
571595
571341
570596
570284
571172
571416
571125
570945
571546
570637
571703
571750
572096
572144
572093
571068
572270
571240
571052
572460
572296
571093
571498
570795
572127
571700
570991
571791
570786
571502
572028
571506
571001
571632
571951
571209
570334
570994
571316
572031
571072
571514
571013
571281
571549
571259
571766
571731
571462
571443
572059
571282
572357
571500
571605
572015
570967
571027
571674
571299
571637
571509
572001
572361
572319
571535
570883
572025
571609
572609
571458
571635
571991
570345
570521
570787
571001
571519
570951
570903
571503
571914
571795
570843
570874
571413
571943
571778
571753
571711
572304
571383
570901
572294
571164
570668
570877
571412
571295
571359
571920
571671
571637
571861
572186
571388
572137
570937
571751
571085
571209
570789
572053
572229
572057
571832
572130
571084
571954
571381
571928
571421
571824
572018
571586
571572
570992
572063
570977
572198
572153
571074
571311
571636
570949
571424
570265
571587
570794
572049
570456
571529
571362
571677
572413
572560
571767
571801
571784
571907
570245
571288
571759
570840
571907
571711
571864
570849
571383
571814
571015
571922
571025
571750
572480
572255
571976
570692
571696
571387
571996
571187
571278
571527
571389
571483
571956
570723
570595
571594
571018
570807
570877
572396
571451
572138
571004
572371
571229
571784
571374
571827
572111
570683
571830
571312
571959
571350
571594
571288
570897
571443
571209
570880
570714
571009
570595
571410
571515
571391
571857
570914
571427
571320
571446
571706
571714
572213
572930
570276
571959
571232
571899
570557
571790
573076
571437
571904
571112
571463
571242
571178
571773
572002
571592
571006
571161
571641
571434
572263
572383
571429
571444
571547
572517
572413
571791
571204
571155
571608
572027
571742
572524
571303
571673
571427
571963
572066
571351
572087
571166
572152
571383
572186
571850
571718
571676
571414
571208
571090
571883
571055
570453
571149
571543
571094
571103
570892
571971
570651
571756
571752
571446
571335
571439
570682
571664
571473
571632
572128
570361
571244
571723
571464
571357
572136
571910
571355
571595
571890
571843
572116
571272
571828
571075
571175
572327
571365
570849
571794
571245
571236
571520
571171
571156
571288
571952
571136
571912
572184
571909
571533
571802
571357
572167
571386
571926
571533
570542
571844
571066
571597
571413
571696
572228
571188
571619
572194
570828
571615
571373
570635
571481
571799
571882
571819
572123
571863
570929
572510
572693
571984
571987
572311
571965
571765
571783
571235
570926
572005
571151
572649
571510
571355
571236
571818
572041
571533
572081
571777
572654
571557
571884
571762
572106
571559
571123
572311
571330
571558
571860
571503
570996
571557
571150
571000
571501
570939
571612
572166
572184
570996
572002
571443
571574
572592
571529
572367
572195
571416
572848
572662
570986
571512
572088
572121
571531
571944
572277
572025
570584
572039
571951
571450
572087
571659
571538
571657
571673
571482
571572
571922
571484
571747
571239
572305
571712
571661
571846
570840
571144
571989
571958
570984
571859
571655
570889
571499
571936
571857
572064
572115
571266
572212
571174
571407
571905
570601
571704
571656
571949
571178
571752
571307
570708
571259
570539
570920
571881
571055
571447
571332
571363
571819
571380
571525
571692
571026
571045
572271
571690
570948
571182
570294
571135
571384
571424
572030
571246
570721
572494
571342
571105
571281
570864
571177
571589
572593
570107
570911
571989
571229
571669
571533
571261
571880
571799
571791
571598
571827
571149
572215
571641
570720
570424
572239
571295
572272
571125
571668
570919
571125
571987
572035
571044
571282
572633
571695
571240
571876
571258
571743
571265
571714
572562
571502
570526
571204
571886
571524
571230
572277
572995
571486
571484
571564
571021
572011
570594
571375
571313
570878
572572
571964
571878
570868
571752
571110
570773
573068
571193
571939
570802
571241
571024
571149
570236
571044
570848
571767
572380
571796
572191
571105
571450
571464
571729
572040
572061
570715
572191
571969
570954
571615
571921
571791
570920
570911
571541
571375
571603
571878
570864
571493
571286
571819
572109
570905
571059
570944
572821
572453
571808
571590
572853
571370
572205
570936
572523
571370
570773
571295
572076
571667
571611
571778
570536
570941
571336
572019
571320
572727
571381
571962
571889
571447
571869
571550
571711
571145
572054
571535
572551
572072
571744
571347
572223
571883
570881
571366
571904
571227
571294
572783
571457
572329
572184
571224
571651
570576
572017
570896
572335
570296
571181
572203
570768
571992
571651
571434
570523
571264
571149
571100
573121
571604
571789
571231
571367
571971
570746
572308
571951
571223
570903
571762
572330
572088
571688
570792
571326
571978
572390
571820
570729
571977
571409
571415
571816
571773
571575
571567
571646
571065
571887
572035
571346
570976
571651
571958
571427
571121
571510
571441
570980
571900
571258
571673
572729
570581
570508
571988
570665
571151
572107
571782
571371
572330
571246
571676
571532
571712
570885
572333
572469
572363
571178
571508
571756
570520
571185
570514
572257
571251
570904
571359
571565
571898
570741
571536
572093
571049
572068
570996
570875
570746
571090
570985
571639
571315
572406
571723
571064
571492
571370
572301
572216
571755
570447
570601
571162
570656
571610
571972
571418
571914
571476
571648
571719
571491
571151
571226
571985
571578
570657
571907
572379
570476
571527
571970
571106
571709
571691
571541
570615
570830
572261
571248
571351
571139
571075
571100
571130
570881
572001
571237
571640
570921
571927
571293
571319
571340
570765
571413
571760
571323
572046
571765
572049
570752
571889
570964
572325
571460
571339
571505
571485
571694
571732
571382
571163
571552
570430
570801
570934
571515
571665
571577
571129
571807
572274
571809
571686
571566
570646
570709
572055
571825
571300
571379
571639
572116
571514
571989
571504
571639
571072
571201
571598
571034
571424
570640
571561
571444
570335
571179
571306
570950
571371
570956
571270
571047
571381
571884
571070
571508
570674
571429
572027
571366
572203
570551
571881
570807
571989
