299665
300381
299270
300266
300041
299834
299900
300348
299898
300097
300409
300472
299031
299921
300342
299795
299457
301035
299290
299824
300187
300098
300474
300289
299992
298757
299946
300015
300084
299418
300189
299992
299976
299865
300484
299650
299691
300151
299535
299807
300186
299199
300510
299546
299559
299311
299614
299562
299437
300623
300478
299813
299997
300556
300071
300122
300573
299821
299952
299854
299793
300021
300176
299224
300076
300903
300340
300469
299735
299651
300047
299266
300163
299547
299788
300119
299749
299159
299513
300223
300199
300427
299458
300095
299787
300905
300132
299909
299876
300419
299863
300563
299999
299818
298671
299096
300752
299154
300495
299908
300733
300170
300691
300539
299163
300193
300308
299415
300279
299835
299884
300647
299742
299526
300119
298929
300141
300375
300010
299893
300177
300692
299968
299948
300055
299704
300336
300187
300037
299718
300446
299919
298894
300160
299737
299473
300403
299597
299469
299829
300278
299885
299137
299541
300407
299482
299851
300206
300048
299277
300216
300176
300634
299592
301018
299964
300872
300365
299947
300390
300162
300274
300441
300318
300234
300273
300023
300233
300772
299788
300586
300409
300367
300465
299702
300653
300098
299855
300507
300192
300377
300703
300245
299543
299509
299950
299828
299749
299856
299786
300065
300074
299485
299453
299718
300284
299857
300277
300462
299841
299906
299968
300115
300436
300051
299950
300076
298860
299868
300272
300101
299934
300825
300392
300130
300237
300058
300471
299692
300342
300405
299878
299953
299856
300358
299933
300221
299509
299847
300361
300634
299346
299781
299879
300562
300692
299194
300308
300754
299287
300178
299729
299449
300657
300622
299898
299885
300338
300091
299794
299015
300428
299602
299740
300220
299435
300589
299828
298990
299364
299713
300893
299391
299986
300342
298947
300278
299451
299140
299806
299883
300041
300229
299769
299259
300175
300303
299742
299769
300111
299154
299359
300641
299790
300000
299880
300153
299606
299306
299591
300254
300156
300296
299355
300052
300210
300531
300312
299419
299745
299790
299980
300252
299569
299699
299377
299907
300146
300682
299466
299972
300220
299858
299977
300159
300105
300747
299876
300283
300437
299928
299403
299752
299872
300868
300307
299505
299675
299878
299926
299652
300946
299994
300263
300846
300311
300312
300402
299895
300289
299958
300107
300232
300379
299452
300116
299909
300071
299551
299196
299888
299961
300005
300257
299060
301021
300010
299495
299654
299638
299666
299466
300155
301078
299023
299952
300043
300112
299803
299950
299530
300600
300145
299976
299258
299881
300324
299363
300251
299292
300138
300176
299144
300619
299822
300279
299561
299441
300820
299609
299768
299158
300114
299918
298965
300433
300525
299840
299656
299437
299522
300230
299811
299775
299577
299195
300263
298837
300116
299829
299964
299475
300090
299458
300310
299818
300066
299455
299721
300118
300097
299520
299501
299492
299740
300239
299359
300072
300178
299458
300419
299572
300014
300017
300040
300182
299732
300208
299479
299889
299503
299442
299487
300286
299958
299836
299834
300642
299010
299816
301323
299516
300066
300034
300842
299860
300706
300704
299958
299711
300587
299975
299755
299761
299638
299980
299685
300744
300552
299604
299559
300284
299832
299418
299909
300314
299849
299418
300470
300369
300382
299705
299938
299950
300022
299860
300175
300053
300565
300588
300300
299988
300268
300864
299746
300349
300365
300013
299951
300494
299352
300287
299596
299310
300274
300647
299590
299685
300661
299214
299611
300019
299700
300497
300240
299738
299672
300228
300752
299927
300347
299516
300201
299896
299945
300200
299283
300515
299051
299527
300063
300667
300516
299698
299914
299846
299244
299758
300000
299641
300065
300053
299605
299374
299948
299191
300120
299178
299873
300152
300257
300271
300462
300279
300144
299711
300030
299853
299938
299816
300123
300654
300782
299984
299728
299894
299390
300419
301042
299414
300476
299612
300756
299428
300432
299721
299737
300113
299886
300278
300394
299940
300558
300035
299365
300617
299223
300342
299857
300825
300107
299347
299847
300048
299677
300114
299915
299775
299887
299212
299641
299191
300813
300599
300115
299808
299955
299512
299401
299479
300590
300442
300644
299549
299929
299302
300570
300335
300069
299840
300253
299657
301047
300584
300452
300456
300137
299546
299438
299240
299606
300642
300018
300654
299046
299902
299720
299235
300672
299834
299785
300271
299527
301029
300329
299753
299450
300457
300039
299811
300235
300342
299948
300853
299798
300275
300083
301253
299556
299891
299913
300055
299424
300010
300751
299847
300285
300223
300328
299899
300040
299908
300000
299749
299763
299277
299569
299218
300397
299736
299610
300043
299963
300020
301243
299887
299210
299504
299601
300780
300341
299798
299600
299668
299881
299749
300816
300456
299492
298495
299095
300389
299752
300266
300784
299827
299146
300049
299564
300044
299014
299297
300614
300833
299422
300071
300208
299991
299646
299819
300192
300167
300298
300842
301209
300491
300798
300050
300255
300717
299237
299135
300361
300004
299989
300143
299512
299963
300187
300039
300345
300219
299506
300421
299413
299921
300861
299770
299553
300245
301396
300275
299968
299870
300184
299169
300009
299896
300126
299279
299981
300154
300266
299464
300046
300340
298930
300364
300552
300116
300833
299547
299925
300659
299134
300074
299648
300255
300136
300144
299519
300115
299846
299513
300310
300352
299015
299816
300180
299772
300717
300073
300114
300362
300245
299515
300269
298794
299402
298818
300620
300134
300308
300279
300325
300133
300676
299383
299820
299846
299647
299322
299757
300091
299807
299319
300553
299556
299286
300910
299996
299669
299530
299994
300165
300403
299966
299952
300054
300403
299536
299922
300037
299700
300024
299811
300094
299266
299434
300258
299467
299790
300430
299915
300266
300444
299948
299986
300205
299799
300085
300092
299865
300951
299948
300123
299528
300499
299661
299844
299485
300294
300451
299866
300250
300400
300136
300429
300984
300014
300588
299699
300209
299204
299711
300550
300111
299740
299651
300040
299659
299353
300116
300037
300742
300261
299825
300068
300373
300304
299370
300687
299814
299612
300385
300012
299835
300188
299753
300031
299991
299805
301163
299302
299372
300176
300273
299495
299766
299331
299937
299014
299852
299346
300547
301017
299730
299974
299650
300257
300368
300407
299630
299982
300465
300124
300366
299299
300150
299772
299553
298972
299874
300088
300549
299765
300539
299414
299811
299637
299921
299831
299710
300462
300228
300174
299470
300623
300164
299456
300796
300046
300438
299786
300351
299919
300418
300305
300635
301135
299681
299539
300248
299338
299668
300270
300114
299947
300777
300114
300352
299299
300520
299611
299890
299798
300307
300185
299262
300309
300532
300199
299208
299936
299568
300339
299840
299528
300155
298920
300220
299414
299768
300702
300110
300362
300381
299849
299662
300124
