400710
400403
399640
400078
400156
399938
399822
400046
400413
399471
400371
399607
400447
399517
399638
399708
400057
399969
399607
399374
400284
399995
400236
399588
399047
399077
400485
400157
400139
400451
399875
400706
399939
400152
400322
399930
400646
399714
400259
400031
400766
400663
400236
400267
400446
400088
398858
399947
399297
399837
399502
400014
399243
400303
400247
400466
400777
401312
400104
400435
400025
400679
400934
400233
400090
400030
400026
401191
399595
400409
400593
399363
399322
399678
401238
400379
400953
400503
400279
399988
400369
400507
400079
400481
399682
399775
399702
399821
399499
400233
400558
400354
399150
399268
400732
399634
399980
399193
399781
399395
400831
400609
400342
399793
400271
400591
399473
399352
399462
400286
399656
400554
400295
400028
400485
400018
400101
400545
399407
398648
399773
399632
400384
399575
400041
399178
399929
399303
400464
400386
399665
399874
400710
400001
400000
400324
399485
399728
400046
400052
400753
399285
400576
400301
400531
399978
399880
398659
399528
400115
400342
399959
400461
399886
399706
400715
399860
399552
399737
399526
399551
399942
400048
399798
400290
400173
400599
400352
400613
400240
399563
400351
400299
400802
399232
400652
399750
400087
399491
400426
399473
400044
399384
400378
399689
399271
399464
400102
399896
401052
399043
400060
399176
398842
399853
400614
399996
400518
399440
401037
400480
400242
399611
400238
400353
399868
400403
400584
400056
400489
398705
400660
400154
400804
400061
399648
399058
400108
399456
400549
400490
399517
399076
400482
399672
399690
399581
400208
400162
400362
400129
400085
399863
400041
399726
399755
399593
400467
399982
400036
399780
400268
399664
399448
400011
401436
399764
399499
399943
399624
398562
399270
400951
400632
399453
400633
400392
399889
399628
400718
399866
400592
400080
399423
400362
400070
399887
400283
400082
400882
399676
400354
399400
399410
399787
399695
400229
399922
399331
400266
400331
400394
399815
399410
400330
399588
400544
399901
399902
400030
400267
399179
399961
400060
399182
399902
399985
400672
399427
399794
399982
400563
400637
399431
400238
399235
399782
400193
399313
399832
400148
400083
400452
400067
400698
399745
400037
399791
399033
400464
399760
399903
399376
398896
399216
400878
400012
400128
400228
400132
400607
399937
400001
401203
399864
398678
400080
399546
401379
399186
399221
400388
400025
400872
400192
400465
399947
400845
400124
400720
400597
400881
399976
399999
399045
399643
398637
400763
400249
400452
400156
400647
400002
399251
399787
399597
399136
400085
400193
400619
399907
400236
400955
400196
399827
399831
399814
399895
400248
400303
400594
400539
399415
399849
400573
399937
399800
399859
399455
401198
400341
399227
399179
399993
400676
400577
400480
399828
399433
399612
400164
400255
400267
399371
400816
399482
399870
399653
400774
400507
399975
400453
399998
399716
399675
399644
399902
400074
399842
400066
400078
399643
399627
399362
400242
400405
398935
400393
399859
399733
400290
399786
400087
400197
399641
400279
400620
399523
399243
400518
399930
400196
399855
399380
399481
400161
399760
400054
399488
401031
400006
400915
399716
399617
400616
399703
399900
399529
400426
399750
399376
399460
399251
400872
400563
400524
400602
400544
399589
400003
400135
400425
399565
399817
399924
399625
399844
399816
400193
400031
400018
399821
399590
400135
399867
399517
400389
399358
400493
400475
400427
399844
399881
400973
399677
400067
400021
400016
399936
400033
399818
400269
399330
399625
400656
400252
399576
399197
399586
399611
400154
400513
400347
399558
399704
399552
399681
400398
400105
400107
400326
399953
400712
400185
399905
400454
399772
400352
399734
399912
400002
399565
400335
399877
400086
400191
399504
399340
400405
400676
399097
399812
400583
399427
400134
400520
400036
399621
399556
399752
400746
400790
400299
400038
399664
400806
399908
399520
399705
399303
400622
399688
399472
399800
400416
400398
400748
400505
400953
399825
400444
399324
399523
399156
400815
400462
400306
400256
400121
400429
400878
400325
399737
399141
399394
401144
399823
399736
399775
399409
400364
400779
399881
399946
400575
399638
399819
400500
399694
399261
399900
400255
399797
400334
399620
399935
400181
399590
399774
400462
400621
400303
399738
400463
399941
399702
400198
399257
400455
400469
400311
399890
400514
400062
400309
399451
400363
399939
399908
400186
399931
400676
400043
400147
399294
399454
400293
400074
399709
400203
400123
399694
400549
399145
399221
400077
400269
400681
400515
399258
399002
400989
399900
399405
400000
400330
399908
400720
400322
399771
399872
400264
400091
399892
399674
399934
399977
400456
399070
400117
399200
400242
400316
400380
399810
400187
399535
400628
399744
400693
399930
399835
399515
400487
399881
400219
399338
400164
398616
400352
399862
400333
399686
399556
400242
400815
400006
399880
399968
400579
400755
400640
400026
399177
400215
400702
399702
399052
400353
400319
400571
400370
399474
400150
400126
400125
399407
400343
400982
400187
400792
399027
400020
399390
399732
400621
400210
400420
399409
399891
400557
400847
400592
399947
400471
399970
400194
399846
399192
399839
399991
400267
401032
400189
399822
401218
399318
399587
399506
400355
398814
400419
400244
400791
400071
400248
399132
400280
400328
400728
400083
398832
400651
399857
399507
400642
399550
399249
399670
400536
399768
399680
399846
399930
400310
400746
400232
399901
399907
399462
399433
400389
399621
400014
398665
400577
400168
400014
400687
400312
400643
399426
399614
399836
399437
400240
399786
400873
399846
400663
400168
400351
399620
399644
400143
399572
400203
399382
400238
399675
399215
399656
400498
400536
399709
399624
399874
399884
400557
399759
399669
400137
399301
399545
399326
400301
400340
400340
400394
400870
399439
400685
399914
399492
400406
400008
400818
400788
400204
400284
399607
400258
399410
400893
399832
399871
400889
399610
399087
400124
401530
400182
401224
399886
400537
399784
399637
400458
400114
399262
400202
399502
400049
399445
399492
399501
401079
399940
400324
399260
399646
399860
400002
400291
399429
399615
400217
399793
400779
399989
400031
399450
399686
400044
399992
399915
399546
399632
400079
399855
399972
400054
399755
399824
400319
399759
400115
400279
399341
400294
399981
400467
400052
399944
399833
399584
399760
400649
399581
399745
400107
399903
400373
399787
400308
400168
400080
400668
399981
400389
398549
399416
400609
399211
399534
400280
400637
400915
400161
400170
400013
399930
399365
399894
400120
399991
400228
400303
399490
400517
398077
400053
399515
399832
399842
399807
399886
400139
399413
399540
400236
399827
400345
399852
400221
399752
399733
400115
399584
399971
399936
400464
400253
400029
399999
400033
399642
399717
399389
399239
400073
399979
400560
399923
399819
400143
400030
399393
400093
400606
399848
399635
399674
400894
400241
400416
399920
400262
400278
399675
400247
399987
399010
400966
399727
400222
399748
400009
400033
399393
