700901
700369
700166
699607
699829
700370
700227
700366
699830
699042
699467
700563
699705
699869
700177
699278
699616
700180
699912
700198
699822
699218
699628
699752
699457
699726
700324
700139
699613
699849
699535
699095
699688
700778
700011
700158
699860
700839
700485
700744
699914
700039
699764
699559
700217
700497
700547
700365
700391
700193
699880
699559
699810
699936
700095
699239
699877
700011
699878
700405
700365
700327
700238
700005
698991
699903
699567
699949
699870
700154
699804
699997
700164
699762
699985
699644
699677
700367
700275
699734
700358
699720
700844
700077
700068
700201
699448
701523
699909
700154
699926
699772
700884
699144
699655
700078
699733
699578
699683
699819
699972
699076
700383
699607
700065
700730
700046
700103
700217
699241
700360
700167
700885
699311
699818
699153
699827
700246
699575
700106
699410
700218
699344
699461
699887
699756
699800
699754
700006
699788
699796
699544
700284
700784
699686
700252
700061
699700
700049
700060
699562
700128
700279
700085
699429
700724
700442
699895
700021
700233
700491
700408
699837
700194
700672
699702
700452
700399
700287
700637
699241
700597
700524
700321
699317
699570
700056
700464
698994
698603
700446
699723
699465
700094
699386
699920
699917
699945
700152
699157
699731
700338
700247
700178
700548
699346
700563
699806
700568
700337
699924
699949
699151
699897
699499
700261
700227
699561
699751
699444
699643
699125
700131
699895
700415
699597
699649
699912
699945
700179
700317
700343
699245
699583
699655
699321
700371
700646
700353
700823
699603
700433
699808
700026
698930
700469
699792
700419
700527
700069
700193
700492
700646
700353
700553
700153
699563
699554
699811
700075
699735
699888
700578
700012
700161
699418
700317
700231
700243
700071
700541
700486
700234
700344
700601
699089
699928
699301
699841
699425
698953
699446
699294
699792
700304
699774
700291
700065
700349
700235
700580
700522
700046
700100
699742
699519
699897
699887
699685
700117
700053
700946
699934
700177
699962
699852
699725
699984
700513
700367
699522
700537
700688
700416
700367
700045
699633
700564
699391
699262
699518
699253
699483
699990
700441
699591
701154
700403
699666
700391
700091
700328
700608
699845
699753
700078
700401
699953
699726
700098
700670
700745
700366
700112
699995
700183
700408
700352
700381
700796
698973
700179
699941
700340
699946
699350
699982
700632
700020
700391
700149
699884
700358
699968
700283
699583
700585
699896
699393
699814
700032
700115
699818
700012
700108
699926
700064
699817
699748
699946
699207
700748
700007
700248
699890
700256
700510
699595
699727
700719
699757
699350
700087
700284
699692
699795
699264
700194
700489
699476
699838
700340
699886
700046
700221
699623
699654
700100
700093
700201
700349
700176
700280
699780
700005
701199
700148
700812
700438
700163
700472
699823
700623
699674
701114
700081
700497
700549
699867
699904
699477
700277
700053
700633
700157
700403
700110
700043
700444
700620
700855
699936
699349
700320
699731
699257
699812
699871
700182
700573
699926
699962
699868
699911
699974
700133
700546
699799
699571
700170
699730
700691
699577
699851
700194
700902
699497
699645
700089
699573
700320
700051
701097
700241
699622
699956
699864
701002
700865
699376
701285
700422
700483
700158
699583
699859
699911
699603
699842
700250
700129
699639
700275
699793
700005
699355
700259
700085
699517
699976
699842
699888
699096
700305
699654
700654
699986
700066
700043
699885
699652
699857
700220
699293
699740
700824
700513
699965
699741
700232
699872
700176
699892
700046
700104
700044
699348
699807
700509
699784
699971
699220
699517
699765
700493
700031
700509
700056
700370
700579
700027
699735
699998
699578
700097
699653
700490
700284
699581
699666
699948
700771
699771
699594
699630
700271
699876
699444
700634
700243
699949
699425
699526
700053
699702
699621
700053
700049
700473
699794
699171
700344
699715
700803
699511
699508
700691
699449
699928
699938
700284
700850
700272
699448
699935
700307
700712
699556
699648
699683
700308
699664
700286
700669
700092
700376
700710
700359
700382
699667
699781
699485
700032
699648
700664
699168
699762
699811
700747
699877
699525
699413
700083
700427
698893
699906
699422
700266
699358
699850
699770
699917
700137
700327
699572
699473
700262
700691
699414
700506
699424
700290
700013
700046
700248
699512
700308
700078
700196
700166
700529
699477
699972
700296
699604
700125
699033
699911
699848
699501
700577
699838
699731
700080
700181
700655
700128
699851
700025
699659
700046
699740
699552
699853
700526
699486
699871
699834
700223
700352
700075
700222
700616
699906
699407
699172
698927
699127
700321
701001
700479
700370
700191
699995
699849
700626
700159
700593
699932
699478
700413
700167
700457
699735
699237
699289
700573
699967
699577
700268
699972
699725
700252
701009
699482
700434
700044
700727
699798
700125
700055
699424
699543
700359
699973
700028
700711
700065
699959
699899
700541
699693
699954
699852
699377
699295
699906
699631
700167
700639
698804
700692
699529
700097
700239
700047
699382
700352
699491
699491
700502
699263
700161
699041
699990
699595
700449
700015
699261
700050
699903
699622
699888
699770
699824
699947
700715
699925
700207
700176
700307
699906
700309
701017
699156
699898
700136
699758
699543
700502
700731
700466
699924
700346
699706
699911
700768
700356
699847
701380
700218
700355
699722
699943
700525
699621
700189
700200
700283
700105
700942
700287
700074
699679
700207
699604
699918
699852
700197
700044
699946
699826
699668
699327
700137
700480
698963
701575
699548
699308
700150
700188
699378
699179
699954
700029
698297
700379
700024
699648
700253
700632
699433
699918
699757
700217
700028
699395
699077
699348
699581
700280
700663
699692
699645
700629
699660
699421
699759
700275
700113
699701
699580
699573
700346
700099
700781
700362
699850
700748
699876
699691
700079
699827
699309
699386
699896
700173
699900
700613
699623
699962
700132
700212
700833
700519
700753
699794
700044
699665
699910
700151
699134
700592
699809
700289
699455
700474
699902
700391
700196
700129
700010
699163
700062
699960
699392
700846
700546
699748
699124
699207
700635
699138
700697
700418
700255
700408
700579
700038
699709
700420
699994
699265
699752
700489
699959
699407
699677
700240
699578
699984
698831
699489
700111
700227
699334
699867
699595
699244
700192
699294
700304
700704
700091
699579
699835
700087
699931
700331
700001
699616
699467
699346
700318
700247
699603
700016
699965
699911
699590
700075
699405
700365
701262
700131
699712
700708
699824
699866
700095
699699
700124
699938
699902
700412
700388
699664
700829
700008
700770
699701
700460
699056
699799
699865
699619
700227
700529
699928
699534
699856
700367
700397
700466
700307
700003
700082
699241
700255
700887
700024
699717
700192
699751
699750
700032
699866
699952
699884
700668
699716
700319
700182
699957
699742
700260
700179
699185
699441
700683
699381
700496
699814
699511
700106
699984
700517
700157
701224
700989
699934
699355
700454
699715
699961
700397
700962
699944
700568
