600232
600507
599867
599624
599805
599643
599747
599081
599614
599867
600383
599261
599774
600264
600020
600115
600274
600048
600171
600195
600015
599256
600332
599305
600971
599869
599864
600520
599829
599981
599634
600326
599585
599690
599422
601069
600118
599117
600103
600122
600426
599586
600445
600005
599090
600692
600562
599154
600286
599752
598913
600419
599779
599715
599582
600999
600144
600273
600244
598888
600571
600107
599855
600412
600018
600439
599989
600375
599326
599871
600246
599425
599761
599419
600064
599914
600628
599610
600404
600249
600070
600112
600122
599562
600068
600217
600146
599895
598965
599987
599774
599434
599527
600428
599654
599062
600084
600036
600354
600063
599366
600577
599650
598847
599966
600170
599634
599855
600132
600008
600390
599916
599911
599913
600036
599845
599890
600597
599335
600014
600839
599734
600525
599839
600400
599200
600208
600214
600753
599521
599674
599952
600305
600371
599340
600483
600220
598926
599557
599652
600566
599569
600386
600462
599189
600614
599813
600411
599919
600355
599847
599927
598688
600220
600276
599827
600001
600366
599139
601055
600369
599984
599898
600322
599581
600228
600051
599320
600326
599308
600134
599642
599949
600292
600247
599957
600306
600272
599885
600796
600201
599874
599721
599555
600005
599807
599084
600284
600016
599842
599337
600281
600158
600453
600272
601309
600430
600801
600263
600733
599795
599480
600347
599735
599577
599234
600628
600445
600887
600348
600561
599170
599284
600441
599631
600697
599188
599399
600080
600552
599847
600950
599357
599932
599630
599881
600298
600974
599930
599966
599839
599952
600068
600272
599752
600346
600129
600488
599245
600455
598870
599773
600553
599899
600127
600259
599965
600239
600685
600299
600565
599819
598962
600187
600267
599908
600901
600148
600167
600169
600791
599406
599188
600047
599647
600489
599945
599541
599880
599251
600212
599676
600344
599577
599680
599658
600026
599194
598730
599095
599901
600275
599724
600169
599024
599906
599658
599067
600102
599382
600878
598503
600330
599281
600189
600440
600165
599484
600193
599442
600301
599974
600319
599860
599657
600115
600627
599833
600379
599669
599888
599471
599667
599808
600081
599950
599875
599918
598903
600665
600358
599246
599788
599303
599866
599520
600351
598892
600398
601025
600516
600073
599854
599606
600267
599358
600082
599852
599352
600241
599864
600362
599611
600180
599097
600343
599813
600363
599638
599891
599749
600350
600082
599984
599993
600009
600198
599816
599957
600703
600742
600532
600091
600476
599652
600297
600008
600317
599576
600603
599310
600026
600322
600273
600276
600822
600291
600108
599841
599849
599585
600140
600008
599973
599708
600637
600558
600978
599851
599826
599920
599883
599888
599840
600434
600062
599920
600025
600040
601472
600246
599788
598919
599871
599671
600157
599567
599649
600352
601103
599723
600333
600149
600463
599836
600873
600364
600385
601191
599726
599660
599437
599985
599563
599690
599931
599923
600346
600530
600133
601038
599481
599804
600016
600548
600498
598931
599770
599711
599284
600509
599433
599840
600113
600459
600761
599776
599194
600749
600097
599652
599387
599786
600058
600197
599381
599511
600167
599482
600071
600407
600564
599862
600470
599888
599927
599674
600203
600079
599456
599949
599330
599728
600008
600132
599587
600207
599502
599782
600030
599431
600466
600130
599408
600293
599367
599835
599632
599192
600732
600319
598937
600702
600379
599618
599265
600497
600084
599928
600214
600532
600301
599252
599915
599664
599725
599795
599661
600500
599373
600702
600280
600109
599781
600098
599827
599370
600161
600461
600726
600008
600032
600478
601036
599672
599857
600518
600386
599874
600063
600746
600475
600413
600172
599814
600327
600055
599929
599886
600264
600197
600555
599871
600034
600061
599661
599764
600268
599723
600317
599717
599014
600669
599560
600024
600380
600221
599146
599041
599766
600860
600100
600523
599276
599957
599358
599844
599999
600814
600187
599560
600446
600641
600409
600036
600241
599723
600152
599942
600640
600210
599208
600088
599874
600355
600236
599338
600087
600316
599528
599752
598944
600059
599688
600172
600612
599846
599540
599708
599645
599774
600070
599559
600984
600411
599665
600137
599341
599820
599701
599497
600215
600159
599560
600605
600168
600013
600568
599104
600338
600021
600380
600291
599919
599880
600427
600095
599394
600332
600226
600307
599639
599660
600302
600074
599858
600745
599359
599529
599672
599940
599901
600703
600475
599874
598969
599808
599992
600148
599851
600317
599630
600023
599517
599238
598997
599408
600065
600173
599167
600416
599402
600633
600232
600625
600667
600262
600797
600353
599531
600646
600434
600549
600069
600295
599171
600339
599785
600589
599165
599340
600074
599733
599558
600153
600433
599814
599593
600353
599401
599718
599444
599427
600667
600607
599346
600103
600376
601327
599817
601114
600064
599880
600281
599759
599819
599554
599056
598733
600174
598852
601533
599593
600651
599687
599865
601143
599262
599831
600386
600357
601232
599601
599736
600153
599104
599932
600385
600474
599405
600261
599824
599661
599654
599579
600151
599800
599954
600034
600518
598998
600344
601177
600087
599669
599951
599873
600213
600542
600522
599672
598945
599948
600311
600865
599303
600071
599232
599324
599713
600121
599022
599886
599834
599312
599016
600389
600734
600968
599647
600197
599750
599444
600245
599608
600414
599759
599584
599812
599468
599714
599471
600070
600311
601044
600194
600113
599898
600081
599203
599654
600009
599434
599949
599782
599738
600764
599828
598527
600497
599637
599902
600389
600282
600500
600131
599855
600048
600157
599736
599612
599549
599666
600804
600380
598713
598911
598969
599639
600259
599794
599986
599844
599629
599849
599862
600049
600100
600026
600065
599997
599406
599574
600617
600165
600570
599475
600218
600221
599849
599880
600226
600654
598941
599971
600242
599926
599312
600031
599562
599456
600838
600174
600203
599514
599340
600129
600086
599436
599477
600344
600463
600344
599525
599682
599920
599844
600163
598815
599554
600805
598754
600057
599006
599982
600929
600989
600501
599758
599801
600176
598891
600000
599247
599583
598916
598942
600415
600181
600140
599509
599673
598945
599693
600495
600134
600529
600256
599373
600452
600638
599943
600080
599981
600400
600298
599755
600342
599951
600210
599795
600794
599786
600566
600140
600286
600064
601712
599933
599964
599787
599293
599929
600688
599842
600137
600888
600336
600151
599705
599436
599783
599795
599788
599256
599744
599959
600190
599925
600095
599689
600526
599880
600262
600097
599698
599618
599323
600148
599581
600053
599987
600734
600016
600437
600078
599438
601172
599897
600559
599527
600216
600833
600530
599495
600552
599565
600366
600029
599777
601278
600344
598938
599399
600067
599724
600055
599613
600445
601322
600459
599905
600010
598713
599805
599906
599972
599212
600233
599656
599768
599327
599470
600111
601265
601123
600080
599934
601138
600238
