530726
531028
531471
531231
530730
531914
531321
532137
531705
531303
531346
531300
532012
532753
531562
531292
532028
531242
532276
532003
531515
531472
531211
532057
532044
530704
532403
532196
531713
531229
532363
531928
532030
531706
531574
531600
531650
530959
531434
531315
532438
531468
532265
531416
531128
531176
531298
531686
532119
532038
531383
531886
531385
531434
530782
531728
531140
532158
531835
532322
531745
531471
531075
531954
531109
531490
531653
530931
531389
531070
531797
531133
530792
531706
531669
531449
532198
531497
531854
531417
530931
531559
531746
531346
531248
532265
531259
531338
531516
531404
532198
531577
531696
531404
530857
531280
531168
531781
532112
531777
531980
531264
531592
531056
530807
531215
530773
531332
531615
531755
531360
531495
531871
532136
531449
531479
531650
531051
531373
531219
531494
531878
531610
531474
531572
532365
532212
531392
531002
531409
531163
531349
531450
532217
530948
530953
531784
531119
532149
532424
530997
531480
532381
531295
532042
531966
530957
532063
530915
531172
531005
531930
531664
531756
531352
532182
531553
531286
531579
531040
531404
530768
531799
531261
530937
532040
531190
532090
532068
531428
531111
532251
531617
531718
531402
531735
530708
530356
531588
531805
531945
530832
531359
531955
531981
531719
531508
531541
531480
532423
531040
530539
531346
531772
532459
531136
531198
530791
532132
531524
531711
531300
532341
531955
531713
531432
531832
531922
532429
531188
531653
531045
531776
531385
532469
530766
531740
531379
530794
531895
531252
531898
532497
532426
531141
531681
531818
530917
531550
530583
532073
530913
531670
531090
531417
532122
531620
530312
531536
531938
530857
531520
531667
531365
531861
531443
531490
531341
530877
531658
530495
532569
531760
531448
532046
531100
531940
532534
531900
531437
531641
531623
531142
531723
531898
532275
532166
531977
531768
531923
531218
531811
531684
532050
532069
531480
529982
531597
531262
531149
532324
531375
531000
532174
532097
530939
531223
531720
531049
531300
531639
532010
530839
531022
531092
532434
531759
531631
531504
531343
531944
531699
530949
531723
531937
531241
531512
531045
531555
531521
531571
531511
530486
531824
531036
531512
530761
531077
532487
532265
532311
531100
531189
531444
531378
531248
531673
530894
530197
531918
532302
532244
531504
531683
532415
531514
531136
531718
531273
531511
530627
531600
531158
531891
531220
532285
532107
530100
531085
531135
531320
531004
531875
531433
531417
531566
530801
531686
532517
531217
531084
531387
531069
530602
530012
531631
531260
531257
531341
531630
532159
531596
531804
532094
530790
531236
531097
530543
531595
531274
531493
531487
531979
531185
531847
531881
531879
532186
532454
532027
531156
531164
531803
530862
531195
532173
531676
532038
531352
532329
530897
531864
531794
531850
531419
531581
531769
530848
532115
532413
531472
530659
531071
531639
530941
531610
531779
531419
531621
530971
531668
531921
531327
531101
531531
531108
531903
531340
532042
531256
531731
530539
532127
532088
530758
532424
531447
532155
531447
531579
531992
530943
531340
532120
532135
531526
531647
531041
530450
530877
531127
531737
532758
532230
531518
532130
530925
531041
531487
531653
531206
531557
530976
531794
532523
532102
531517
532604
531710
532356
531341
531016
531419
531461
531697
531334
531999
531227
531701
531223
530589
531909
532722
531896
532206
531010
531727
531538
532055
531677
531679
531638
530955
531415
531374
531497
532160
530856
532126
530641
531330
531384
531715
531264
532070
531916
531536
531353
531645
531996
531442
531341
531675
531851
531274
530999
530716
531333
531830
531221
531734
531217
532167
531664
531028
531219
531474
530722
532457
530853
530298
531676
532319
531129
531362
531676
531266
531764
531792
531483
531805
530930
532136
530984
531225
530864
531806
531852
530767
531100
531756
531329
531281
532558
531541
531374
531464
532070
531819
530575
531620
531016
531793
531741
531157
531583
532068
531031
531772
532083
532034
531671
531774
531725
531291
531698
531729
530890
531877
532234
531327
531114
530469
530912
532232
531511
530678
531349
531229
530848
531910
531392
532089
531532
530480
531261
531566
531782
530931
531745
530461
531138
531922
530956
531316
531583
531463
531887
531735
531665
530938
531759
531467
531694
531395
532157
531967
531249
531139
532593
531617
532479
532103
531025
531807
531393
530798
530352
532129
531236
530706
531794
531677
531162
531594
531667
532470
531708
531563
531473
531445
530744
531781
531101
531363
531141
530952
531351
531511
531609
532108
531023
531091
531715
531833
531903
531382
530679
531706
531789
532611
531201
532221
532040
530926
531604
531467
532096
531347
531179
531465
531511
531823
530859
531092
531635
531500
531603
531764
532377
530999
532222
530415
530899
532570
532212
531491
532222
531913
531438
531428
531894
532217
531652
530976
531356
530477
532451
531890
531461
531649
531921
531563
531062
530966
531539
530502
532009
531471
532059
531293
530919
531587
532140
531492
531478
531207
531456
531646
531006
530237
532612
531919
531036
531795
531600
531772
531610
530904
531174
532152
530848
531038
531390
532318
531508
531775
531604
530795
531710
532214
532595
531629
532025
530842
531437
531430
532090
531730
532020
531451
531733
532057
532362
532009
531890
531549
531718
531577
532104
531721
531026
531149
531406
532259
531922
531083
532849
531907
530453
530881
531524
531388
531929
531865
531297
531122
532296
531888
531320
531982
531638
531065
532257
531575
531667
531518
531908
530520
531943
531385
531784
531560
531614
531445
531607
531476
531198
531565
531520
531836
532631
532349
531065
531386
531674
531965
531042
531737
531579
531496
531427
531019
530757
531872
531449
531362
531091
530576
532134
530900
530418
531967
532348
531644
532421
531785
531857
531525
531349
533062
531480
531777
532326
531879
532098
531218
531422
531990
531496
531032
531323
530674
531481
531475
531771
531163
531216
531862
531503
531108
531394
531633
531520
531459
531955
531362
531670
531359
531292
531581
531951
531436
531579
531123
531397
532224
531761
531031
531171
532316
531199
531608
531528
531894
531351
530739
531636
532002
531246
531947
532425
531725
530840
531947
531692
531088
531263
532090
532084
530962
531826
531692
531866
532337
531909
531571
531771
531790
531997
531984
531232
531423
531719
530996
531319
530741
531552
532094
531870
532397
531716
531837
530413
532397
531853
531236
531528
531657
531512
532621
531933
531224
531333
531478
531436
531736
530285
530583
532191
531312
531856
531153
531252
531719
532012
531899
531680
531658
531580
532832
531960
531761
531781
531198
531468
531731
531600
531672
531567
532745
532351
531511
532895
531817
531743
531648
531777
531195
531005
532049
531696
532025
531088
531586
531326
532197
531415
531537
531511
531623
531423
531876
531900
531371
531353
532159
531775
531229
532157
532224
532018
531953
530466
531224
531679
530873
531494
531650
530847
531401
530925
532068
531502
531190
531550
530751
531689
530890
532074
