621492
621188
620480
620989
620472
620552
619755
620489
620870
620797
621175
620667
621266
620891
620137
620591
620658
621532
620331
622045
621357
620492
621043
620512
621024
621340
620760
620510
621319
620447
619609
621198
620176
620879
622098
621647
620787
620418
620757
621769
620872
621080
620960
620898
621213
619956
621320
620707
619684
621099
620650
621095
621543
620882
621090
620335
620626
620020
620905
621621
621068
620743
621349
620941
621445
620812
621196
621255
620823
621242
621414
621485
620964
621038
620859
621830
620399
620872
619667
621602
621518
620784
620926
621530
620487
621364
621768
620248
621129
620195
621865
621128
621409
620581
621284
620905
620754
620472
621517
621576
621468
621051
620709
621435
621277
621617
620985
621683
621737
620688
620522
620490
621202
620698
620181
622212
621012
620509
620712
621055
621267
620837
620459
621703
620851
621059
621196
621660
620690
620587
621521
620343
620382
621319
620879
620625
621041
620264
621281
621301
621533
620476
620864
621307
620856
620838
620729
621171
620667
620696
620314
620491
621026
620935
620714
619999
621302
619981
621685
620213
621303
620881
620776
620734
620916
620593
620935
621570
620803
620697
621272
621129
620913
620574
620257
619816
621774
620647
620758
621074
620901
620279
621341
621529
621270
621076
620694
620694
621147
620306
620425
621230
619519
620627
620812
620849
620731
620829
620726
620584
621004
620760
620930
620473
620312
621052
620503
620410
620627
621145
620673
620637
620359
621099
620416
620556
621094
621399
620079
620880
620423
620213
620827
619922
620884
621630
621688
621254
620897
620822
620987
621062
620417
621003
620956
620816
620557
621629
620326
621030
621025
620925
620394
620752
620714
621039
620992
621318
621369
621201
620742
621013
621217
621349
620009
620991
620896
620526
619946
620068
621160
620613
620248
620794
621001
620891
621853
621100
620938
621099
620355
620610
620634
620877
620950
621493
621885
621571
620930
620056
620691
621403
621305
620492
621010
620177
620742
620521
621063
620678
620487
620792
621015
620163
621200
620303
620684
620477
619837
620134
621411
622185
620804
621191
620691
621565
621232
620634
620967
621501
620814
620658
620329
621352
620537
620770
620880
620035
620307
621350
621030
620988
620835
620964
621188
621727
621158
620781
620353
621087
621294
621174
621423
620607
621142
619882
620529
620232
620918
620840
620909
621419
621209
620452
620711
620825
620368
621235
620789
621438
621809
620195
620339
620908
620095
620941
620491
620781
621566
620423
620388
620735
621402
621067
621161
621543
621651
621710
621157
620943
620611
620529
620994
621300
621272
620452
621038
622092
621602
621220
620531
621178
621360
620268
620821
621421
621422
621084
620616
620646
620329
620967
620573
621023
621275
621688
620791
620798
621723
621711
621042
620485
620543
620826
620828
619951
620808
621146
621726
621111
620872
620687
620406
620283
621082
620275
620051
620825
620514
621217
620717
620619
620616
621235
621646
620619
620113
621092
620303
621506
620761
620675
621207
621419
621178
620015
620467
621382
620903
620082
621215
620712
621723
621488
620854
620243
620818
620582
620711
620675
621117
620789
621202
621223
620350
621267
620656
620891
621074
619983
621510
621590
620850
621430
620371
621035
620326
621010
621460
620637
621439
620380
621544
620752
620044
620539
621425
620879
621342
621054
620830
620757
620463
621773
621180
621463
622083
621084
620472
621917
621699
621326
621003
621305
620469
620443
621207
621613
621114
621160
620439
620323
621576
620348
620931
620442
620358
621005
621695
620362
621456
621400
619923
620263
621002
621134
620264
621242
621294
621040
621552
621197
620918
620625
621006
621003
620823
621045
621151
620382
621744
620622
620302
621185
620649
621614
619910
621069
620664
620766
621366
620370
620897
620549
620463
620908
621879
620502
620180
621558
621048
620838
620959
620860
620930
620605
621136
620716
621240
620850
621711
620349
621022
620625
620624
621624
620720
621270
620889
621403
620693
620931
620942
620787
620703
620691
620524
621422
621370
620937
619736
620775
620921
621080
621382
621240
621491
620958
621702
620739
621675
620790
620921
620259
621296
620663
620377
621464
620735
621492
621997
620670
620905
620323
621228
621002
621897
620186
619947
620991
620468
620201
620824
621137
620639
620724
619674
621322
622091
621004
621210
620996
621153
621265
619849
620551
621001
621378
621127
620031
620648
620986
621180
620518
621171
620449
620580
620623
620057
621062
621084
620761
619775
620564
620722
621029
620760
621319
620790
621210
620595
620528
621011
620751
620423
620215
621288
621512
621645
621387
621271
620871
621263
620606
621002
621281
620487
621908
620634
620592
621278
621067
621009
621490
619916
621638
621136
620357
621409
621450
620566
620254
621095
620950
621197
621557
621096
620915
619934
620724
621580
620984
620271
620682
621998
620611
620581
620658
621297
620874
620122
620423
621540
621040
620750
620687
620399
621034
620614
620010
621116
620765
620611
621330
621260
620540
620001
621632
620944
620815
621306
620000
621820
621585
621178
620891
620611
621594
620674
620331
620053
620325
621724
620438
620134
620736
621086
621253
621044
620997
620539
621492
621374
620412
620689
620941
621124
620786
620826
621222
620360
620277
622305
621261
621423
621101
621354
620616
621609
620461
621169
621102
620984
620915
620202
621664
620357
620662
620583
621215
621175
621004
621183
621745
620624
620976
620729
620905
620933
620228
620462
620497
621392
621251
621291
621368
621469
620732
620219
620901
620225
620722
620655
620308
620430
621012
621228
620209
620407
620626
621140
622022
620640
621073
621104
620177
620008
620766
621026
620494
620837
621673
621573
621368
621124
620423
620841
620555
620088
621304
620594
620730
621530
620799
621864
621154
620921
621420
621330
621010
620149
620720
620221
621638
621193
621329
621118
620805
621873
621577
621143
621417
621192
621808
620762
620531
620633
620150
621669
619638
621164
620999
621407
621438
621863
621504
621295
620314
622006
620314
621029
621046
622535
620605
620780
620766
621334
621393
620972
620955
620097
620646
620473
620993
620396
621037
620847
620917
620081
621455
620987
620686
620916
621388
620062
621470
620363
620622
620268
620665
620206
621671
621169
620549
620952
621615
620691
620931
620685
621759
620901
621229
620088
619801
620769
621243
621282
620804
620647
620905
620692
619868
620690
620953
620987
620718
620172
620389
620566
620630
620370
620521
620894
620813
621233
620664
620700
619760
621552
621421
621219
620566
621306
621018
621417
619996
621807
619798
621170
620441
620419
621398
620338
621266
619944
621130
621289
621305
620678
621605
620971
621219
621044
620212
620843
621437
620990
621072
621502
620465
619608
620909
619870
620768
621178
620921
620818
620561
621350
621124
620819
620917
620633
621305
620304
620367
620672
620758
620995
621337
620831
621158
620500
620629
620812
620894
620660
621792
621646
621306
621698
620467
621527
621256
621183
621147
621600
621219
620875
621358
