914089
914586
914709
914435
914600
914554
914618
913970
914243
913949
914334
914958
914499
914781
914386
914561
914265
914727
914195
914629
914606
914289
914427
914306
914268
914435
914309
914547
914786
914153
914406
914436
915019
914344
914852
914722
914626
914293
914572
914882
914620
914209
914263
914730
913879
914710
914276
914716
914045
914609
914122
914615
914182
914259
914685
914209
914439
914672
914299
914167
914484
914648
914453
914814
914417
914456
914233
914419
914435
914311
914219
914358
914223
914385
914299
914227
914190
915252
914682
914710
914439
914473
914583
914980
914326
914635
914122
914590
914463
914006
914072
913507
914503
914345
913956
914734
914254
914387
914122
914210
914632
914487
914593
914079
913918
913924
914683
914703
914473
914471
914829
914402
914442
914635
914397
914081
914223
914883
914291
914718
914681
914313
914476
914091
914672
914638
914411
914467
914236
914365
914596
914159
914497
914882
914254
914571
914042
914491
913941
914217
914691
914237
914168
914024
914169
914621
914093
913392
915016
915042
914573
914234
914332
914584
914176
914360
914682
914524
914355
914488
914084
914539
914514
913887
914636
914404
914407
914204
914284
914526
914759
914330
914137
914616
914455
914636
914432
914506
914707
914450
914631
914799
914572
914024
913904
913861
914795
914659
914502
914352
914180
914058
914039
914165
914339
914321
914499
914380
913903
914337
914309
915021
914878
914739
914377
914812
914886
914464
914541
914133
914601
914236
914541
914184
914357
914420
914668
914546
914647
914520
914218
914775
914303
914215
914463
914434
914397
914224
914463
914424
914622
914471
914627
914925
914122
914301
914766
914741
914196
914397
914388
913910
914428
914321
914549
914744
914740
914720
915039
913800
914589
914246
914239
914471
914810
914953
913982
914132
914096
913773
914308
914047
914732
914266
914386
914929
914144
914488
914308
915238
914736
914730
914629
914002
914437
914693
913907
914437
914855
914447
915152
914396
915212
914084
914598
914820
914456
914551
913934
914622
914325
914669
914383
914863
914630
914395
914091
914324
914068
914108
914311
914297
913933
914127
914544
914549
914345
913991
914453
914668
914504
914128
914081
914113
914419
914270
914403
914365
914215
913897
914563
914406
914220
914829
914488
913842
913985
914695
914172
914396
914033
914549
914572
914717
914602
914097
914429
914173
914524
914134
914496
914137
913975
914487
914518
914601
914612
914264
914047
914306
914484
914835
914388
914473
914757
914939
914277
913853
914809
914446
914704
914275
914234
914980
914507
914842
914529
914341
914124
914254
914525
914116
914187
914102
914550
913858
914281
914381
914347
914312
914903
914578
914630
914402
914527
914251
914646
914832
914130
914364
914335
914228
914475
914863
914185
914123
914550
914604
914488
914266
914712
914685
914351
914067
914215
914569
914283
914287
914713
914672
914498
914372
915069
914110
914422
914266
914396
914444
914699
914347
914660
914259
914758
914538
914426
914572
914969
914397
914232
914046
914031
914127
914065
914437
914462
914347
914686
914916
914425
914616
914341
914384
914249
914067
914667
914166
914152
914386
914775
914128
914307
914801
914075
914365
914365
914477
914456
914961
914623
914756
914559
914681
914172
914287
914641
914156
914575
914190
914394
914372
914045
914713
914260
914883
914425
914734
914186
914572
914787
914427
914428
914373
914336
914272
914411
914432
914632
914154
914236
914315
914932
914333
914177
914705
914370
914500
914677
914415
914084
914840
914298
914753
914763
914013
914651
914944
914524
914497
914289
915069
914182
914212
914245
914610
914720
914240
914223
914381
914616
914181
914715
914094
914211
914289
914371
914786
914882
914133
914288
914993
914212
914201
914462
914965
914508
914700
914755
914307
914473
914513
914456
914396
914846
914311
914430
914490
914338
914713
914404
914327
914415
914644
915330
914240
914410
914499
914385
914880
914750
913898
914748
914349
914710
914788
914367
914197
914132
915228
914662
914696
914459
914848
914123
914332
914588
914523
913993
914203
914137
913793
914185
914545
914207
914377
914564
914634
914113
914011
914337
914576
914713
914496
914435
913709
914456
914434
913923
914859
914615
914160
914172
915587
914368
914469
914601
914276
914809
914691
914752
914365
914152
914924
913994
914284
914361
914672
914547
914097
914609
914823
914592
914555
914657
914907
913950
914522
914825
914241
914446
914917
914901
914629
914307
914299
914377
915065
914297
914409
914594
914331
914494
914436
914713
914421
914207
914607
914811
914477
914390
914484
914756
914567
914124
914317
913746
914093
914758
915029
914153
914955
914468
914379
914448
914797
914318
914448
914620
914070
914226
914248
914385
914843
914243
914660
914773
914712
914637
914690
914780
914533
914134
913989
914267
913874
914670
914666
914483
914267
914641
914478
914272
914239
914698
914971
914033
914666
914600
914375
914786
914250
914845
914594
914227
914656
914444
914370
914411
914440
914800
914123
914486
914423
914847
914255
914792
914661
913982
914651
914950
914114
914641
914574
914292
914655
914443
914353
914051
914612
914140
914516
914312
914246
914404
914320
914581
914106
914645
914354
914768
914531
914982
913961
913997
914282
914088
914326
914377
914009
914516
913983
914139
914286
913898
915057
914878
914755
914073
914383
913942
914333
914113
914625
914798
914341
914769
914470
914445
914137
914456
914063
914607
914271
914714
914549
914588
914497
914894
914103
914284
914428
914915
914121
914754
914659
914297
914640
914647
914102
914647
914398
914691
914571
914235
914073
914492
914084
913975
914475
914615
914508
914200
914333
914122
914721
914006
914645
914663
914632
914311
914300
914325
914411
914668
914230
914483
914351
914255
914103
914364
914209
914444
914429
914645
914117
914482
914754
914338
914420
914407
914142
913539
914754
914581
914437
914278
914593
914135
914428
914559
914788
914470
914351
914485
914657
914376
914230
914115
914392
914614
914597
914386
913984
914585
914270
915024
914229
914692
914207
914729
914678
914371
914693
914246
913917
914415
914533
914511
914397
914038
914517
914283
914183
914519
914654
914199
914366
914186
914303
913967
914623
914336
914356
914595
914662
914451
914521
914270
914370
914392
914462
914579
914360
914123
914500
914436
914604
914751
914446
913941
914413
914954
915124
914396
914324
914461
913989
914666
914184
914564
914498
914752
914307
914771
914132
914397
913775
914442
914818
914454
914631
914475
914349
914571
914317
914771
914453
914655
914966
913857
914647
914145
914594
914558
914556
914329
914719
914114
914357
914505
914455
914461
914097
914357
914219
914954
913509
914059
914303
914623
914651
913845
914535
914408
914280
914533
914705
915067
914044
914708
914004
914107
913927
914646
914627
914073
914758
914246
914356
914612
914929
914351
914246
914677
914460
914166
914333
914058
914328
914838
914710
914369
914393
914494
914514
914602
914467
915000
914465
914282
914433
913685
914220
914248
914830
914160
914315
914483
914117
914683
914303
