817375
816177
816601
815778
817327
816410
816441
816887
816510
816938
816500
816360
815881
817364
816828
816406
817106
816549
816957
816950
816223
817053
816807
816595
816581
816089
816735
816811
816944
816758
816473
816754
816456
816884
816474
816506
816822
817093
817184
816771
816714
816550
816336
816685
817674
817274
816701
817018
816267
816690
817107
816506
816680
816884
815984
816889
816648
816336
816403
816974
817064
816261
816812
816471
816275
816376
816601
816695
816224
817061
817332
817279
816482
816608
816884
816554
817283
816631
816709
817153
816024
816928
816048
817348
816306
816605
817252
816345
816796
817109
815807
816729
817032
816409
816556
816076
816070
816647
816778
816509
816134
816810
816230
816418
816555
816711
817339
815728
816492
816087
816807
816422
816721
815814
816938
816559
817319
816719
816345
816897
817147
816498
816705
816519
817002
816922
817283
816466
816290
816685
816796
816889
816428
816696
816096
816956
816696
816651
817294
817130
816844
816184
816272
815735
816555
817003
816515
816883
816842
816648
816565
816792
816800
816438
816666
816358
816569
816635
816248
816879
816887
816611
817132
816271
816991
816052
816616
817449
816618
816499
816395
816421
816942
816463
816565
815862
815486
816998
816705
816693
816676
816302
816747
816377
816423
816587
816735
816735
816557
816269
817041
816872
816769
815997
816883
816759
816366
816451
816072
816072
816453
816798
816364
816571
816446
816681
817232
816756
816459
815938
816611
817417
816668
816861
817441
817705
816810
816846
817311
816889
816784
817066
817008
816565
816150
816401
816664
816545
817438
816772
816910
817106
816334
816853
815812
816931
816703
816892
816686
816251
817066
816986
816968
817643
816958
816504
817239
816542
816438
816564
816342
816212
816615
817203
817414
817296
816692
816582
816902
816717
815925
816561
816237
816649
816810
816848
816966
816835
817143
816715
816317
816685
816578
816187
817069
816992
816544
816086
816844
816934
817099
816442
816204
816619
816656
816632
816423
816430
817694
815841
817019
816932
816381
816644
815680
816603
817016
816690
817410
816243
816558
816508
816849
816404
816118
816893
816675
815766
817171
816617
816900
816299
816580
816495
816560
816672
816209
816649
816992
816124
817116
816725
816194
816187
816408
815990
816933
816846
816471
816655
816696
816503
816479
816567
816314
816271
817153
816050
816927
816042
816758
816882
816566
816505
817386
816490
816952
817140
816167
816450
816603
816414
816820
816493
816125
817473
816743
816442
816637
816402
817007
817377
816793
817361
816578
816931
816332
816070
816157
816588
816194
816807
816584
816668
815850
817172
817415
816708
817575
816545
816450
816548
816457
816692
816535
816223
816070
817397
817524
816594
817209
816219
816661
816152
816937
816302
816716
816000
816500
816840
816369
816643
815940
817538
816458
816498
817016
816838
816816
816873
817196
816115
817275
816841
817562
816533
816701
817079
817094
816783
816902
816909
816494
816699
816789
817144
816760
817190
816063
816321
816133
817073
816202
817401
816862
816310
816181
816974
816900
817097
817316
816881
817101
816658
816188
816798
816657
817331
817272
817292
817098
816945
816942
816257
817224
816439
815801
817261
816804
817375
816799
816638
816688
816728
816478
817414
816753
816646
817076
817122
817223
816778
816553
816106
816552
816722
816510
816286
816112
815856
816920
816518
815798
816113
816501
816732
816700
816321
817039
817363
816777
817168
816721
817299
816865
816902
816670
816831
816633
816747
816866
816576
815994
817516
816575
815779
816536
816667
816344
816604
816315
816948
816757
816599
816243
816717
816717
816732
816464
816481
816846
816445
817007
816863
816944
816642
815870
817159
816302
816448
816705
817002
817089
816295
817155
816405
816432
816057
816350
816403
816829
816284
816620
815936
816345
816647
816220
816615
816140
816394
816816
816935
816992
816739
816098
816770
817318
816468
816105
816891
816788
817050
816900
816642
816562
816708
817177
816172
816802
816294
816858
816843
817126
816501
816243
816745
817339
816696
816243
816128
817184
816985
816626
816782
815840
817147
817024
816423
816856
816108
816969
816343
816628
817035
816853
816235
816187
816809
816456
817148
816750
816208
816710
816492
817136
816104
816297
817177
816888
816953
817097
815908
816765
816734
816445
816569
816511
816475
816483
817277
816469
817008
816580
816743
816603
817116
816282
817264
817593
816557
816797
816684
817082
816797
816688
816840
817170
816728
815952
817295
816802
816986
816475
816481
817106
816007
816992
817204
816525
816391
816750
816475
816933
816810
816249
816356
817039
816882
816969
816077
816502
816676
816810
816314
815887
817016
816553
816480
816126
817115
816571
816304
816526
816409
817065
815980
816474
816626
816337
816664
816253
817036
817347
816735
817087
817531
816667
816088
816156
817064
816999
816760
816804
816531
816284
817165
816925
816694
816722
816683
817017
816766
816445
816849
816278
816882
816830
817058
816356
816513
816778
816409
816767
815897
816446
816605
816342
816605
817674
816835
816922
817041
816661
815593
816223
817075
817036
816901
816674
816575
816813
816237
816704
816841
816400
816521
816714
816400
816611
816831
816565
816228
816499
816790
816288
817196
816301
816632
816890
816643
817421
817148
816356
816634
816323
816498
816953
816126
816812
816966
816664
816486
816931
816935
816124
816834
816400
815895
816562
816121
817030
816324
816350
816314
816414
816720
816380
816246
817047
815887
816900
816092
816321
816442
816552
816307
816747
816415
816634
817308
816796
816512
817306
817152
815594
817101
816747
816509
816523
816037
817200
816506
816835
817319
816028
816759
816940
816185
816963
816940
817021
816944
817054
815783
816835
816038
817021
816826
816493
816584
816404
816013
816890
816926
817050
816341
817041
816570
815893
816594
816613
816563
816277
816798
816241
816742
816906
816212
816658
817048
816732
816777
817010
816865
816645
816904
816993
816599
816134
816394
816456
816617
816895
816720
817454
816947
816520
816837
816733
816508
816329
816861
816154
816728
816474
816864
816266
816498
816161
816430
816968
816922
817266
816199
817035
816208
816301
815805
816608
816866
816649
817045
816217
816268
816631
816820
816518
816684
816276
816559
816232
816419
816546
816697
816828
816813
816642
816307
816585
816165
816109
816392
816469
816996
815595
816506
816738
816286
816520
816643
817165
816858
816675
816449
817032
816176
816409
816673
816701
816427
816294
817076
816810
816761
816333
816517
816457
816916
816515
816324
817108
816543
816377
817052
816161
816346
816225
816773
817187
816849
816539
816782
817252
816516
816213
816661
816486
816513
817830
816377
817381
816522
816828
817089
816229
816708
816602
816347
816690
816703
816339
816499
816260
816766
817415
816637
816194
816297
816919
816859
816387
816794
816789
817159
817086
816532
816527
816565
816085
816607
816142
816253
816842
816967
816677
816718
816026
817130
816473
816882
817170
816423
816619
816987
816483
816833
816692
816884
816560
817030
