279132
278851
278934
277979
279105
278519
278337
279013
278711
279077
278705
278912
279215
278425
280015
279816
278991
278641
279179
278519
278912
279636
278806
278197
278404
278550
279317
279028
278793
279175
278800
279429
278984
279107
279040
278694
278429
278379
279210
278796
279463
278977
279380
278816
278467
278890
279047
279053
278889
278518
279248
278275
278275
279577
278337
278578
279280
278631
278994
278577
278789
279649
278831
279355
279276
278727
278884
278295
279323
279318
279016
278960
278764
278220
279087
279580
278851
278974
278872
279529
278914
279686
279449
279739
278894
279555
278112
279008
278914
278765
279682
278644
279058
278741
279550
279231
279755
279187
279618
279198
279076
278844
278384
279757
278736
278461
277836
279499
278764
279664
279196
279749
278967
278986
278697
278789
278743
278631
279023
279180
278805
279215
278738
279207
278320
279069
279469
278134
278897
278439
278908
278954
278971
279312
277954
278538
278905
279278
278831
278952
279617
279966
279393
278231
278805
278208
279635
278335
278043
279294
278517
278860
279794
279128
279291
279328
278933
278701
278417
279938
279227
279175
279273
279194
278600
279158
279010
278877
279594
279086
277787
279289
279517
278797
278868
278385
278416
278648
279178
278817
278757
278778
278530
279255
278599
278584
279359
279394
278186
279165
278925
279087
278815
278951
278255
279430
279620
278410
278690
278971
278798
279143
279182
278585
279437
279348
278632
279351
278652
279342
279009
278365
278957
278987
279202
278551
279002
278794
279206
278190
279078
279691
279312
278168
278306
279693
279496
279434
280018
278451
279387
279029
278535
278751
278486
278013
279456
278780
279204
278623
279129
278660
278717
279443
278678
278664
278549
279309
277877
278875
278714
278934
278742
278902
279240
279399
279631
278598
279834
279520
278999
278354
279070
278849
279499
279125
279028
279453
278985
279452
278850
278526
278574
279041
278715
278863
279275
279543
279199
278692
279319
278458
279017
278991
278313
278147
277999
279337
278937
279511
279126
279031
279794
279005
279222
279159
278944
278274
278543
278329
278737
279180
279118
278862
278985
279908
279099
278443
278922
279751
279064
278991
279499
279517
278611
279000
279160
278546
278594
278101
278453
278576
278734
278889
279160
279311
279010
279392
279533
278199
278882
279349
278367
278961
278448
279186
279862
279038
279011
278905
279053
277821
278856
278556
278918
279498
277805
279010
278612
278838
279505
278426
279277
279341
278940
278731
279309
279594
279051
279124
278760
279389
278509
279022
279177
278576
279552
278994
279299
278937
278282
278743
278518
279368
278911
278281
278970
278869
279794
278874
279066
278855
279412
278748
279402
278599
278668
278684
278551
278894
279468
279528
278976
278813
278675
278931
278964
278253
278711
278456
278490
278851
279778
279424
279234
279172
279038
280091
278928
278864
278394
278634
279772
279320
278522
278448
279488
279412
278788
278824
279417
278821
278869
278991
279179
278509
278679
278743
278933
278744
278723
278325
279045
279208
278741
279072
278847
280009
278669
278889
279199
279042
279444
279625
279141
279125
278835
278599
279163
279070
279559
279503
279122
279836
278990
278879
278866
279523
278765
278691
279370
279376
278869
279558
278614
278776
278931
278685
278405
278569
279074
278443
280294
278980
279222
279244
279298
278893
278813
278919
279095
278230
279781
278384
279024
278233
278805
279247
279152
279489
279452
278477
279126
278875
278676
279067
277627
278736
279036
279769
278445
278795
278822
278981
278902
278516
278836
278552
279105
279007
278907
278764
279179
280011
279997
278561
278902
278779
278930
278737
279139
279477
279024
278497
279440
279683
278579
278546
278884
280023
279468
279192
279198
278058
278895
278985
278503
279310
278146
278489
279022
278686
278639
279533
279617
279177
278259
279213
279267
278551
278795
279227
279599
278596
277464
278943
279596
279592
278888
279497
278123
278655
279491
278502
278357
279437
278583
279126
278938
278485
279001
279136
278748
279008
279334
278239
278658
278860
278625
278801
279247
278578
279178
278172
279451
279078
279430
278694
278571
278526
279362
278854
278665
279582
278551
278861
278718
278444
278725
279477
279145
279561
279346
278616
279783
278380
278703
278234
278689
279371
280064
279275
278079
278928
278998
278877
278315
279071
279265
278251
279572
278384
279554
278915
278850
279334
278331
278686
279791
279198
279229
278185
278663
279242
279099
278393
279265
280032
279500
278624
279058
279017
279256
279099
278107
279162
279185
278704
279270
279185
278845
278819
279165
279079
279416
279017
278705
278639
278953
279017
279038
279156
278680
278969
279436
279798
278753
278645
279016
279072
279655
279462
279083
278560
277821
279184
279115
279052
279463
279203
278654
278590
279007
278287
279023
278897
278759
279026
278709
278446
278409
278822
279666
279965
278407
278935
279003
278227
279372
278796
278996
278200
279641
279461
278379
278625
279590
279285
279047
279263
278703
278122
278518
279335
279357
279829
279130
279090
278043
278205
278776
278815
278580
278949
278882
278991
278118
279358
278784
278799
279358
278341
279319
279102
278533
278732
279241
279092
279478
279011
279093
279123
278823
279597
278664
279143
278596
279568
278407
279237
279384
279082
279440
278309
278949
278866
278545
279043
278166
279235
278801
279020
278770
278441
278739
279765
279784
279201
279259
278733
279805
279216
279564
278802
279282
278337
279345
278574
279068
278745
279409
278637
278411
279848
279536
278760
279451
278812
278854
279723
279359
278256
278820
278568
278834
279112
278917
278790
278931
279411
278802
279317
279404
279216
279301
279147
278783
278855
278524
278537
279073
278534
278610
279028
279372
279718
279661
278721
278335
279672
279019
279234
278723
278315
279165
279113
278202
278499
279127
278948
279829
278991
279452
278613
277974
279198
279510
279209
279106
278883
278622
279288
279012
279252
278998
279307
278975
279292
279553
279578
278567
279180
279055
278888
279313
278258
278675
278518
278692
279166
279184
278844
279374
279474
279271
279169
278644
278183
278394
279257
279429
278784
279190
279031
278729
278997
278435
279594
278898
277825
278791
279719
278251
278634
278946
278307
279362
278364
278898
278903
279824
278597
278525
278649
279309
279202
278354
277941
278567
277835
277888
278192
278618
279356
279437
279352
278986
278162
279177
278799
278951
279117
279036
279420
278433
280013
278278
277951
278465
278625
279297
279468
278436
278722
277979
278162
278988
279303
278804
279500
279574
279163
278900
279212
278901
278804
278590
279822
278936
279163
279144
279224
278914
278880
279577
278643
278357
278871
279091
279403
278643
279450
278747
278472
278570
278877
279536
279716
278526
279345
278780
279155
279334
279074
278452
278988
279330
279206
279079
279378
279551
279346
278499
279531
279320
278693
279123
279173
279051
279389
278331
278849
279127
280046
278866
278899
279489
279605
279377
278487
278829
280241
279149
278740
279321
278852
279312
278526
279048
278021
