361714
361711
361100
361190
361349
361038
362521
361590
361562
361472
361901
360412
361481
361387
360740
361581
362063
361258
361684
361343
360672
361475
359557
360359
361387
361866
362582
361534
361798
360805
360721
361561
360679
361009
360389
361536
361262
361285
360870
361288
362371
361396
361543
361486
361295
361196
361676
361166
362064
360957
361714
360643
361028
361606
362563
361549
361233
361379
360846
361057
361768
361900
362435
362501
361854
361356
362124
361384
361474
361570
360945
361823
361799
360967
360910
361195
360461
361966
361338
361759
360931
361390
360873
361242
361654
361006
361275
362023
361476
361024
361200
361295
361238
361865
361572
361124
361388
361048
361742
361326
360753
361100
361363
361074
361211
361391
361057
360927
361362
362200
361570
361849
361386
361771
361242
361157
361285
362103
361250
361580
361674
361476
362104
361366
360684
362213
361185
361260
362120
360911
361458
361957
361884
362492
361159
361927
361581
361943
362037
360765
361486
361802
362207
362177
360376
361559
361210
361559
362368
360971
360754
361518
361546
361068
361648
361860
360807
361520
361528
360883
361716
361319
361343
362586
362014
361285
361194
361775
361275
361199
362203
361712
362063
360467
361338
362138
361067
361800
361570
361227
361367
361482
362007
362045
360599
361492
361773
361259
361132
361031
361286
361449
360978
361059
361060
360542
361425
361849
361910
360905
361440
361283
361516
361312
361484
361807
361332
360327
361227
360565
360943
361092
361494
360902
362406
360895
361692
361419
360874
361047
361694
361035
360799
361765
362176
361242
361677
361046
361026
361570
362132
361926
361636
361551
362220
361584
361454
361327
361815
361935
360966
362012
362239
361018
360447
362101
360818
361347
361501
362161
361182
361709
361394
361767
361173
360879
361383
361976
360819
361861
360759
360494
362010
362393
361718
360927
362278
361730
361363
360225
360926
361173
362342
361302
360302
360133
362065
362105
361486
361005
360977
362054
361724
361383
360701
361493
361833
361357
360932
361391
362476
362043
361987
360332
361136
361752
361446
362089
360695
360466
361646
361490
361911
361212
361384
361043
361203
361602
361840
361759
360430
360994
361409
361199
360817
360446
361220
361583
361190
361150
361855
360791
361046
360666
361825
361536
360742
361420
361460
361370
361457
361287
361532
362118
360980
361682
361823
362134
360836
361646
361600
360612
361061
361692
362115
361628
361101
360695
360655
361585
361627
361701
360939
360108
361661
361539
361570
361541
361198
361139
361730
361518
361744
361289
361734
361912
361635
360924
361067
360900
361737
360977
360241
361375
361433
361273
361593
360755
360986
361372
361462
361410
360898
361040
361250
361496
361421
362059
360711
361260
360717
361240
361999
361023
361580
361478
361277
361005
361653
360956
361121
361621
361368
360682
360829
361261
361986
361010
361793
362080
362167
360888
360244
362449
361442
360676
361392
360670
362053
361400
361043
361084
361273
362317
361470
361339
361775
362202
360405
361928
361463
361134
359683
361906
360951
361206
361972
362021
361578
361333
360878
361262
360997
361334
361637
361129
361555
361393
360206
361087
361856
360541
361294
361315
362248
360461
362108
361083
360601
361430
361979
360911
359836
361201
362297
361176
361745
360718
361063
361117
361307
361325
362029
361554
361364
360979
361062
361912
361857
362475
362116
361477
361019
362139
361589
361542
361436
361677
361362
361254
361665
361935
361023
361622
361458
361281
361857
361462
361908
361297
361765
361195
361282
361270
361465
360982
361725
361559
360862
361196
361325
361496
361245
360681
361056
361527
361727
361279
361748
360356
361592
361618
360953
361780
361119
361851
361731
361214
361125
361014
362227
361605
362189
361486
361782
361106
361918
360936
362107
361216
361126
361511
361874
361259
361845
361591
361458
360870
362456
361599
362200
360805
361965
360807
360946
361194
360836
360980
362060
360926
361208
361193
361954
361431
361527
361329
361001
361215
361064
361700
361234
361708
361245
360593
361417
360822
361308
361856
361040
361796
361198
361764
360938
361600
362114
361343
360612
362199
362343
360917
360840
361724
361578
361154
361398
361137
361367
361280
360989
361264
361203
360952
361706
361995
361501
360323
360747
361974
361107
361871
361366
361376
360842
360546
360963
361584
361102
361856
361410
361380
361301
361118
362013
360987
360744
361113
361150
361289
360923
361358
361250
360137
361842
361583
361407
361753
362253
361196
361577
361197
360488
361675
360698
360847
361594
361596
361170
362119
361800
361058
362236
361603
361233
360869
361840
361421
362053
361962
362175
362097
361484
361017
361161
360882
362077
361506
360525
361883
361617
362563
361836
361724
360789
361898
361906
361836
362093
362184
361592
361489
361358
361636
362009
361305
361085
361733
361674
362174
361690
361391
361927
361954
360389
360922
361851
362093
362091
361603
361345
361165
360977
361331
361897
361014
361960
360674
361024
361962
361288
361295
361483
362659
361204
361511
361939
361675
361223
361607
360985
361061
362064
360524
361749
361381
361746
361246
360555
361378
361894
361105
360202
361183
362190
361423
361609
360832
361773
361211
362002
361802
360563
361149
361241
361407
361147
361617
361245
361685
362159
361679
361398
360908
361426
360870
361195
361596
361125
361810
361493
360922
361157
362204
361229
361333
360232
361406
360974
361448
361452
361926
360705
361207
361342
361088
361525
360799
361298
360270
361412
361252
361603
362130
361065
361309
361023
362101
361268
360267
361172
361579
361328
361201
361413
361081
360987
361049
361133
362315
361339
362246
362557
361323
361360
361466
361893
360460
360955
361463
361463
360252
360821
361370
360932
361096
361930
361078
361530
361984
360774
360663
362134
361145
361895
361821
361577
361309
361980
362285
361165
362314
361436
361215
360283
361141
361351
360883
361454
361025
361227
361514
361704
361702
361909
361929
362034
361067
362003
361418
361731
361874
361650
360842
361254
361415
360860
361446
361267
361756
361229
361376
361179
362072
361504
361345
362087
361451
361304
361384
361250
361289
361496
361349
361375
361754
360666
361000
361368
361316
360977
360764
362133
361112
362068
361251
361526
361161
361639
360790
361125
361889
360550
361357
361576
361543
361311
360992
361345
361067
361053
361998
360948
361649
361059
360737
362164
360629
361231
360492
360203
361179
361851
361349
361530
361708
361818
361321
360717
361901
360624
361374
361048
361018
361272
361593
362498
361751
361410
362096
361694
362067
361310
361362
361876
361780
361190
361171
361336
361611
360882
361496
360519
361402
360982
362173
361417
360768
362267
361998
361300
361373
360213
360967
361499
362075
361828
361203
362016
361544
361616
361396
360943
361569
360936
361923
361393
361310
361660
361262
360463
361142
361638
361588
360547
361233
360560
361423
360878
361454
361761
361973
361370
361286
361031
360938
360720
360850
362028
361158
361366
360922
361525
361341
361088
361698
361719
361641
360847
361574
360537
361672
