607841
607924
607574
607911
606875
608312
607476
607912
607759
607661
607848
608239
608066
607690
608374
607965
607856
607886
607349
608302
607773
606995
607377
608330
607901
607856
607865
607412
608244
608054
607824
607951
607615
608236
607219
607400
607429
607188
606794
608417
608461
607577
607413
608531
608493
607604
607495
607070
607516
607830
608158
608143
607549
608542
607826
607308
608228
607989
607926
607476
607684
607685
607558
606730
607524
607459
608118
607598
608901
607428
607337
606909
607395
607780
608175
607918
607893
608268
607614
607999
608766
608482
608131
608111
608025
608081
608698
607853
607644
608232
607620
607838
606372
607252
607759
607501
607644
606925
607949
608973
608230
607633
607827
607262
607208
607142
608091
607603
608436
608134
608094
607135
608111
608337
607632
607775
608160
607642
607161
607667
608433
607886
607970
608661
607411
606513
608167
608902
607542
607119
608271
607785
607311
608275
608247
607464
607134
606916
607966
608174
607725
607101
607696
607466
608272
608261
608010
607933
608721
607260
607899
607914
606964
606743
607343
608087
608067
607045
608062
608090
606424
607855
607399
608386
607371
607548
607657
608106
607634
608252
607522
607270
607758
608223
607061
607646
606865
607408
607768
607570
607517
607591
607611
607510
607584
607409
607506
607642
608281
608248
607685
608566
608574
607516
607127
607731
608870
608624
607902
608486
606812
607640
608239
607761
608036
607646
607510
607010
607594
608119
608135
607553
607755
607782
608737
608335
607500
608679
608231
606870
608368
606957
607841
608258
608097
607758
607549
607682
606854
608112
607436
607046
607454
608028
608471
607123
606794
607571
607359
607960
607879
607793
608155
607792
607760
607979
608497
607523
607216
608242
607641
607767
608264
608088
607194
608669
608429
607143
608318
608020
607643
607457
607763
607932
607177
607261
607611
607825
607487
607157
607792
607516
607491
609355
607581
608128
606951
608569
607379
607386
608406
608410
607932
606843
607429
607248
608270
608509
608052
608250
608488
607231
607961
606512
608309
607900
608236
608084
607258
607706
608791
608486
608258
607742
608292
607668
607746
607583
608176
608463
608640
607585
607596
607801
607280
607944
607469
608046
607819
607154
607308
606783
607603
608138
607982
607766
607026
607126
607423
607337
607791
608005
608098
607554
607247
608212
608990
608217
606794
608774
607623
607870
608413
607463
608206
607818
608104
607802
606920
607852
606459
607722
607355
608204
608232
607609
607088
608191
607665
608210
607614
607577
609066
608176
606922
608405
607403
607959
607780
607682
606985
607652
608230
607934
607299
608135
607223
608070
608109
608493
608164
607762
608215
608440
608068
607757
607507
608624
607412
608293
607255
608553
607183
607872
607572
607701
609317
607759
607641
607588
607779
607916
607670
608349
608738
607197
607994
608784
607390
607704
607764
608346
608396
607657
607401
606868
607995
607389
608000
607743
606913
608269
607900
608646
608200
608133
608222
607406
608398
607316
608245
607874
607620
607657
608204
607072
607874
607273
607773
606957
607451
607742
607222
607511
607946
607692
608196
607876
607720
606999
608551
608596
608490
607175
608714
607852
608076
608309
608427
607709
607877
607967
607652
608096
608134
608156
608785
607225
607811
608366
608035
608825
608884
608376
607549
607980
607086
607859
607693
608452
607842
607708
607017
609018
607797
607087
607725
608328
607434
607912
607973
608502
607376
608258
607814
607518
607104
608015
607988
607562
608430
608627
607967
607853
607814
608224
608849
607596
608146
608272
607882
607858
608216
608435
608250
607373
607985
607767
608171
608096
608186
608564
608009
607538
606687
607557
607471
608402
608373
607666
607863
606942
606909
607496
607792
606968
606355
606770
608156
608452
608390
607388
607854
607376
607871
607368
607913
607132
607257
608012
607545
608216
607495
607573
607825
607464
608318
607522
606910
607946
608318
607174
607499
608314
607760
607771
607345
607875
608087
607739
607785
607505
608004
608028
607604
607498
608132
606974
608327
607107
607024
608400
608711
608607
607233
607295
608207
607815
607869
608107
608732
607326
608248
607133
607917
607593
607678
607550
609353
608420
607660
607114
607853
608208
608691
607551
608092
607890
608240
607770
607893
608267
607837
607909
607636
607654
608084
607829
608177
608137
608321
608237
607848
607353
608517
607938
607257
608480
608178
609243
608118
607843
608238
607079
608711
607680
608510
607519
608382
607586
607866
607698
608860
608765
607952
607994
607781
608174
607575
607107
607840
607069
607934
607645
608335
608124
607146
607616
607621
607966
607628
608304
607817
607718
607607
607653
607459
608104
609115
606907
608264
607889
606973
608715
607517
607750
607583
607877
607324
608040
607719
608587
607962
607651
607536
607632
607515
607783
608082
607690
607596
607130
607786
607787
608005
607529
607627
608311
608104
607767
608130
608255
608929
608138
607411
608186
608432
608027
607286
607149
608611
607834
608785
607432
608306
607261
608838
607599
607969
607177
607284
607010
607427
608211
607977
607653
607383
608359
608115
607276
608082
608054
606931
607945
607986
608393
607715
607855
608004
607188
606935
609219
608660
607838
608410
608167
607356
608016
607649
607724
608216
608236
607835
607831
608178
607878
607672
606842
607625
607907
607896
607384
608126
607401
607186
607894
607660
607164
607962
608753
607960
607714
607914
607738
607800
607693
607436
608116
607875
607135
607760
607471
607707
607823
607994
607505
608474
607432
607394
608027
607275
608401
607418
608084
607443
608459
607830
607901
608033
607688
607290
607269
608332
608165
608033
607677
607528
608446
608104
606536
608421
608274
606895
607197
607541
607629
608016
607273
607800
607961
608273
608181
607614
608182
608817
607496
606625
607525
608199
607751
607264
607872
607734
607474
607704
607948
608465
607791
608308
608162
608466
607989
608079
607221
607770
607013
607786
608047
607735
607098
607850
607869
607683
607989
608232
607001
608623
608248
608173
607241
608103
607827
607537
608779
607762
608117
607463
607571
608548
608529
608181
607582
608193
607981
607405
607796
607959
607157
608949
607436
608041
607023
608018
606300
608555
607951
606560
608463
607651
607328
607791
608581
608430
607982
607453
608820
607093
607489
607921
607908
608020
608314
608540
607934
607989
607220
608220
608258
608459
607997
608307
607492
607721
608007
607923
607717
607235
608805
607854
607787
607883
608597
608336
607128
608028
607575
608074
608075
608081
607486
607575
607943
607414
608184
607954
608097
608631
606704
608372
608791
607424
607588
607389
608267
609488
607644
608417
607417
607799
607392
607478
608034
608279
608387
607241
608138
607704
608203
607541
607440
607154
607429
607021
607883
608530
607087
607358
607172
608667
607114
608591
606880
607955
607788
607743
607129
607753
608111
608270
607481
607853
608117
606889
607330
607873
608243
608443
607794
607662
607342
608247
607794
608272
607887
607685
607090
608398
607435
607849
607970
