521847
522449
520831
521692
521274
522074
522814
521821
522611
522117
521121
522064
521326
521610
522313
521673
522000
521407
521907
521542
521575
521643
521892
521999
522142
522440
521877
521827
521694
521034
521420
522030
522745
521967
521242
522308
522102
522548
521908
521765
521964
522267
521740
522008
522254
522094
521521
522354
521499
521919
521285
522754
521671
522381
521966
521730
522977
522697
521549
521774
522872
521621
521556
522095
521538
520092
522096
522557
521231
522266
522611
521013
521917
521680
521783
522155
522496
520897
521976
522206
521107
521147
522877
523088
521181
521447
521455
522073
522003
521593
521693
521583
521999
521924
522194
521975
522050
521764
521974
522178
521582
521704
522572
521590
522435
522866
521378
521434
522040
522311
522137
522709
521518
521357
521350
521828
522617
521563
522232
522855
521667
521924
521262
522161
521917
522130
522720
521808
521819
522246
521187
522916
522346
521776
521897
521792
521586
522393
522441
521702
522269
522298
522623
521946
522663
521574
522487
521207
522054
521780
522250
522625
521777
522361
522356
522262
522509
521444
521363
521872
521732
522400
521661
521331
521704
521785
522075
521947
521561
520867
521686
521488
522031
522216
522185
521909
521474
522284
521809
521680
521271
523141
521699
522114
521254
522514
521315
522257
521264
521845
522184
522531
521981
521612
522563
523934
521225
521722
522248
522657
522485
522346
522390
521977
520929
521818
522369
521797
521514
521982
522020
522312
521534
522021
522652
522252
522155
521900
521958
522466
522403
521969
522279
521975
521818
521279
521568
521853
521650
521918
521434
521606
522798
521253
521247
521457
521889
521480
521759
521238
521759
521522
521604
522786
522418
521683
521911
521910
521471
522259
521813
522364
522323
522637
521659
521697
521644
521918
520996
521849
521891
521988
521456
521970
521923
522448
523419
522281
522825
521537
521889
521200
522359
520854
521045
521653
522127
521988
522653
522539
522566
521867
521526
521975
521563
521173
522370
522162
521992
522003
522365
521503
521933
522108
521328
520830
521309
522053
522411
522045
521555
522148
521657
521388
522660
521813
522145
522505
521098
521990
521551
522274
522994
522049
521956
521265
521139
521992
522854
522445
521502
522415
521493
521937
522392
521862
521589
521429
522507
521800
523048
521821
520813
521714
521460
521765
522297
521951
521959
522126
522069
522195
522768
521629
522679
522735
521250
521944
521847
521317
521050
522111
521892
522241
521635
521742
521040
522055
521493
522394
521822
521894
521874
521178
521776
521859
522526
522140
522444
522086
522660
522016
521505
522121
521063
521207
522234
521626
522868
521421
522130
522165
520974
522659
520373
520746
521870
520985
522487
522078
522999
522075
522132
521519
521986
521778
522152
521943
522256
521928
522445
521582
522180
521730
520819
522359
521863
521629
521345
521743
521286
522329
522076
521574
522115
523149
521877
522212
520815
521953
521883
521761
522732
521241
521565
522010
522045
522162
521044
521985
521391
521709
522827
522908
520803
521578
521881
521608
521596
521642
522257
522201
521836
521955
521242
521550
522001
521878
521965
522202
522105
521855
522371
521875
521399
522342
521178
521728
522799
522242
521415
521706
521694
521920
522268
522176
522509
521993
522122
522243
521048
521441
522107
522401
521442
521477
521914
522470
522678
521839
521578
523233
521861
521678
521548
521743
521404
521298
521971
522237
522640
521739
521655
521522
523047
522060
521935
521522
521346
521966
521922
522309
521268
522614
522124
522246
522112
521857
521894
521892
521902
522775
522491
521492
521296
522124
522297
521532
522177
521286
522896
521162
521246
522055
521642
522320
521694
521719
520338
521458
522474
522166
521338
522127
520819
521517
521828
522470
521631
522582
521769
521767
521866
522105
521999
521221
521320
522939
522390
521112
522229
522111
521719
521734
521225
521653
521830
522622
522035
522268
521852
521816
522728
522844
522487
522377
521114
521874
522460
521566
521923
521906
521996
521345
522378
521686
522300
521397
521861
521946
521540
522005
521476
521520
521468
521703
522376
521170
521530
521477
521383
522210
521796
521528
521615
522309
521628
522100
521730
521675
521463
522677
521728
522112
522199
521968
522581
521732
522249
521919
521726
521929
522643
521606
523000
521996
522472
521686
521476
522279
521960
522547
522324
522151
522949
522804
521264
522015
520853
522920
521794
522366
521215
521222
521927
522091
521024
521601
521605
521463
520690
521670
522117
522188
521746
521363
521826
521975
521826
522540
521281
522903
522771
522270
521592
521799
522177
521156
521952
521322
522047
522575
521835
522133
522084
522187
521770
521893
522140
521564
522059
521681
522627
521848
522260
522372
521754
521607
522549
521731
521552
521426
521893
521511
522784
522156
522574
522063
521563
522464
522561
521269
522106
521282
522412
521164
521468
521875
521344
521611
521817
521620
522014
521838
522132
522412
521923
521311
522022
522348
521684
522803
522053
521560
521492
521534
521916
522336
522111
522136
522247
522188
521562
521658
522094
521222
522263
521331
521950
521970
521711
521264
521984
521763
521766
521887
521970
521710
522786
522036
521160
521584
521116
521490
520848
522139
522219
521639
521083
520686
522782
521523
522092
521693
521807
521788
522215
521213
521299
522146
521716
521503
521836
521224
521305
521049
522359
521590
522556
522291
521499
521734
521699
522653
522425
521022
521534
522131
521938
521882
521799
521849
520982
522124
521478
522328
521998
521935
521455
522072
522671
521677
522240
522788
522016
521251
522203
521634
522399
521439
522061
521904
521281
521467
521502
521824
522332
522650
521663
521381
521717
522017
521810
521713
522060
521825
522856
521772
522424
521138
521281
521400
522920
521006
521749
522018
521732
521551
522156
521727
521264
522220
520630
522780
520480
521218
522096
521061
520705
521887
521692
522115
522010
522263
522053
522335
521651
522175
521891
522733
522347
521581
521892
521809
522328
521833
522714
522411
522364
521601
521551
522129
522512
522002
521315
521507
521986
521315
522467
522225
522006
522329
521743
522211
520425
521744
521994
522715
521792
522293
521082
521945
521264
522000
521940
522324
521566
521900
522178
522254
522181
521945
521718
521683
521645
521985
522482
522186
522885
521237
522003
522235
521458
522120
522378
522386
522901
521632
521960
522903
521663
521880
522352
521973
521467
521787
522082
522604
521359
521407
521135
521713
521643
522569
522139
521975
521289
522794
522313
521508
521167
522681
521213
522017
521734
521376
522013
521996
522100
522154
522417
521420
522252
522615
521907
522359
521349
521614
522309
522525
520931
522842
522268
522101
520938
520966
521573
523176
521676
521787
521697
521875
522347
522267
521681
521472
521083
521056
522125
521908
521366
521884
521678
521865
521993
521863
522048
522230
521614
521338
521566
522491
521932
522824
522471
523264
522449
521731
521590
521753
521916
523430
521779
521212
521845
522351
521412
521779
521744
522127
