423198
423297
423845
423592
423723
423020
423191
423286
423301
423849
424148
423526
422496
423184
423332
423036
422733
423471
422937
422554
423469
423569
423824
422160
423525
422753
423308
423973
423130
423033
422617
423323
423219
423126
422822
422960
423566
422874
423424
422762
422993
422946
422848
422959
423156
422480
423538
423448
423687
423546
423467
423226
423574
423569
422623
423654
423693
423009
423163
422692
424257
422864
423624
424196
423147
422726
422967
422467
423898
423858
423506
423899
423147
422487
423450
423346
423363
423173
423038
423756
422943
422121
423291
423126
423061
423614
423770
422742
422772
422081
423524
423409
423403
424003
424001
423797
423113
423921
423307
423135
422858
423056
422784
423526
423527
423089
423314
423336
423669
423052
423507
422924
424100
422924
423874
423278
423760
423181
423278
423501
423624
423544
423920
423303
422379
422699
424618
424814
423832
423829
423422
423358
422569
423665
423357
423385
423254
423704
422985
423895
423471
423779
423499
422757
423374
422952
423419
423058
423377
424115
423359
422980
422967
424072
423478
424211
424074
423070
423946
423453
424139
423297
423543
423023
423316
423961
423233
423491
423844
423481
423275
423196
423530
423025
423229
423033
423564
423580
423562
422708
424195
422257
423371
423790
424084
423923
422604
423220
423574
423169
423348
423037
423915
423804
424030
423831
423861
423246
422188
423185
423247
423279
423981
423753
423685
424335
424099
422624
423859
422461
423664
422256
424625
423664
423402
424106
422836
424098
423221
423219
423532
423100
423517
423949
423408
424193
423137
422803
423182
423926
424206
424005
423398
423645
423189
422667
423960
423171
423767
423256
424087
423380
423593
423291
423292
423361
423080
422699
423247
423031
423493
423096
424244
422775
423523
424027
424229
423901
424188
423025
423559
424185
422979
424620
423056
423724
423928
424325
422759
424201
423279
423973
423533
423525
423019
423470
424037
423315
423160
423879
423113
423084
423372
423636
423796
424173
423188
423076
423189
424248
423008
423268
423865
423532
423371
423619
423801
423635
423979
423284
424391
423932
423909
423784
424029
423486
423306
423349
423875
423982
423094
423928
423590
423967
423513
423537
423310
423638
424214
422961
423630
423625
423191
422531
423658
423696
423920
423728
422643
423878
423832
423655
422990
423384
423227
423713
423767
422935
423060
422834
422803
422968
423623
423000
423535
422902
422788
423015
422855
422262
422618
423950
423628
422817
423940
422869
423020
424018
423035
423478
423602
422740
423623
423405
423381
423869
423193
423617
423896
423364
423031
423105
423685
423856
424976
423742
423450
422679
423231
423344
423533
423273
424363
423221
423275
423779
423966
423059
423515
423136
424485
422854
422968
422621
424596
422763
423800
423744
422276
422931
423214
423381
423784
424162
423859
422971
423380
422620
423020
423628
423002
424301
423660
423471
423637
422604
422620
423367
423278
424116
422897
424179
423059
422755
423257
423596
421986
423090
422715
423711
423968
423047
423812
423152
424144
422959
423332
423004
424020
422901
423808
423321
422844
423225
422778
423306
422953
423373
423563
423549
423371
422648
423430
422999
423686
423413
423710
423055
423549
423659
423249
422036
422954
423044
422360
423768
423019
423818
424051
423136
423010
424014
423704
423181
423196
423293
423694
423066
423974
423156
422889
423756
424382
423024
423838
422409
423270
423113
422604
423865
423772
422625
423472
423386
423850
422473
423722
422502
422299
422583
423908
423913
423452
423396
423400
423264
422637
423035
423209
422629
423817
423466
423226
423071
423472
422930
422177
423550
423430
424052
422874
423270
422530
423274
423507
422644
423561
423576
423185
423908
423471
422520
422560
423587
423426
422464
423678
422775
422946
424069
423672
424124
423379
424189
423924
423288
423845
423578
423620
423357
423696
422916
422904
423691
423604
422923
422847
423431
422955
423147
423184
423359
422774
424318
423537
424212
423039
422846
423528
424806
423509
423509
423351
423166
423643
422660
423443
423671
423756
423507
423608
423641
422705
422748
424068
423039
423587
422695
423709
423264
422635
424083
424126
423283
423370
423319
424034
423105
423627
423998
422944
422692
423890
423607
423741
423327
423138
423627
423453
422770
423672
422802
423707
423279
423511
423790
423597
423189
423321
422946
424358
423519
424071
423470
423060
423458
423053
423669
422365
423091
423403
423438
423136
423524
423012
423364
423218
423271
423983
422903
423393
423239
423798
423850
422993
423164
422678
422683
423186
423455
423796
423213
424084
422903
422212
422537
423391
423107
423550
422186
423578
423413
423489
422532
423589
422810
422652
424048
422681
423744
424640
422600
422809
423239
423474
423186
423320
423543
423121
422308
423676
422426
423510
423929
423221
423701
423089
424180
423243
423592
423612
422700
423555
423534
423558
422399
424156
423375
423130
422945
423296
423323
423357
423075
423342
423574
423579
423168
423037
422997
423254
423428
423327
423488
423957
423240
422579
423500
422971
423686
422651
422713
423935
423099
423270
423465
422638
421919
423617
422396
423007
423745
422597
422950
423035
423214
423680
423021
423043
422856
423437
422786
423253
423574
423189
423967
423613
423204
423398
423829
423727
422867
423711
423335
422891
423880
423905
423166
423619
423151
424005
422448
422524
422934
423589
422658
424248
422878
423874
423560
423527
422785
423482
423441
423672
423179
423132
423192
423373
423017
423658
423905
423545
422844
422416
422838
423049
423130
423576
423207
423850
423714
423129
422555
422719
423119
423495
423071
423515
423086
423307
422855
423685
423261
423522
423120
423475
422076
423600
423763
423463
423798
423071
422922
423876
422960
423881
423457
423190
422883
423484
423390
424263
423448
422554
424642
423314
423672
423684
423095
423807
422738
423844
423710
423959
423017
423912
424017
423154
423468
424109
423554
422724
424042
423574
423713
422695
423409
422806
424405
423923
424250
423042
423187
423423
423677
423291
423404
422914
422938
423269
423933
422325
423344
422524
423903
423121
422852
424200
424006
422829
423332
422637
422967
424302
423227
423311
423002
423726
423928
422849
424023
423080
422995
423667
423788
423349
423157
423922
423116
423272
423766
423234
423012
423054
423539
423273
424248
423735
423585
423117
423985
423108
423720
422933
422924
421992
422828
424278
423813
422964
423300
422978
423430
423013
422990
423903
423513
422818
423183
423026
423235
422504
423438
422924
423499
422858
422996
422976
423122
422867
424866
423831
423237
423267
423713
422987
424025
423368
423991
423984
423004
424107
422848
422666
423241
422965
422606
422676
423728
423791
422535
422635
423133
423256
424046
422755
423511
423428
423492
423779
423622
423246
423182
422970
423481
424014
422827
423633
422927
423437
423521
422694
423022
422661
422659
422762
422928
422836
423768
422842
422738
422938
423949
423461
423202
423104
423099
423580
422706
423567
424730
423654
423121
423601
422763
424332
423758
423026
423105
