509404
510142
509770
509460
509918
509898
509610
509746
510479
510054
509789
510255
510265
510359
509689
510497
510298
509759
509451
510380
510069
509307
510195
510674
509297
510024
510189
509624
510893
510574
510135
509291
509638
509560
510834
510039
509856
509608
511179
510678
509272
510518
510132
510592
509593
509923
510375
509810
509707
510714
510015
509986
509483
509974
510142
510712
510006
509434
509166
510084
509593
509916
510918
510925
509845
510344
509501
510178
510410
509820
510401
509987
509468
510272
508911
509631
509708
509997
509590
509533
509949
510226
510443
510195
510411
510806
510281
510876
509762
509451
509884
509756
510313
509199
510840
509348
510338
510234
509903
511297
509982
510225
510032
510603
510083
510075
510480
510422
510215
510338
509778
509592
510482
510409
511006
509266
509643
510353
510817
509375
510280
510486
510146
510304
510794
509784
510364
510017
510449
509309
510294
510010
509396
508961
510720
509194
510389
510315
509615
510078
509729
510072
509976
510311
510347
510205
509959
510419
510615
509325
509033
510052
509163
510863
509349
510331
511026
509133
510086
510282
510451
510284
510638
509748
510479
509995
509324
509570
509318
510392
510473
510320
510333
510241
509969
509866
510399
509432
510054
509628
509493
509809
510189
509182
510993
510900
510835
510738
510444
510805
511104
510304
509191
509983
509558
509687
509795
510165
510092
511641
509494
509666
509918
510255
509672
509862
510008
510369
509367
510331
509209
510593
510018
510363
510223
509774
509471
510125
511209
510901
510131
510127
510755
509637
510350
510102
509562
510041
509873
510182
509840
510047
510312
509595
509640
510539
510479
509542
509962
510761
509489
509278
510323
510669
509768
510128
509859
509547
509879
510359
510129
510042
510612
510138
510181
509207
509809
510269
509431
509907
510147
509015
509946
509694
510238
510922
510345
510451
510258
510334
509144
510392
510300
510044
509926
510140
510294
510026
510009
510104
510151
509543
509532
509738
510258
510375
509033
510003
509704
509972
510516
510104
510311
509915
509810
510224
510358
509974
508874
510486
509874
510170
510843
510088
511089
511008
509281
509120
510783
509643
510154
510191
509879
509840
509705
509850
510574
509698
510458
510380
509647
509477
510657
511012
510029
510802
510515
510683
510000
509333
510864
510092
510766
509412
509689
509656
509503
510688
509815
510096
510234
509835
509891
510676
509214
509335
509676
509842
510940
510318
510392
508471
509892
510201
510017
510564
509510
510369
509610
509847
509436
510435
510093
509762
510326
510479
509527
510633
510075
510354
510911
509913
509614
510029
510036
510457
510142
510420
509732
510244
510680
511508
510043
510301
510553
510214
509272
510653
510465
509702
509665
510370
508926
509258
509594
510231
509527
509991
510261
509843
510105
509831
510820
509156
511162
509369
510522
509555
509831
510294
510044
510097
509477
510559
509033
509545
510080
510306
509526
510833
510512
509718
510604
510631
510401
509525
509961
509396
509734
510088
509994
510151
509732
510700
508871
510023
509947
510120
510351
510205
509745
510333
510715
509606
510117
509395
509946
509249
509460
508892
509954
511281
509832
510320
508889
509846
510478
509140
510091
510319
510698
510897
510869
509783
509863
509994
510010
511297
509780
510215
509898
508863
509655
510014
509506
510174
509783
509759
509986
510138
510763
509455
509894
509981
510023
509862
511002
509711
510563
510175
510291
510405
509645
510765
509546
510559
509276
509768
510215
509940
509836
509048
510421
510263
510892
510484
509522
510140
510245
510176
509837
509917
509602
510209
509652
509606
509974
509703
510635
509830
509915
509664
510477
510175
509924
510003
509884
510411
510881
510019
510433
509820
510622
509315
510783
511084
509566
510412
509583
509373
510440
510149
509996
509959
509860
510379
510105
511533
510003
510053
509056
509903
510608
509134
509874
510826
509992
509432
510220
510052
510450
510451
510252
509458
509409
510332
510324
509379
509696
509902
509739
510243
510934
509995
509734
509875
509861
509877
509646
509459
510322
510552
510082
509829
509298
510315
510020
509478
509447
509985
510327
509755
509886
509596
509969
509412
510485
509830
510453
509717
510762
509973
510267
510038
510109
510517
510044
509916
510530
509287
509939
509904
510092
509857
510088
508486
510343
509415
510016
509289
509599
509971
509125
509677
509782
510019
509735
510017
510104
509449
509577
510839
509588
510297
509877
510176
510248
510416
510540
510459
509760
509661
510435
509945
509061
510339
510408
510445
509837
510214
510258
509178
510730
510442
509559
509963
509342
509361
510355
510537
509354
510294
509921
509455
510204
509605
510043
510052
509866
509702
510032
510209
510452
509653
510330
510538
510018
510175
510209
509860
510550
510063
510701
509996
509847
510611
510781
509800
509496
510241
510718
509932
510702
510686
509366
509782
509923
509586
510580
510204
509992
509828
509888
509404
509251
510348
509700
510559
510036
510636
510430
509417
511099
510309
510099
509519
510632
508816
509540
510131
508651
510610
509682
509570
509674
510306
509692
508955
510912
509701
510088
510235
510572
510490
509049
510072
509447
510209
509133
509316
511286
510466
509085
509140
510046
509536
510016
509750
509477
510015
509867
509842
510429
510326
509729
509716
509731
509537
510492
510476
510296
509891
509784
511008
508844
510482
510273
511051
510499
509954
510423
509692
510289
510422
510245
510949
510603
510395
509121
509482
510578
509863
510063
509550
510517
510248
509968
509654
509458
509943
510213
510378
510381
510459
509109
510048
509975
510191
510478
509987
509960
510150
509598
509759
509716
509963
510351
509886
510361
509738
510363
509399
511005
511234
510219
510652
510671
509840
509911
509562
510055
510172
510513
509266
509789
509002
510256
509104
509400
509684
510176
510254
509606
510183
510104
509826
509658
510218
510377
510024
510168
510403
509818
509816
509611
509931
509955
510565
509614
510148
510148
509811
510250
510181
509861
510651
510120
510601
510212
509881
509309
509748
509575
510839
511095
510427
509898
510363
510157
510326
509743
509220
508667
510441
509340
509931
510808
510768
510772
509409
510375
509900
509914
509922
510305
509265
510218
509302
510562
509081
509569
510622
510280
510111
509503
509282
510239
509460
509789
509607
509784
510161
510010
509949
511036
509577
510076
510391
509526
510321
509061
509464
509890
509805
509332
509393
509860
509765
510321
509800
510500
508992
509799
509405
510024
510457
509957
509399
509193
510407
510104
510339
510273
510220
510183
509539
509493
509482
509631
510049
510076
510490
510474
510329
511247
509848
509851
510552
510129
509696
509876
510122
509623
509834
508956
509241
510030
509082
510160
509874
510988
509493
510195
509853
510207
509929
510116
509978
510410
509689
510143
509963
510525
509344
510809
509435
509223
509646
509804
510436
509528
511164
509841
510013
509876
509804
510301
509199
510213
509889
509730
509680
510335
509453
509746
509289
510004
510519
510695
509924
