868410
868316
867501
867758
868322
868750
868000
867661
868130
867681
867892
868388
867714
868152
867925
868053
867916
867118
867860
867884
868139
867971
868128
867624
867777
868363
868047
867809
867877
867961
867237
867802
867865
868451
868197
868008
867548
867839
867670
867845
867988
867731
868802
867761
867238
867829
867573
867654
867759
867587
867743
867838
867453
867673
867893
868381
867724
868013
867865
868555
868249
867819
868052
868633
867735
868159
867849
867916
868098
867677
868057
868479
868312
867932
867737
867711
867812
868170
867884
867902
868701
867981
868466
867982
867952
867812
867650
867935
867215
868248
868342
867774
868323
868446
867563
868041
867537
867977
867327
867938
867569
868128
867993
868067
868395
867970
868302
868238
868145
868180
867927
868527
867954
867924
868472
868119
868403
867543
868231
868585
868463
867814
867593
868824
868582
867948
868437
868254
868166
867973
868354
868333
867847
867721
868488
868101
867818
868131
868240
868226
867707
867839
868760
867919
867505
868517
867939
868331
867854
867495
868042
867960
867496
867451
867820
867969
867948
868188
867916
868097
868230
868311
868019
867928
868173
868223
868401
868961
867853
867968
867971
867540
866889
867294
868072
868302
868368
868535
867487
867956
868334
868193
868055
868300
868355
867944
868424
867978
867934
867793
867427
868191
868568
867567
867642
867863
868861
867945
867604
867966
868090
868313
868563
867713
867883
868248
867748
868188
868179
868139
867708
868338
868546
867743
868464
868635
868242
868323
867719
868225
868348
868196
867762
868116
867936
867775
867949
868071
867680
868131
868658
867803
867530
868756
868446
867121
868010
868159
867918
868544
868054
868239
867900
867640
867786
868083
868366
868474
867880
868096
867139
868021
868183
868235
868194
868099
868028
868147
867822
867865
868166
868079
867400
867717
868094
868022
867337
868612
867378
867991
868174
868878
868008
868215
868805
868386
867982
867660
867764
867579
868156
868047
868448
868869
868224
868348
867872
868044
867491
868393
868380
868152
868022
868560
868084
868015
868152
868201
868154
867286
868098
868059
868120
867967
868041
868300
867311
868025
867708
867939
867964
868294
867535
867281
867739
867995
868138
868078
868618
867694
868480
868289
868354
868206
868310
867998
867598
867846
867943
867845
868350
868620
867914
867765
868246
868177
868009
868167
867990
868056
867901
866989
868459
867027
867933
867614
868112
868379
868014
868425
868370
867533
868208
868055
868041
867987
867805
868438
868105
867465
867545
867807
868291
867419
867613
868151
867990
867332
868245
867754
868148
868132
868018
868166
868041
868423
868045
867942
868212
868274
868058
868399
867791
868234
867616
868122
868716
868106
868129
867777
868115
868482
868312
867881
868035
868143
868133
867837
868279
868302
868179
868044
868080
867908
867518
868387
868487
868215
868342
868390
868092
867666
868592
867877
868182
868161
868463
868664
868259
868283
867694
867261
867272
867555
867825
867976
868681
868234
868370
868188
867759
867807
868035
867282
868327
868037
868061
867402
867660
868826
868097
867641
867890
868122
868047
868684
867910
868802
868232
867511
868296
867174
867948
867940
868316
867442
868297
868155
867317
868131
868028
868579
868548
867787
868381
867450
867337
867654
868250
867364
868080
867892
868141
867876
868411
867760
867956
868198
867876
867818
868008
867465
868223
867762
867566
867140
868373
867947
868698
867544
868341
868327
867769
868330
867512
867998
867750
867961
868327
867788
868164
868187
867970
867673
867637
867930
868413
868639
868320
867637
868197
867851
867993
867771
867693
868610
867685
867568
867904
867663
868724
868128
868020
868565
867737
867945
868487
868343
867935
868838
867822
868611
867812
868006
868106
868593
868408
868259
868489
868024
868236
868080
868370
868600
868003
868092
868043
868433
867919
868334
868210
867460
868387
867977
868237
868502
868201
867883
867620
867651
867367
868056
867849
868083
867609
867541
868576
867609
867780
868303
867551
868118
868112
867719
867618
868085
868295
868003
868041
867219
868147
868461
867923
868035
868262
867969
867622
867887
867958
868474
867442
867569
867945
867878
868099
868383
868073
867719
867786
868327
867850
868025
867722
867633
868739
867759
868406
868538
867747
868028
867607
868040
868107
868436
868263
868650
868034
867942
868571
868303
867337
868143
867788
867627
868118
867679
867859
868213
867289
867793
867268
867554
868525
867565
867562
868006
867675
868425
867806
867925
867715
867315
867674
867967
867652
867895
867577
867645
868187
867424
867502
867311
867800
868101
868277
867947
867535
867973
867943
867042
867126
867606
868174
867804
867532
867948
867544
867671
867892
867358
868421
867493
867610
868273
867783
867760
868034
867189
867775
867722
868083
867223
868101
867789
867143
867582
867684
868054
867839
868392
867858
868078
868351
867285
867801
867979
867823
867709
867500
867343
867587
868161
868465
868417
868186
867323
868702
867695
867610
868198
867417
867956
867961
867903
868625
868195
868198
867191
868097
867653
867406
867845
868535
867930
867555
868027
867997
867766
867821
867377
867716
867877
867690
867772
868179
867603
867418
867620
867962
867899
867593
867328
867894
867679
867660
867951
868471
868026
867558
867744
867894
868155
868336
868321
867753
867795
868118
867449
867456
868105
868276
868072
868030
867434
867185
868123
867407
867809
868339
867889
868013
867890
867830
867499
867454
868582
867475
867633
868254
868087
868339
867526
868255
867727
867703
867981
868069
868291
868196
868031
868242
867623
868146
867973
867773
867242
867881
867819
868312
868249
867576
867599
867816
867863
867693
867342
867832
867680
868768
868348
868021
868046
868128
868009
868152
867928
867396
867602
867848
868083
868014
867729
868363
867738
867765
868227
867120
867988
867681
868252
868281
868279
868712
867903
867937
868263
868045
867611
867241
868303
868025
867860
868047
867681
868006
867525
868168
868320
868122
867784
868200
867730
868169
867760
868199
868119
868223
868183
867752
867245
867860
867797
868635
867691
868634
868406
867678
868373
868466
868325
868074
868188
867947
867843
867826
868085
867683
868446
867795
867846
867682
867719
868059
867999
868435
867938
868234
867555
868059
867613
867949
867962
868634
868168
867986
867978
868234
867834
868236
867842
867818
868444
867945
868378
867916
867726
867349
868506
868344
868263
867709
867883
867400
867761
867994
868545
867964
868318
868121
868127
868552
867674
867804
868127
867513
867680
868086
868117
868083
867954
868288
868383
867889
867478
867825
867726
868186
868051
867591
868180
867977
867846
868538
868298
867206
868302
867887
868088
868120
867966
867995
867805
867719
868300
867608
868028
867908
868033
867694
868230
867321
868204
868113
868248
867920
867987
867614
867890
867464
867405
867837
867619
867277
868137
867383
867382
867807
868421
867784
868130
867517
867953
867667
867642
867670
867713
867985
867777
868129
867975
868203
867706
868207
867575
867911
867402
868244
868023
867706
868166
