763132
764045
763935
764025
763667
763508
763243
763115
764245
764096
763740
763326
763343
763738
763472
763645
764353
763464
764021
763692
763557
763981
763333
763088
764041
764025
763672
762356
763573
763577
763213
764336
763033
763332
763840
763565
763978
763853
764314
764040
764061
763313
763345
764260
762905
763217
763464
764174
763219
763986
764190
763384
763605
763437
763229
763134
763490
763570
763783
764231
763469
763449
764068
763928
763913
763367
763373
763877
763872
763196
764102
763147
763635
763324
763703
763797
764486
763344
762753
763462
764417
764304
763198
762837
764198
764018
763991
763920
763113
764014
764026
763541
764399
763204
763641
763500
763827
763175
763324
763715
763514
763994
763923
763461
763768
764122
763401
763439
764103
763473
764337
764094
763463
763926
764039
763643
762941
763556
763723
764466
763740
764232
763503
763760
764019
763630
763021
763058
764085
763955
764160
764352
763717
763468
763597
764522
763182
763499
763918
763174
764241
763428
762987
763938
763862
763492
763244
763879
763448
763075
763662
763946
763486
763170
763990
763290
763910
763045
763999
763156
764200
763674
763574
762764
763869
764010
763910
763722
762834
763835
764074
763557
763676
764900
763961
764946
763873
763123
763349
763967
763632
764444
763739
764266
763746
764257
763657
763643
764063
763531
764316
763180
763728
764288
764450
763361
763702
763320
762991
764235
763165
764365
764338
763889
763632
764332
763914
764320
763706
763966
763860
763534
763934
763146
763065
763731
764507
763905
763960
763554
763773
763806
763828
763978
763807
764035
764289
763758
764219
763932
764450
763997
763917
763995
763817
763348
763709
763901
762916
764116
764044
763357
764242
763769
763049
763705
764206
763803
763354
763633
764073
763940
763917
763850
764048
764031
764289
763693
763712
763301
763546
763905
763386
764606
763040
763416
763658
763881
764355
764162
763455
763514
764082
764370
763849
763890
763744
763546
764110
764516
763347
762852
764002
764037
763113
763586
764149
763838
763993
763678
763786
763656
764301
763497
763461
763258
763663
763255
762763
764574
763972
763215
763976
764682
763478
763687
763439
763214
763335
763527
764188
764544
764165
763966
763807
763661
763977
764409
763546
763804
764132
763555
764338
763770
762721
763752
763488
763785
764053
763943
763172
763861
763272
764377
763887
763522
763979
763628
763560
763990
764402
763570
763209
763273
763194
763789
763624
763433
763624
762728
763287
763528
763617
764473
763433
763711
763460
763529
763692
764157
763065
763125
762937
763354
762960
763727
763121
763528
763846
762762
762397
763052
763847
763144
763519
763290
763434
764160
763925
763409
764059
764241
764629
763892
763759
763925
763563
763160
763584
763257
763322
763750
763157
763549
763440
763756
762441
763704
763688
763794
763525
763943
764476
763945
763268
763419
763936
763279
763946
763962
763706
763476
763540
764228
763687
764119
763881
763951
763630
763980
764088
763417
763624
764042
763879
763563
763770
763232
763505
764062
764031
763655
763251
763812
764200
763578
763933
764041
763368
764191
764182
762726
763405
764099
763071
763921
763559
763757
764108
762719
763856
764246
763686
763491
763399
763474
762912
763997
764045
763770
763861
763745
763112
763518
764162
763773
764069
763803
763319
763703
763162
763195
764082
763032
764232
763376
764341
763398
763797
763891
763954
764591
763740
763726
763852
764071
762692
764354
763569
763148
763083
763465
763305
764376
764043
763545
763466
764142
763595
764286
763804
763343
763904
763905
763386
764199
763672
764061
763754
763472
763347
763666
764059
763687
763974
763866
762892
763268
762517
763255
764184
763805
762767
763939
763995
764132
763232
764000
763693
763397
764367
764005
764375
763091
762841
764030
763604
764176
763314
763114
763479
763661
763964
763743
763573
764349
763336
764104
763597
764217
763175
762762
764166
764373
763765
763515
762894
763973
764242
763324
764032
764036
763395
763495
764064
764231
764031
763778
763879
763628
763640
763592
763656
762374
763755
763115
763959
763572
763480
763912
763242
764524
763600
763630
763221
763694
763158
763295
763024
763891
763466
763789
764038
763845
763845
764213
763040
763767
764093
763249
764035
763574
763940
762794
763527
763522
763971
763257
763194
763357
763759
763155
763122
763111
763504
763971
763269
764180
763876
763665
763290
763253
764381
762918
762711
763308
763756
763975
763856
764041
763013
763397
763264
763394
763589
763349
765204
763405
763773
763470
763422
763348
763483
763356
763021
763828
763621
763857
763616
764318
763882
763141
763072
764413
764136
764120
762805
763135
763253
763992
763422
763831
763933
763949
763682
763750
763684
763124
764121
763336
763680
763500
763998
762840
763555
764000
764155
763491
763031
764628
763809
763940
763398
763926
764324
763772
763126
763445
763926
763307
763937
763494
763214
763965
763656
764417
763376
763852
763578
764121
763856
762324
763170
763903
763289
762793
763741
763394
763817
763525
763335
763607
764450
763899
763969
764873
763900
762863
763400
763253
763664
763800
764207
762957
764060
762711
763417
763203
763709
763495
764246
763844
763116
763822
763892
763675
763361
763291
763673
764170
763212
763418
762957
763172
763590
763481
763680
763749
763226
763823
763868
764219
763231
764105
763244
763690
763783
763821
763438
763436
764249
763447
762371
763238
763425
763275
764053
762949
763318
763582
762627
763539
763069
763552
764591
763285
763519
763743
763650
764238
763863
763337
763855
763450
763897
764079
763627
764643
763644
764377
763345
763789
764554
763888
763610
763548
763739
764281
763564
763887
763560
763461
763445
764592
763114
763241
763277
763036
763685
763561
763200
763746
763159
764099
764187
763336
763528
763552
763792
762750
763614
763285
763670
763468
763980
763218
764061
763189
763617
763217
763748
763290
763462
763623
763569
763919
763332
764006
762716
764381
763564
763743
763242
763273
763483
763411
763542
763420
763396
764258
763235
763558
763150
762692
763761
763769
764204
763511
763297
763149
764233
763507
763337
763385
762349
764074
763581
763553
763387
763632
763786
763551
763505
763865
763557
763409
764150
763558
763693
763413
764375
763759
763509
763298
763555
763910
762455
763688
764008
763856
763426
764165
763284
763912
763561
764176
763333
763509
762982
763501
763235
763097
763149
763341
763609
763814
763502
763721
764335
763522
764075
763541
764104
763110
763069
763454
763343
764484
763628
763536
764073
763534
764494
764050
763770
763107
763540
763106
764074
762728
764393
764350
763119
763570
763738
764068
763680
763509
763648
764120
763631
762852
764381
764175
763256
763302
763717
763361
763472
764199
763097
763683
764444
763871
763649
764236
764213
763445
763754
763469
764216
763395
764328
763384
764540
763690
764459
763667
763166
763079
763783
763635
763982
763958
763628
763292
763737
762193
763153
763319
763496
763337
763113
763351
763918
763390
763348
764125
763998
764191
764376
763289
762804
764350
764049
763916
763644
763786
763421
762737
