624239
623965
623287
623689
624570
624053
623735
623829
624790
623336
623912
623985
623450
623954
623410
624493
624135
623802
623893
624053
623561
623467
623671
623966
624847
624293
623932
624151
624150
623563
623187
623730
624446
623490
624490
624468
623880
624368
623082
623954
624762
624387
623272
623889
624557
624996
623876
623492
623858
623987
623576
623950
623220
623949
624415
623498
623756
624686
623680
624847
623960
623022
622919
622845
623521
623679
624793
625103
624096
623263
624613
623555
624409
624308
623997
624506
623669
624214
624500
624050
624605
624089
624208
623802
622591
623562
623968
624684
623945
624102
624526
623825
623644
623411
623435
623563
624372
623593
623654
624459
623557
623830
623273
624624
623841
623836
624017
623070
623454
623798
623253
624267
623457
623864
624044
623451
623160
623761
624105
624396
624115
623701
623718
623682
624002
623742
623893
623474
623605
623904
623459
623558
624009
624941
624042
623463
623583
624026
624124
624214
624806
624069
624293
623667
624557
623993
624307
623522
623380
623798
624079
624212
623879
623918
623622
623839
623273
623503
624186
624519
623986
623357
624212
624070
623939
624462
624016
623871
623543
624353
623507
624383
623637
623740
623642
623987
624263
624190
623980
624045
624056
624254
623345
625061
624276
623820
623770
623388
624586
623477
623798
624013
623612
624410
623600
623957
624049
624263
623307
623857
623080
623477
624378
623959
624777
624211
622969
624674
623091
623505
624326
623854
623995
623541
624041
623629
624160
623894
624085
623387
624024
623682
623996
623817
623320
624924
624155
623535
623982
623965
623966
623832
623322
623773
624865
624405
623695
624226
623589
624356
623351
623257
623588
623670
624098
623248
624093
624599
624240
623650
623624
624409
623993
623652
623456
623711
623758
624311
624954
624526
624352
624524
623085
623799
623941
624100
624366
622985
623145
624273
623543
624174
624393
624842
624576
623218
623405
624395
623962
623321
623608
624397
623184
623786
623569
624423
624124
623892
623910
623501
624522
624246
624325
624459
624203
623075
624100
623365
623839
623981
623945
623535
624486
624937
624382
624022
623682
623676
623476
624419
624701
624303
623652
623843
624292
623475
624038
623773
623268
624860
623828
622707
623124
623950
624324
623345
623645
624326
622774
623103
623949
624550
624189
623740
625024
623329
623531
623333
624018
624332
624326
623379
623868
623583
624117
623994
623998
624074
623653
623269
622649
623577
623538
623850
624102
623460
624466
624456
623910
624305
623908
623554
623100
624884
623751
623441
624805
623549
623642
623264
623416
623759
624397
624258
623906
624490
623539
622893
624123
624183
623839
624203
624983
623932
623981
624230
623372
623718
624420
624453
623609
623303
624001
624001
625162
623575
624408
624112
624034
624053
624150
624623
624329
624244
624610
623913
623875
624384
623273
622964
624321
624300
623753
623482
623787
623591
623704
624830
623601
623293
624522
623483
623786
623590
624362
623682
624209
623825
624306
623277
623174
623518
623434
623921
624276
623520
623707
624757
624155
623278
623675
623916
623038
624756
623793
623982
623152
623102
624586
624566
623945
623764
623715
624161
623996
624386
623936
624263
623948
623701
624372
624414
623696
624377
624182
623641
623321
623641
623422
623846
623814
623986
624007
624467
624487
624659
624009
624501
624163
623581
623918
623809
623273
623616
623640
624590
624534
623350
623836
624206
623686
624180
624325
623018
623348
624300
623833
623998
624102
624306
623492
623468
623994
623789
623704
623633
624549
623682
623734
624638
623567
623781
623966
623538
624560
624475
623574
624247
623550
624763
624506
623636
622946
623996
624291
624427
623829
624222
624144
623479
623610
623499
623997
623696
624553
624245
623444
623008
623818
623816
624246
623932
624100
624103
623591
623530
623754
624255
623094
623885
623855
623651
623976
623877
624198
623758
623712
622771
623826
623571
623630
623213
623573
625218
623809
624296
623571
623797
625286
624119
624523
624321
623651
623860
623709
623262
622835
623407
624193
624069
623366
623578
623854
623653
624229
624217
623370
623175
623855
623922
623964
623526
623269
623411
623672
623092
624411
623549
623531
623433
624896
624419
623908
623755
624544
623768
624333
623475
622991
624429
624247
623612
624112
624214
623452
624255
622835
623459
625213
624030
623023
623502
624501
623832
623689
624042
623905
624419
623430
624034
624099
624081
623653
624143
624261
623902
622791
622780
623395
623711
623240
623280
624123
624270
624155
624191
623448
623702
623610
622976
624218
622959
624539
623684
624353
623771
623813
623071
623671
623749
624668
623800
623782
624425
624021
623537
623924
623437
623934
625044
623898
623758
623537
623331
624218
624222
623945
623668
624040
624014
623949
623393
624728
624053
623323
623971
623983
623523
623879
623698
624043
624777
623401
623789
622690
623360
623528
622778
623613
623484
624270
624527
623024
623178
623124
624402
624176
623609
623729
622864
623814
623252
624080
623263
624182
624439
624096
623722
624519
624295
623751
623991
623633
623724
624627
623765
623466
623341
623524
623685
623681
624024
623646
623493
623784
624103
623738
623739
624008
622898
623668
623149
623736
624547
623470
624641
624007
623981
624224
624383
623225
622931
624516
623826
623221
624140
623339
623592
623889
623983
624200
623623
623978
623191
623286
623792
623517
624160
624465
623730
623673
624509
623502
624058
623744
624272
624046
624411
623176
624729
624029
624260
623447
624264
624148
625119
623496
623155
623937
624125
625206
623338
623770
623808
623695
624087
623669
623692
623567
623638
624091
623845
624232
623697
623653
624271
624204
623952
623894
624021
623924
622919
623528
623499
623050
624563
623562
624198
624636
624506
623764
623883
623762
623390
623191
623619
624189
623359
623865
623317
623961
623965
623494
623087
623713
623184
623804
624022
624325
623611
623259
623814
623069
624468
623904
623775
623870
624607
623841
624882
624358
623487
623514
624110
624115
624744
623965
623639
623537
624244
623810
624012
622599
623990
623690
624301
624594
624171
624032
624334
624179
623585
624064
623551
624033
624211
624353
623860
624730
623020
623878
624079
623825
623309
623670
623574
623815
623551
623555
623247
624339
624545
624802
623883
623710
624340
624520
624193
624760
623231
623591
623385
624600
623982
623355
623153
624387
623787
623480
623682
623973
624419
623671
623728
624702
623462
623855
623218
624149
624152
623266
624575
623671
623309
623563
624149
623905
623954
624221
623703
623646
623488
624049
624352
624472
622909
623947
624483
623259
623593
624802
623597
623401
623620
624188
624138
623208
624127
623560
623994
623539
623927
623357
624428
624054
623756
623935
623934
624271
624384
623657
623440
624299
623516
622903
624186
623036
623852
623914
624045
624199
623915
623517
624186
624307
623700
624015
624859
623691
623582
624299
623517
623740
624177
624735
623757
623549
624038
623493
623510
623898
623731
623981
624159
624615
623541
623677
624956
624528
623618
