682030
681953
681854
681095
681560
681863
681753
683265
681917
681657
682060
682367
681672
682840
683138
682615
681533
682032
682880
682688
682585
681939
682765
682178
681634
682949
682579
682330
682023
682049
682592
682505
681702
681856
681714
681689
682541
682092
682725
682003
682032
681810
682496
682121
682989
681655
683663
682526
681469
681627
681715
682143
682712
681671
682659
681648
681925
682220
682759
682482
682969
681602
681567
683204
681951
681746
681194
682005
681786
681711
681956
682335
681686
681337
682444
682094
681773
682451
682292
681853
682225
682287
682242
682386
682022
682199
682547
681374
681943
683062
682637
681918
681734
681832
682620
682008
682892
682525
682145
682479
682379
681668
682368
681674
682872
682401
681868
682374
682435
681090
682033
682741
682464
682080
682047
681664
681302
682471
683007
682170
682218
681672
683284
682249
682789
681649
682032
682344
681880
681721
682075
682089
681920
681605
681953
681736
682424
681875
681790
681491
681984
682084
681970
681531
682671
681859
682766
682048
682522
682390
681988
682228
682354
681530
681486
683386
682105
682346
681631
682175
681931
682287
681803
681292
683304
682433
681693
681556
681602
681664
681610
681412
681738
682297
681727
682807
681513
681517
682585
682703
682688
682398
682030
682107
682753
681269
681722
682964
682334
682059
681941
682767
681899
682137
681912
682143
682244
681943
682281
682021
681981
682072
681892
681612
681431
682080
681795
682120
682619
681659
681877
682260
681898
682587
682009
682899
681661
682754
682098
681801
681856
681450
681413
681089
681861
682037
681677
682103
682562
682511
682034
681316
681587
681448
682366
682182
682949
682932
682589
681936
682445
682591
682020
681564
681548
682223
682033
682421
681991
682202
681974
682180
682347
682289
681554
681997
682017
682681
682730
681672
682478
682645
682492
682144
682089
681827
682639
682908
682573
682222
681608
681612
681670
682204
682089
681775
681645
682276
682202
682332
681093
682234
682802
682252
683064
682836
682329
681673
682125
682057
682367
682216
682354
682707
681947
682965
682131
681924
682313
682352
682181
682001
682230
683042
682162
681904
682547
682633
681648
682054
681871
682166
682299
681789
682786
681538
681785
682664
682333
682563
682488
682291
682374
682398
682541
681693
681969
682444
682080
681707
682124
681810
681482
682216
682687
682204
682274
682260
682026
682231
681899
682046
683019
682340
682255
682420
682391
682472
682394
682168
681844
682328
681508
681048
682326
681953
683055
681248
681445
681815
681551
682150
682279
682188
682546
682187
682200
681391
680902
682436
682351
681926
682345
681816
682012
682726
682943
681583
682353
682039
682877
682158
682494
682763
682286
682236
681871
682530
682036
681201
682092
681744
682414
682642
681847
682868
682519
681854
681549
682926
682168
682276
682048
682202
682597
682004
682183
681610
681485
681852
682108
681481
681731
681793
681987
682304
682314
682279
682073
681767
681916
681617
682037
681973
681690
682819
681960
681822
681849
681728
681984
681615
681975
681847
682208
682419
681676
681303
681230
681920
681564
681627
681482
682682
681001
681443
681704
681773
682027
682810
681770
681780
682040
682056
682797
681708
681228
681722
681061
681674
681427
681552
682534
682224
682006
681712
681195
682032
682523
682462
682572
681790
682205
682215
681725
681867
682430
682328
682053
682641
681785
681628
681779
682278
681867
682309
682117
682762
682232
681847
682009
682500
681784
682589
682075
681510
681303
683408
681291
681615
682526
682048
682735
682870
682891
682724
681889
682047
681189
681783
682519
681497
681806
682971
682122
682567
682776
682741
681956
681254
681752
683035
681811
682710
682406
681659
682177
681940
682725
681796
682244
681953
682708
682640
682354
682517
681980
682561
682274
682216
682157
681252
681795
682198
682367
681924
681635
682417
682694
682277
681994
682265
681621
681890
682711
682239
682897
681500
682479
682384
682196
681853
681669
682401
682460
682733
681888
681428
682395
681314
682321
682117
681552
682752
682225
681996
683199
682191
682403
682834
682353
682395
682101
682642
682183
682626
682592
682321
682240
682229
681660
682263
682564
682352
682606
681548
682748
682231
682149
682666
682089
682779
682701
682533
682046
682482
682117
682508
682184
682062
681653
682113
681586
682221
682171
682596
682650
682694
682611
681660
682334
683210
682367
682287
682086
681905
681591
682952
682169
681666
682228
681568
682742
682235
682180
682522
681692
682323
682091
682471
682393
682248
682061
681937
682198
682294
682659
681846
681785
681763
682907
682026
682244
681811
682490
681819
681738
682637
681259
682479
682077
681744
681769
682768
681744
683035
682835
682570
681708
682055
682420
682723
681979
681924
682253
682034
681680
682608
681966
681857
682604
681869
681446
682301
681454
681512
681903
682389
681910
681764
682409
682315
682126
682175
681738
682309
682280
681999
682246
681761
682286
681281
682033
681942
682844
681870
682536
681568
681405
682011
682178
681433
681723
682358
682150
681430
682878
681265
682161
681680
682231
682611
683090
681557
681168
682095
681860
681714
682045
681766
682241
682170
681168
681487
682188
681861
681796
681879
681837
683049
681826
681872
681236
682205
681666
681732
681906
682695
682283
682601
682141
681824
682120
681475
682261
682108
682271
682320
682298
682274
681464
683117
682341
682595
682064
682116
682379
681862
682925
682450
683147
682686
682639
681786
681047
683058
681627
682536
683316
682771
681913
682054
682647
682670
681806
681505
682429
682383
682635
682002
682287
682176
681254
681958
681254
682705
682213
682186
681925
681678
681994
681123
681767
682457
682163
682417
681396
683076
682076
682509
681828
682197
681935
682093
682097
682644
682418
680933
681655
681838
682176
682133
682360
682287
681829
682400
681693
681868
682075
682106
681018
682591
681802
682013
682083
682588
682175
682313
681634
681680
681970
681463
681698
682393
681741
681915
681537
682456
681635
681916
682012
681422
682478
681899
681740
682625
682176
682005
681996
681569
682983
682417
682655
682089
681040
682820
682056
683083
682134
682510
682721
681780
681911
682273
682107
680975
682491
682733
682705
682491
681634
682186
681723
682753
682131
681714
681720
682037
683140
682386
682422
681897
681824
681690
681091
681995
682047
682027
681704
682510
682091
682185
682084
682572
682780
681949
682481
681867
681971
681654
681988
682249
681606
681601
681853
681692
682440
682362
682849
682447
681832
682322
682198
682624
681956
681862
682197
682008
682494
681556
682343
681419
681804
682484
681672
682616
681992
681657
681875
681988
681643
681547
681026
682166
682522
681949
681451
682247
681152
681690
682309
681811
682140
682212
682459
682300
682079
682462
681453
682440
682538
681097
682234
681947
681634
681898
681938
682122
682510
681469
682106
681531
682755
682455
682409
682759
682353
681412
682890
682157
681842
682622
682490
681880
682584
682870
681870
681713
682376
682234
682296
682730
682096
682384
682334
682332
682390
682002
681315
682490
