916654
917162
916798
916943
916766
917019
917021
916903
916375
916906
916904
916994
916595
916844
916904
917224
917119
916466
916489
916644
916661
916972
916588
917333
917301
916724
916954
916483
917079
916729
916747
916892
917048
916897
917362
917015
916384
916951
916775
917283
916613
917007
916773
916875
916486
916503
916834
916461
917351
917201
916611
916727
917096
916935
917101
916911
916601
916796
917118
916930
916681
916523
916738
917188
917075
916752
916569
916961
916821
916647
916402
916637
916830
916627
917325
916727
916773
916755
916710
917242
916663
916621
916644
916571
916911
916462
916728
916688
917217
917039
916490
917076
916278
916834
916871
916870
917170
916711
916864
916681
917048
916608
916877
917480
916703
917448
916871
916638
916832
916979
916948
916885
916732
916855
917148
916740
917247
916627
917292
916850
917326
917179
916555
916617
916581
917119
917270
916922
917196
916879
917447
917113
917020
916688
917180
917114
916670
917219
917016
917021
917801
916661
917173
917360
917024
916830
916916
916961
917320
917045
917060
916939
917018
916860
917221
916567
916508
916587
917173
916732
917137
916889
917047
917326
917190
916684
917092
916891
916774
916296
916926
916984
916929
916921
916893
916908
916589
916934
917085
917269
916869
916984
916576
916611
917242
917137
917282
916865
916888
917128
917356
916922
917135
916552
917078
916810
916660
917199
916882
916810
917332
916830
917039
917101
916564
916758
916881
916794
917006
916713
917128
916807
916907
917302
917040
916840
916741
917064
916732
917170
916878
916805
916457
916609
916828
917296
916834
916429
916964
916515
916556
916806
916823
916684
916810
916435
916914
916286
916518
917147
916806
917137
917143
916821
917411
916998
917210
916440
917073
916744
916391
916749
916962
916752
917054
917324
916246
917179
916927
917128
916875
917139
917057
916849
916976
916843
916997
917297
916604
916880
916953
916425
916588
916819
916622
916646
916527
917780
916957
916707
916724
917111
917342
917435
917240
916988
916435
916751
916967
916883
917200
916346
916936
916891
917602
917258
916936
916667
916591
917122
916900
916867
916795
916925
916281
916920
917029
916192
916398
917101
916621
916451
917144
916850
917106
917443
916860
917014
917262
917166
917096
917849
916762
917262
916949
917049
916810
916746
917317
916917
916804
916675
916628
916807
916594
917085
916703
917360
917140
916813
916766
916639
916711
916820
916774
916953
916778
917019
916977
917557
916917
916968
917422
916431
916651
917089
917143
916899
916767
916902
916945
916906
916765
916881
916871
916880
917019
917282
917028
917114
916568
917310
916642
916923
916626
917198
917025
916724
916808
916593
916508
917232
916681
917311
917080
917189
916661
917038
916964
916563
916382
917187
916609
916570
916711
916821
916823
916458
916456
916549
916754
916938
916817
917561
916865
916653
917357
916940
917365
916787
917058
917334
916920
915648
917291
916439
917181
917091
917077
916861
917052
916860
917180
917003
916515
917055
916470
916735
916861
916561
917007
916849
916704
916830
916751
917234
916792
916800
917592
916864
916876
916767
916945
917151
917158
916939
916844
917389
917010
916633
916861
917260
916826
916577
917533
916526
917153
916678
916956
916780
917468
916740
917235
916625
917312
917009
917141
916832
916896
916746
916800
917056
916949
917057
917207
916535
916996
917393
916713
916726
917049
917228
917158
916854
917007
917003
916825
917271
916734
916965
916931
916960
916679
916855
916828
916719
917093
916874
916884
916703
916518
917281
917315
917073
916822
917025
916758
917056
916541
916805
917213
917305
916598
917271
916893
917347
916472
917027
916799
916826
916669
916865
916743
916691
916881
916839
917096
917274
916978
917039
917293
916796
916493
916603
917336
917224
916837
916540
916468
917123
917103
916877
916753
916317
916924
917087
917224
916880
916791
917205
916582
917061
916694
916552
917080
916977
917602
916812
917024
916782
916198
916412
916796
917197
916723
917297
917001
916730
916407
917017
917240
917110
917125
916973
917230
917187
916694
917218
917011
917235
916982
916773
916714
916875
916922
916655
917247
917374
917712
917209
916956
916834
917320
917085
917355
916906
916627
917429
916895
917094
917016
917093
917028
916905
917012
917507
917020
917311
917076
917047
916976
917176
916884
916735
916836
917091
916770
916610
916791
916912
916655
917125
916727
917027
916732
916868
917151
916859
916593
917176
916822
916765
916293
916525
916891
916966
917116
916984
916927
917030
916881
916582
916983
917243
916692
916930
917012
916195
917293
916644
916915
917338
916943
916471
916857
916554
916963
916718
917044
917305
917253
916596
917263
916943
916757
917005
916664
916887
917187
916579
916822
916862
916564
916632
916369
916694
917463
916989
917269
916611
916916
916800
917195
917226
917597
916858
916936
917025
917176
916996
916747
917192
917003
917119
916812
917280
917218
916732
916765
916846
917212
917609
916810
916955
916513
917212
916800
917076
916872
917121
917486
917284
916874
916861
916724
917469
917237
917283
916846
917116
917205
916420
916870
916734
916894
917045
917268
916540
916831
917348
916740
916491
916922
916678
917024
916862
917112
916913
916829
916903
917247
916782
916467
916846
916869
917170
916765
916755
916795
917355
917227
917248
917258
916617
916791
916870
916800
917061
916469
916740
916849
917334
917746
916889
917049
916898
917602
916896
917048
917163
917082
916420
917120
916951
917078
916762
916524
917403
916947
917105
917257
917142
917082
917283
917038
917189
916806
917171
916801
917160
917086
916851
917095
916972
916404
916390
917432
916968
916941
916857
916671
916578
917239
917485
916627
916832
917568
917125
917012
916661
917218
916447
917311
917368
916804
917352
916403
916827
917139
916983
917256
917046
917038
917160
917036
917004
917318
917544
917056
917120
916414
916708
917386
917043
916703
916766
916725
916436
917311
916609
916489
916807
916853
917763
917080
916873
916939
916839
916365
917296
916830
917343
916569
916783
916897
916797
916818
916900
917078
916964
916874
917328
916824
917240
917330
916777
916929
917147
916997
917175
917050
916333
917198
916686
916652
917160
916945
917453
917409
916810
917115
916985
917134
917155
916802
916913
916953
916908
916598
916650
917003
916811
916699
916938
917372
917334
916560
917112
916889
917201
917242
917049
917024
916422
917270
917056
917452
916799
917282
916573
916894
917195
916405
916681
917143
916506
917175
917281
916963
916716
917230
916938
917033
916864
916993
916984
916558
917189
917305
917206
916793
916434
917160
917010
916941
917160
917215
917148
916985
917050
916882
916943
916478
917125
916658
917184
916814
917283
916847
916847
917420
916962
916733
917304
916568
917015
917154
917274
917098
916982
917457
916988
917338
916528
917004
916859
916996
917033
917119
916791
916936
917035
917291
917100
917005
916415
917101
916739
916497
917389
916915
917199
917165
916715
916943
917075
916852
916680
916901
916813
917305
916693
916923
916316
916739
916700
916306
917000
916409
916605
