850050
850585
850574
849541
849995
849629
850473
849951
849998
849408
849933
849763
850154
849784
849300
850218
850521
849788
850347
849107
849813
849780
850318
850059
849956
850342
850001
849962
850537
849694
849610
849808
849267
849624
849694
849925
849822
849091
849729
849918
849351
849598
850100
849766
849891
849936
849350
849782
849616
849909
849431
850249
849634
850068
849620
850069
850342
850004
850332
849906
849749
850190
849974
849895
850363
850149
849756
850030
849313
850300
849680
849822
849062
849712
849414
850011
850733
850041
850165
849216
849790
849921
850353
850060
849876
849803
849657
849628
850487
849861
849708
849842
849901
849747
849947
849707
850114
850846
850071
850074
849854
849573
849753
849441
850096
850085
850359
849435
850870
850174
849689
850286
850617
850202
849709
850544
849859
850450
849722
850603
850284
850149
850031
850106
850221
850003
850765
849775
850090
850007
850358
850178
849738
849991
850740
850843
849994
850253
849566
850041
850673
850621
850353
850027
850601
849824
850145
850679
850105
850001
850289
850358
849685
849806
849581
850173
849803
849692
850124
849969
850604
849322
849657
849764
849634
850292
850183
849474
849851
850381
850130
849685
849827
849301
849663
849208
849919
849740
849810
849954
850463
850038
850326
849834
850199
850016
850859
850025
849327
849602
850009
850244
850393
850075
849882
850459
850224
850511
849952
850172
850178
849755
850101
850450
849793
850345
850306
850533
849593
850249
850066
850185
849660
849909
850535
849676
850035
849633
848866
850212
849974
849852
850991
850174
850278
850220
849902
849985
849725
850680
849920
849570
850060
849909
849185
849293
849314
849685
849701
849914
850024
849903
849268
849584
850010
849653
849695
850072
850220
850132
850042
849582
849182
849956
850060
850148
849780
849207
850135
850042
849939
849975
849195
849373
849470
850468
849290
849869
849933
850271
849682
850116
850136
850026
850436
850439
849906
849956
849630
849770
850247
849798
849348
849725
850272
850374
850089
849559
849527
850907
850329
850123
850099
849926
849763
850210
850237
849547
849929
850072
849721
849526
850043
849596
850275
849912
850366
850562
850012
850066
849766
849991
849673
850300
849762
850300
850124
849523
849997
850196
850328
850107
850296
850824
850184
849885
849265
849494
850480
850356
850150
849983
850041
848909
849667
850117
849582
849500
849615
849599
849314
850422
850021
850034
850065
850836
849987
850404
850095
850231
850416
850356
850547
849945
850460
850375
850197
849911
850073
850130
850385
850354
850300
850049
849793
850069
850513
849645
850664
850428
850357
850167
850034
850138
849711
849437
850499
849644
850473
849420
849665
849959
850062
849270
850149
850478
849774
850182
850046
850111
849880
849522
849308
849388
848837
849899
849921
849935
849996
850155
850385
849821
849563
849871
849780
850091
850342
850427
849355
850226
849836
850218
850391
849982
849435
850033
850305
849885
850305
849934
850960
850298
850374
849885
850254
850971
850295
849452
849453
849495
849613
850445
850616
850236
850195
849874
850925
850508
849978
850222
849818
850211
849750
849773
849984
849810
849920
849605
849841
849867
850044
849975
849529
850430
850431
849592
850225
849886
850055
849769
849909
849856
850067
850566
850055
850082
849922
850346
850220
849594
850487
849755
849686
850029
850052
850094
850390
850132
850130
850630
849976
849949
850001
850452
850086
850728
850245
849210
850836
849760
850164
850213
849814
850651
850189
849830
849431
850725
849675
850594
850769
850587
850047
850447
850203
850296
849698
849161
850210
850070
850125
849474
850397
850028
850665
850366
850412
850264
850247
850037
849601
850132
850100
849634
849990
850349
851117
850558
849583
850225
850318
850130
850223
849853
849818
850873
850141
849607
849777
850583
849637
849627
850136
850071
849435
849614
850669
850103
850195
850635
850313
850679
850139
850163
850402
850370
850458
850155
849768
850245
849732
850736
849034
850286
850149
849827
849877
850718
849860
850364
849113
849825
849863
849861
850158
849585
850271
850352
849614
850012
849298
849236
850124
850204
849930
850037
849420
849933
850324
849822
849766
849909
849880
850212
850337
849781
849621
850209
850209
850344
850348
849721
849894
850006
849107
849722
849652
850134
849877
849703
849965
850638
850494
850167
850106
850320
849519
849716
850294
850182
849875
850050
850453
849902
850619
849827
850070
849397
850027
849708
849857
849696
849554
850032
850266
850028
849986
849766
849830
850466
850125
850095
849578
849787
850090
850560
850258
850725
850348
850496
849705
850107
850330
850692
849888
849619
850826
849977
850098
849852
850014
850004
850313
850121
849555
850086
849983
850555
850579
849794
850775
849529
850571
850165
849969
849853
850603
850241
850056
850244
850342
850779
849959
849424
850120
850418
849990
850074
850443
849818
849151
850050
849905
849703
850651
850435
850266
849777
849886
849595
849864
850319
850020
849424
850070
849504
850272
849751
850493
849901
849863
849633
850491
850402
850230
850453
849387
849884
849664
849478
849639
849876
850330
850243
850124
849679
850003
850017
849710
850377
850001
850270
850001
850374
851143
850222
850292
850502
850503
850024
849858
850052
850529
850053
850389
850270
850354
850279
850195
850726
849889
849974
849954
850085
849886
850544
849803
850080
849895
849927
849915
850635
850208
849689
850104
850087
849896
849559
850393
850311
850238
850139
850037
850233
850566
850589
849913
850234
850515
850345
850125
850725
850580
849510
850164
849974
850517
849900
850310
850413
850048
850332
850373
849762
850038
849936
850268
851168
849491
850659
850291
849783
850239
850556
849928
850314
850164
850002
850425
850297
850125
849886
849770
849614
850829
850682
850157
850576
850098
850183
849993
850033
850230
849874
850524
850348
850016
850054
850357
849970
850000
850398
849976
850219
850709
849888
849915
850517
850564
850061
850936
850023
849558
850003
850272
850501
850074
849581
850538
850040
850591
851006
849705
850007
850196
850538
849988
849645
850341
850484
850604
849993
850471
849975
850556
850243
849740
850686
849919
850247
850051
850155
850031
850441
850196
850066
850228
849891
850152
850516
850192
849779
849841
850157
851082
850370
849443
850228
849604
849951
850205
849958
850370
850412
850682
850613
850556
850081
850205
850024
850482
850068
849888
850289
849951
850109
849919
850368
850290
849986
850044
850231
849944
850062
850723
850119
849767
850063
850173
850122
850460
850312
850388
849959
849729
849969
850040
849655
850016
849837
849849
850213
850485
849777
849983
850693
850476
850549
849997
850229
849644
849998
850005
849961
850445
850130
850043
849312
849667
850392
850562
850228
850566
850843
850255
849844
850090
849945
850815
850410
850587
849801
849792
850335
849876
850169
850391
850124
850330
850072
849707
850761
850014
849912
850825
849791
849613
850490
850342
850156
849963
849464
850110
850580
850358
850151
850285
849960
849786
850059
849966
850295
850073
850177
850543
850618
850076
849922
849656
850423
